0.350 0.029700
0.355 0.029953
0.360 0.030300
0.365 0.030604
0.370 0.031000
0.375 0.031361
0.380 0.031600
0.385 0.032012
0.390 0.032400
0.395 0.032788
0.400 0.033200
0.405 0.033649
0.410 0.034100
0.415 0.034490
0.420 0.035000
0.425 0.035490
0.430 0.036100
0.435 0.036702
0.440 0.037400
0.445 0.037953
0.450 0.038600
0.455 0.039101
0.460 0.039600
0.465 0.040047
0.470 0.040400
0.475 0.040849
0.480 0.041300
0.485 0.041901
0.490 0.042600
0.495 0.043499
0.500 0.044400
0.505 0.045301
0.510 0.046200
0.515 0.047105
0.520 0.048200
0.525 0.049597
0.530 0.051400
0.535 0.053688
0.540 0.056600
0.545 0.060485
0.550 0.065500
0.555 0.071769
0.560 0.079600
0.565 0.088982
0.570 0.099400
0.575 0.110850
0.580 0.122500
0.585 0.134020
0.590 0.144500
0.595 0.153840
0.600 0.161500
0.605 0.167830
0.610 0.172700
0.615 0.176620
0.620 0.179700
0.625 0.182260
0.630 0.184500
0.635 0.186650
0.640 0.188700
0.645 0.190870
0.650 0.193100
0.655 0.195560
0.660 0.198200
0.665 0.201100
0.670 0.204100
0.675 0.207600
0.680 0.211200
0.685 0.215000
0.690 0.218900
0.695 0.223140
0.700 0.227600
0.705 0.232100
0.710 0.236600
0.715 0.241190
0.720 0.245500
0.725 0.249810
0.730 0.253600
0.735 0.257140
0.740 0.260200
0.745 0.262750
0.750 0.264800
0.755 0.266230
0.760 0.267100
0.765 0.267440
0.770 0.267400
0.775 0.266880
0.780 0.266200
0.785 0.264960
0.790 0.263500
0.795 0.261700
0.800 0.259900
0.805 0.257990
0.810 0.255940
0.815 0.253850
0.820 0.251800
0.825 0.249880
0.830 0.248100
0.835 0.246470
0.840 0.245000
0.845 0.243700
0.850 0.242620
0.855 0.241800
0.860 0.241300
0.865 0.241180
0.870 0.241410
0.875 0.241950
0.880 0.242800
0.885 0.243930
0.890 0.245290
0.895 0.246800
0.900 0.248400
0.905 0.250060
0.910 0.251840
0.915 0.253790
0.920 0.256000
0.925 0.258540
0.930 0.261400
0.935 0.264550
0.940 0.268000
0.945 0.271740
0.950 0.275770
0.955 0.280080
0.960 0.284700
0.965 0.289630
0.970 0.294810
0.975 0.300220
0.980 0.305800
0.985 0.311530
0.990 0.317380
0.995 0.323340
1.000 0.329400
1.005 0.335550
1.010 0.341740
1.015 0.347910
1.020 0.354000
1.025 0.359970
1.030 0.365830
1.035 0.371570
1.040 0.377200
1.045 0.382720
1.050 0.388130
1.055 0.393430
1.060 0.398600
1.065 0.403640
1.070 0.408570
1.075 0.413390
1.080 0.418100
1.085 0.422720
1.090 0.427240
1.095 0.431670
1.100 0.436000
1.105 0.440230
1.110 0.444360
1.115 0.448380
1.120 0.452300
1.125 0.456100
1.130 0.459770
1.135 0.463310
1.140 0.466700
1.145 0.469930
1.150 0.473020
1.155 0.476000
1.160 0.478900
1.165 0.481730
1.170 0.484450
1.175 0.487020
1.180 0.489400
1.185 0.491540
1.190 0.493480
1.195 0.495280
1.200 0.497000
1.205 0.498670
1.210 0.500270
1.215 0.501790
1.220 0.503200
1.225 0.504480
1.230 0.505660
1.235 0.506790
1.240 0.507900
1.245 0.509020
1.250 0.510110
1.255 0.511160
1.260 0.512100
1.265 0.512920
1.270 0.513630
1.275 0.514280
1.280 0.514900
1.285 0.515510
1.290 0.516100
1.295 0.516670
1.300 0.517200
1.305 0.517680
1.310 0.518120
1.315 0.518490
1.320 0.518800
1.325 0.519040
1.330 0.519220
1.335 0.519370
1.340 0.519500
1.345 0.519630
1.350 0.519780
1.355 0.519930
1.360 0.520100
1.365 0.520280
1.370 0.520380
1.375 0.520330
1.380 0.520000
1.385 0.519330
1.390 0.518400
1.395 0.517320
1.400 0.516200
1.405 0.515140
1.410 0.514280
1.415 0.513750
1.420 0.513700
1.425 0.514240
1.430 0.515180
1.435 0.516280
1.440 0.517300
1.445 0.518070
1.450 0.518620
1.455 0.519030
1.460 0.519400
1.465 0.519780
1.470 0.520160
1.475 0.520550
1.480 0.520900
1.485 0.521220
1.490 0.521510
1.495 0.521800
1.500 0.522100
1.505 0.522420
1.510 0.522740
1.515 0.523040
1.520 0.523300
1.525 0.523500
1.530 0.523660
1.535 0.523820
1.540 0.524000
1.545 0.524230
1.550 0.524510
1.555 0.524800
1.560 0.525100
1.565 0.525390
1.570 0.525660
1.575 0.525930
1.580 0.526200
1.585 0.526470
1.590 0.526750
1.595 0.527060
1.600 0.527400
1.605 0.527790
1.610 0.528220
1.615 0.528660
1.620 0.529100
1.625 0.529520
1.630 0.529920
1.635 0.530280
1.640 0.530600
1.645 0.530870
1.650 0.531130
1.655 0.531420
1.660 0.531800
1.665 0.532290
1.670 0.532830
1.675 0.533360
1.680 0.533800
1.685 0.534090
1.690 0.534250
1.695 0.534340
1.700 0.534400
1.705 0.534450
1.710 0.534480
1.715 0.534480
1.720 0.534400
1.725 0.534240
1.730 0.534020
1.735 0.533760
1.740 0.533500
1.745 0.533260
1.750 0.533050
1.755 0.532860
1.760 0.532700
1.765 0.532560
1.770 0.532450
1.775 0.532360
1.780 0.532300
1.785 0.532260
1.790 0.532230
1.795 0.532220
1.800 0.532200
1.805 0.532180
1.810 0.532170
1.815 0.532170
1.820 0.532200
1.825 0.532260
1.830 0.532330
1.835 0.532360
1.840 0.532300
1.845 0.532140
1.850 0.531970
1.855 0.531920
1.860 0.532100
1.865 0.532460
1.870 0.532110
1.875 0.529930
1.880 0.524700
1.885 0.515700
1.890 0.504540
1.895 0.493360
1.900 0.484300
1.905 0.479010
1.910 0.476950
1.915 0.477170
1.920 0.478800
1.925 0.481160
1.930 0.483970
1.935 0.487070
1.940 0.490300
1.945 0.493540
1.950 0.496710
1.955 0.499750
1.960 0.502600
1.965 0.505220
1.970 0.507710
1.975 0.510190
1.980 0.512800
1.985 0.515620
1.990 0.518570
1.995 0.521510
2.000 0.524300
2.005 0.526830
2.010 0.529080
2.015 0.531010
2.020 0.532600
2.025 0.533820
2.030 0.534720
2.035 0.535390
2.040 0.535900
2.045 0.536290
2.050 0.536590
2.055 0.536820
2.060 0.537000
2.065 0.537140
2.070 0.537280
2.075 0.537460
2.080 0.537700
2.085 0.538050
2.090 0.538500
2.095 0.539050
2.100 0.539700
2.105 0.540440
2.110 0.541210
2.115 0.541950
2.120 0.542600
2.125 0.543090
2.130 0.543390
2.135 0.543510
2.140 0.543400
2.145 0.543050
2.150 0.542540
2.155 0.541930
2.160 0.541300
2.165 0.540710
2.170 0.540180
2.175 0.539710
2.180 0.539300
2.185 0.538960
2.190 0.538640
2.195 0.538300
2.200 0.537900
2.205 0.537400
2.210 0.536870
2.215 0.536410
2.220 0.536100
2.225 0.536020
2.230 0.536120
2.235 0.536370
2.240 0.536700
2.245 0.537070
2.250 0.537410
2.255 0.537650
2.260 0.537720
2.265 0.537580
2.270 0.537340
2.275 0.537200
2.280 0.537320
2.285 0.537810
2.290 0.538530
2.295 0.539230
2.300 0.539690
2.305 0.539750
2.310 0.539550
2.315 0.539280
2.320 0.539130
2.325 0.539220
2.330 0.539410
2.335 0.539460
2.340 0.539150
2.345 0.538300
2.350 0.537090
2.355 0.535710
2.360 0.534400
2.365 0.533300
2.370 0.532300
2.375 0.531220
2.380 0.529880
2.385 0.528140
2.390 0.526060
2.395 0.523690
2.400 0.521110
2.405 0.518380
2.410 0.515580
2.415 0.512790
2.420 0.510090
2.425 0.507540
2.430 0.505090
2.435 0.502680
2.440 0.500240
2.445 0.497720
2.450 0.495140
2.455 0.492530
2.460 0.489930
2.465 0.487380
2.470 0.484910
2.475 0.482560
2.480 0.480370
2.485 0.478390
2.490 0.476600
2.495 0.475010
2.500 0.473600
