0.350 0.381600
0.355 0.394570
0.360 0.409300
0.365 0.426050
0.370 0.444900
0.375 0.465770
0.380 0.491500
0.385 0.514380
0.390 0.536200
0.395 0.555880
0.400 0.573400
0.405 0.588740
0.410 0.602200
0.415 0.614400
0.420 0.626200
0.425 0.637880
0.430 0.649900
0.435 0.661860
0.440 0.673100
0.445 0.682900
0.450 0.690700
0.455 0.697030
0.460 0.701900
0.465 0.706200
0.470 0.710400
0.475 0.714710
0.480 0.719400
0.485 0.724680
0.490 0.730400
0.495 0.736450
0.500 0.742600
0.505 0.748740
0.510 0.755000
0.515 0.760720
0.520 0.766200
0.525 0.771410
0.530 0.776100
0.535 0.780540
0.540 0.784700
0.545 0.788500
0.550 0.792100
0.555 0.795040
0.560 0.798100
0.565 0.800360
0.570 0.802400
0.575 0.804470
0.580 0.806100
0.585 0.807560
0.590 0.808800
0.595 0.809720
0.600 0.810900
0.605 0.811850
0.610 0.812700
0.615 0.813560
0.620 0.814300
0.625 0.815250
0.630 0.816100
0.635 0.817370
0.640 0.818300
0.645 0.819030
0.650 0.820300
0.655 0.821340
0.660 0.822500
0.665 0.823720
0.670 0.824800
0.675 0.826240
0.680 0.827000
0.685 0.827610
0.690 0.828500
0.695 0.829430
0.700 0.830500
0.705 0.831440
0.710 0.832500
0.715 0.833290
0.720 0.834000
0.725 0.834970
0.730 0.835600
0.735 0.836450
0.740 0.837000
0.745 0.837880
0.750 0.838300
0.755 0.838960
0.760 0.839600
0.765 0.840050
0.770 0.840700
0.775 0.841340
0.780 0.841900
0.785 0.842150
0.790 0.842900
0.795 0.843090
0.800 0.843400
0.805 0.843420
0.810 0.843780
0.815 0.844260
0.820 0.844700
0.825 0.844950
0.830 0.845090
0.835 0.845240
0.840 0.845500
0.845 0.845950
0.850 0.846430
0.855 0.846720
0.860 0.846600
0.865 0.845910
0.870 0.844830
0.875 0.843580
0.880 0.842400
0.885 0.841470
0.890 0.840750
0.895 0.840190
0.900 0.839700
0.905 0.839240
0.910 0.838780
0.915 0.838300
0.920 0.837800
0.925 0.837270
0.930 0.836810
0.935 0.836510
0.940 0.836500
0.945 0.836860
0.950 0.837470
0.955 0.838200
0.960 0.838900
0.965 0.839460
0.970 0.839920
0.975 0.840310
0.980 0.840700
0.985 0.841120
0.990 0.841580
0.995 0.842040
1.000 0.842500
1.005 0.842940
1.010 0.843360
1.015 0.843750
1.020 0.844100
1.025 0.844420
1.030 0.844720
1.035 0.845040
1.040 0.845400
1.045 0.845830
1.050 0.846320
1.055 0.846850
1.060 0.847400
1.065 0.847960
1.070 0.848530
1.075 0.849110
1.080 0.849700
1.085 0.850310
1.090 0.850930
1.095 0.851560
1.100 0.852200
1.105 0.852850
1.110 0.853480
1.115 0.854070
1.120 0.854600
1.125 0.855040
1.130 0.855410
1.135 0.855690
1.140 0.855900
1.145 0.856040
1.150 0.856130
1.155 0.856210
1.160 0.856300
1.165 0.856420
1.170 0.856570
1.175 0.856730
1.180 0.856900
1.185 0.857080
1.190 0.857330
1.195 0.857750
1.200 0.858400
1.205 0.859360
1.210 0.860550
1.215 0.861860
1.220 0.863200
1.225 0.864490
1.230 0.865700
1.235 0.866810
1.240 0.867800
1.245 0.868660
1.250 0.869400
1.255 0.870040
1.260 0.870600
1.265 0.871090
1.270 0.871530
1.275 0.871930
1.280 0.872300
1.285 0.872650
1.290 0.872960
1.295 0.873220
1.300 0.873400
1.305 0.873490
1.310 0.873480
1.315 0.873350
1.320 0.873100
1.325 0.872710
1.330 0.872210
1.335 0.871630
1.340 0.871000
1.345 0.870330
1.350 0.869600
1.355 0.868800
1.360 0.867900
1.365 0.866810
1.370 0.865210
1.375 0.862720
1.380 0.858900
1.385 0.853480
1.390 0.846920
1.395 0.839830
1.400 0.832800
1.405 0.826350
1.410 0.820690
1.415 0.816010
1.420 0.812500
1.425 0.810310
1.430 0.809090
1.435 0.808420
1.440 0.807900
1.445 0.807250
1.450 0.806630
1.455 0.806310
1.460 0.806600
1.465 0.807730
1.470 0.809660
1.475 0.812330
1.480 0.815700
1.485 0.819690
1.490 0.824020
1.495 0.828360
1.500 0.832400
1.505 0.835880
1.510 0.838860
1.515 0.841460
1.520 0.843800
1.525 0.845910
1.530 0.847570
1.535 0.848470
1.540 0.848300
1.545 0.846900
1.550 0.844980
1.555 0.843470
1.560 0.843300
1.565 0.845150
1.570 0.848500
1.575 0.852590
1.580 0.856700
1.585 0.860210
1.590 0.863020
1.595 0.865100
1.600 0.866400
1.605 0.866880
1.610 0.866610
1.615 0.865640
1.620 0.864000
1.625 0.861780
1.630 0.859300
1.635 0.856940
1.640 0.855100
1.645 0.854060
1.650 0.853630
1.655 0.853500
1.660 0.853400
1.665 0.853010
1.670 0.851900
1.675 0.849610
1.680 0.845600
1.685 0.839520
1.690 0.831870
1.695 0.823320
1.700 0.814500
1.705 0.805960
1.710 0.798000
1.715 0.790850
1.720 0.784800
1.725 0.780060
1.730 0.776430
1.735 0.773690
1.740 0.771600
1.745 0.770180
1.750 0.770220
1.755 0.772770
1.760 0.779000
1.765 0.789490
1.770 0.802190
1.775 0.814430
1.780 0.823500
1.785 0.827320
1.790 0.826480
1.795 0.822110
1.800 0.815200
1.805 0.806470
1.810 0.795870
1.815 0.783110
1.820 0.767800
1.825 0.749690
1.830 0.729390
1.835 0.707630
1.840 0.685100
1.845 0.662340
1.850 0.639400
1.855 0.616180
1.860 0.592600
1.865 0.569250
1.870 0.549570
1.875 0.537880
1.880 0.538800
1.885 0.555100
1.890 0.580740
1.895 0.607670
1.900 0.627900
1.905 0.635470
1.910 0.633090
1.915 0.625340
1.920 0.616600
1.925 0.610180
1.930 0.605430
1.935 0.600700
1.940 0.594400
1.945 0.585340
1.950 0.574290
1.955 0.562420
1.960 0.550900
1.965 0.540500
1.970 0.530510
1.975 0.519850
1.980 0.507400
1.985 0.493070
1.990 0.481040
1.995 0.476690
2.000 0.485700
2.005 0.511860
2.010 0.549880
2.015 0.592550
2.020 0.632800
2.025 0.665070
2.030 0.689760
2.035 0.708530
2.040 0.722800
2.045 0.733710
2.050 0.741830
2.055 0.747500
2.060 0.751000
2.065 0.752450
2.070 0.751820
2.075 0.748950
2.080 0.743600
2.085 0.735620
2.090 0.725520
2.095 0.713900
2.100 0.701300
2.105 0.688040
2.110 0.673600
2.115 0.657230
2.120 0.638100
2.125 0.615660
2.130 0.590840
2.135 0.564890
2.140 0.539000
2.145 0.514580
2.150 0.494000
2.155 0.480000
2.160 0.475600
2.165 0.482660
2.170 0.497380
2.175 0.514730
2.180 0.529800
2.185 0.538600
2.190 0.541000
2.195 0.537640
2.200 0.528900
2.205 0.515170
2.210 0.497420
2.215 0.476640
2.220 0.453700
2.225 0.429350
2.230 0.404140
2.235 0.378500
2.240 0.352900
2.245 0.327710
2.250 0.303130
2.255 0.279310
2.260 0.256430
2.265 0.234710
2.270 0.214390
2.275 0.195750
2.280 0.179150
2.285 0.164900
2.290 0.152910
2.295 0.143050
2.300 0.135280
2.305 0.129480
2.310 0.124880
2.315 0.120570
2.320 0.115690
2.325 0.109740
2.330 0.103870
2.335 0.099667
2.340 0.098767
2.345 0.102720
2.350 0.112390
2.355 0.128610
2.360 0.152510
2.365 0.184380
2.370 0.220320
2.375 0.255420
2.380 0.284760
2.385 0.304500
2.390 0.315570
2.395 0.319880
2.400 0.319070
2.405 0.314370
2.410 0.306210
2.415 0.294670
2.420 0.279740
2.425 0.261540
2.430 0.241280
2.435 0.220400
2.440 0.200330
2.445 0.182170
2.450 0.165830
2.455 0.150950
2.460 0.137250
2.465 0.124570
2.470 0.113160
2.475 0.103420
2.480 0.095806
2.485 0.090625
2.490 0.087313
2.495 0.085140
2.500 0.083423
