0.350 0.355000
0.355 0.361070
0.360 0.366400
0.365 0.371420
0.370 0.376000
0.375 0.380330
0.380 0.385400
0.385 0.389790
0.390 0.394300
0.395 0.398780
0.400 0.403500
0.405 0.407950
0.410 0.412500
0.415 0.417000
0.420 0.421600
0.425 0.425990
0.430 0.430500
0.435 0.434750
0.440 0.438900
0.445 0.443010
0.450 0.446900
0.455 0.450600
0.460 0.453900
0.465 0.456990
0.470 0.460200
0.475 0.463120
0.480 0.466100
0.485 0.469400
0.490 0.472400
0.495 0.474670
0.500 0.476500
0.505 0.478540
0.510 0.480900
0.515 0.483370
0.520 0.485600
0.525 0.487740
0.530 0.489900
0.535 0.492020
0.540 0.493900
0.545 0.495940
0.550 0.498000
0.555 0.499840
0.560 0.501900
0.565 0.503500
0.570 0.505200
0.575 0.506950
0.580 0.508600
0.585 0.510180
0.590 0.511700
0.595 0.513190
0.600 0.514800
0.605 0.516310
0.610 0.517600
0.615 0.518940
0.620 0.520300
0.625 0.521600
0.630 0.522900
0.635 0.524050
0.640 0.525200
0.645 0.526150
0.650 0.527400
0.655 0.528310
0.660 0.529400
0.665 0.530190
0.670 0.531100
0.675 0.532050
0.680 0.532700
0.685 0.533490
0.690 0.534100
0.695 0.534780
0.700 0.535400
0.705 0.535830
0.710 0.536400
0.715 0.536730
0.720 0.536900
0.725 0.537180
0.730 0.537200
0.735 0.537190
0.740 0.537100
0.745 0.536950
0.750 0.536500
0.755 0.535880
0.760 0.535400
0.765 0.534600
0.770 0.533700
0.775 0.532930
0.780 0.532000
0.785 0.530890
0.790 0.530000
0.795 0.529000
0.800 0.528000
0.805 0.527220
0.810 0.526790
0.815 0.526680
0.820 0.526900
0.825 0.527460
0.830 0.528380
0.835 0.529740
0.840 0.531600
0.845 0.534030
0.850 0.537030
0.855 0.540580
0.860 0.544700
0.865 0.549410
0.870 0.554630
0.875 0.560280
0.880 0.566300
0.885 0.572610
0.890 0.578990
0.895 0.585200
0.900 0.591000
0.905 0.596190
0.910 0.600920
0.915 0.605390
0.920 0.609800
0.925 0.614290
0.930 0.618850
0.935 0.623410
0.940 0.627900
0.945 0.632280
0.950 0.636570
0.955 0.640800
0.960 0.645000
0.965 0.649180
0.970 0.653300
0.975 0.657290
0.980 0.661100
0.985 0.664670
0.990 0.668050
0.995 0.671300
1.000 0.674500
1.005 0.677680
1.010 0.680820
1.015 0.683880
1.020 0.686800
1.025 0.689560
1.030 0.692200
1.035 0.694790
1.040 0.697400
1.045 0.700070
1.050 0.702740
1.055 0.705340
1.060 0.707800
1.065 0.710060
1.070 0.712160
1.075 0.714190
1.080 0.716200
1.085 0.718250
1.090 0.720330
1.095 0.722420
1.100 0.724500
1.105 0.726540
1.110 0.728530
1.115 0.730460
1.120 0.732300
1.125 0.734040
1.130 0.735690
1.135 0.737270
1.140 0.738800
1.145 0.740280
1.150 0.741750
1.155 0.743210
1.160 0.744700
1.165 0.746220
1.170 0.747740
1.175 0.749210
1.180 0.750600
1.185 0.751870
1.190 0.753050
1.195 0.754210
1.200 0.755400
1.205 0.756660
1.210 0.757950
1.215 0.759250
1.220 0.760500
1.225 0.761680
1.230 0.762800
1.235 0.763900
1.240 0.765000
1.245 0.766120
1.250 0.767250
1.255 0.768380
1.260 0.769500
1.265 0.770580
1.270 0.771630
1.275 0.772640
1.280 0.773600
1.285 0.774510
1.290 0.775380
1.295 0.776240
1.300 0.777100
1.305 0.777970
1.310 0.778860
1.315 0.779740
1.320 0.780600
1.325 0.781440
1.330 0.782260
1.335 0.783080
1.340 0.783900
1.345 0.784730
1.350 0.785570
1.355 0.786390
1.360 0.787200
1.365 0.787980
1.370 0.788720
1.375 0.789430
1.380 0.790100
1.385 0.790730
1.390 0.791330
1.395 0.791910
1.400 0.792500
1.405 0.793100
1.410 0.793740
1.415 0.794430
1.420 0.795200
1.425 0.796060
1.430 0.796980
1.435 0.797910
1.440 0.798800
1.445 0.799620
1.450 0.800370
1.455 0.801070
1.460 0.801700
1.465 0.802290
1.470 0.802860
1.475 0.803450
1.480 0.804100
1.485 0.804830
1.490 0.805610
1.495 0.806390
1.500 0.807100
1.505 0.807720
1.510 0.808270
1.515 0.808820
1.520 0.809400
1.525 0.810050
1.530 0.810750
1.535 0.811440
1.540 0.812100
1.545 0.812690
1.550 0.813230
1.555 0.813760
1.560 0.814300
1.565 0.814880
1.570 0.815510
1.575 0.816150
1.580 0.816800
1.585 0.817450
1.590 0.818110
1.595 0.818760
1.600 0.819400
1.605 0.820040
1.610 0.820670
1.615 0.821290
1.620 0.821900
1.625 0.822510
1.630 0.823150
1.635 0.823860
1.640 0.824700
1.645 0.825690
1.650 0.826720
1.655 0.827670
1.660 0.828400
1.665 0.828820
1.670 0.829030
1.675 0.829210
1.680 0.829500
1.685 0.830030
1.690 0.830730
1.695 0.831520
1.700 0.832300
1.705 0.833010
1.710 0.833640
1.715 0.834210
1.720 0.834700
1.725 0.835130
1.730 0.835480
1.735 0.835740
1.740 0.835900
1.745 0.835950
1.750 0.835940
1.755 0.835970
1.760 0.836100
1.765 0.836400
1.770 0.836830
1.775 0.837340
1.780 0.837900
1.785 0.838450
1.790 0.838960
1.795 0.839360
1.800 0.839600
1.805 0.839650
1.810 0.839580
1.815 0.839500
1.820 0.839500
1.825 0.839660
1.830 0.839940
1.835 0.840270
1.840 0.840600
1.845 0.840870
1.850 0.841130
1.855 0.841420
1.860 0.841800
1.865 0.842310
1.870 0.842890
1.875 0.843480
1.880 0.844000
1.885 0.844410
1.890 0.844720
1.895 0.844970
1.900 0.845200
1.905 0.845430
1.910 0.845650
1.915 0.845850
1.920 0.846000
1.925 0.846100
1.930 0.846180
1.935 0.846270
1.940 0.846400
1.945 0.846620
1.950 0.846950
1.955 0.847430
1.960 0.848100
1.965 0.848990
1.970 0.850050
1.975 0.851200
1.980 0.852400
1.985 0.853580
1.990 0.854750
1.995 0.855890
2.000 0.857000
2.005 0.858080
2.010 0.859060
2.015 0.859900
2.020 0.860500
2.025 0.860830
2.030 0.860960
2.035 0.861020
2.040 0.861100
2.045 0.861290
2.050 0.861580
2.055 0.861930
2.060 0.862300
2.065 0.862670
2.070 0.863050
2.075 0.863450
2.080 0.863900
2.085 0.864400
2.090 0.864990
2.095 0.865680
2.100 0.866500
2.105 0.867460
2.110 0.868500
2.115 0.869510
2.120 0.870400
2.125 0.871090
2.130 0.871550
2.135 0.871770
2.140 0.871700
2.145 0.871340
2.150 0.870800
2.155 0.870210
2.160 0.869700
2.165 0.869370
2.170 0.869210
2.175 0.869160
2.180 0.869200
2.185 0.869280
2.190 0.869380
2.195 0.869430
2.200 0.869400
2.205 0.869250
2.210 0.868980
2.215 0.868600
2.220 0.868100
2.225 0.867530
2.230 0.867130
2.235 0.867210
2.240 0.868100
2.245 0.869990
2.250 0.872430
2.255 0.874780
2.260 0.876450
2.265 0.876980
2.270 0.876650
2.275 0.875870
2.280 0.875080
2.285 0.874580
2.290 0.874410
2.295 0.874510
2.300 0.874870
2.305 0.875430
2.310 0.876090
2.315 0.876730
2.320 0.877240
2.325 0.877520
2.330 0.877650
2.335 0.877730
2.340 0.877850
2.345 0.878090
2.350 0.878400
2.355 0.878710
2.360 0.878950
2.365 0.879060
2.370 0.879090
2.375 0.879080
2.380 0.879100
2.385 0.879180
2.390 0.879310
2.395 0.879450
2.400 0.879560
2.405 0.879620
2.410 0.879630
2.415 0.879620
2.420 0.879610
2.425 0.879640
2.430 0.879810
2.435 0.880230
2.440 0.881050
2.445 0.882320
2.450 0.883750
2.455 0.884950
2.460 0.885530
2.465 0.885230
2.470 0.884340
2.475 0.883280
2.480 0.882460
2.485 0.882180
2.490 0.882350
2.495 0.882780
2.500 0.883280
