0.350 0.013305
0.355 0.014635
0.360 0.015966
0.365 0.017296
0.370 0.018627
0.375 0.019957
0.380 0.021288
0.385 0.022618
0.390 0.023949
0.395 0.025279
0.400 0.026610
0.405 0.027001
0.410 0.027968
0.415 0.029922
0.420 0.032997
0.425 0.037635
0.430 0.043191
0.435 0.049211
0.440 0.055128
0.445 0.060642
0.450 0.065708
0.455 0.069843
0.460 0.073250
0.465 0.075969
0.470 0.078347
0.475 0.080481
0.480 0.082571
0.485 0.084675
0.490 0.087151
0.495 0.090492
0.500 0.094835
0.505 0.100310
0.510 0.106860
0.515 0.114880
0.520 0.124400
0.525 0.133750
0.530 0.140400
0.535 0.142470
0.540 0.141930
0.545 0.143830
0.550 0.148630
0.555 0.153380
0.560 0.156180
0.565 0.156870
0.570 0.156400
0.575 0.155730
0.580 0.155260
0.585 0.154380
0.590 0.152640
0.595 0.149960
0.600 0.146490
0.605 0.142470
0.610 0.138820
0.615 0.136320
0.620 0.135380
0.625 0.135990
0.630 0.136950
0.635 0.136220
0.640 0.131480
0.645 0.123620
0.650 0.117020
0.655 0.112890
0.660 0.108380
0.665 0.102010
0.670 0.096810
0.675 0.095530
0.680 0.098783
0.685 0.108210
0.690 0.127350
0.695 0.155500
0.700 0.189350
0.705 0.228060
0.710 0.271330
0.715 0.315820
0.720 0.355830
0.725 0.389070
0.730 0.416510
0.735 0.439490
0.740 0.458620
0.745 0.474520
0.750 0.487490
0.755 0.498180
0.760 0.507110
0.765 0.514650
0.770 0.521140
0.775 0.526750
0.780 0.531750
0.785 0.536320
0.790 0.540630
0.795 0.544730
0.800 0.548610
0.805 0.552420
0.810 0.556090
0.815 0.559850
0.820 0.563640
0.825 0.567710
0.830 0.571880
0.835 0.576090
0.840 0.580350
0.845 0.584540
0.850 0.588500
0.855 0.592350
0.860 0.595840
0.865 0.599030
0.870 0.601940
0.875 0.604770
0.880 0.607590
0.885 0.610200
0.890 0.612530
0.895 0.614430
0.900 0.616280
0.905 0.617820
0.910 0.619180
0.915 0.620410
0.920 0.621690
0.925 0.623300
0.930 0.624940
0.935 0.626590
0.940 0.628390
0.945 0.629530
0.950 0.630700
0.955 0.632140
0.960 0.632570
0.965 0.632430
0.970 0.631300
0.975 0.629700
0.980 0.627630
0.985 0.626030
0.990 0.624900
0.995 0.624850
1.000 0.625870
1.005 0.629290
1.010 0.631400
1.015 0.632730
1.020 0.634480
1.025 0.636540
1.030 0.638540
1.035 0.640380
1.040 0.642340
1.045 0.644260
1.050 0.646220
1.055 0.647870
1.060 0.649780
1.065 0.651540
1.070 0.653020
1.075 0.654730
1.080 0.656170
1.085 0.657470
1.090 0.658520
1.095 0.659550
1.100 0.660510
1.105 0.660740
1.110 0.660680
1.115 0.659680
1.120 0.657610
1.125 0.654330
1.130 0.650220
1.135 0.645360
1.140 0.639870
1.145 0.634550
1.150 0.628770
1.155 0.622410
1.160 0.615380
1.165 0.608670
1.170 0.602360
1.175 0.596130
1.180 0.589380
1.185 0.582370
1.190 0.576330
1.195 0.571790
1.200 0.569000
1.205 0.568110
1.210 0.568950
1.215 0.571790
1.220 0.577340
1.225 0.584260
1.230 0.591300
1.235 0.597520
1.240 0.602690
1.245 0.607050
1.250 0.610750
1.255 0.613740
1.260 0.616170
1.265 0.618190
1.270 0.619910
1.275 0.621720
1.280 0.623570
1.285 0.625730
1.290 0.627660
1.295 0.629270
1.300 0.630330
1.305 0.630510
1.310 0.629840
1.315 0.628390
1.320 0.625680
1.325 0.621680
1.330 0.615930
1.335 0.608440
1.340 0.599460
1.345 0.589190
1.350 0.578080
1.355 0.566810
1.360 0.555970
1.365 0.545960
1.370 0.536780
1.375 0.528150
1.380 0.518670
1.385 0.507030
1.390 0.492720
1.395 0.475760
1.400 0.455790
1.405 0.432430
1.410 0.407220
1.415 0.382550
1.420 0.360500
1.425 0.342070
1.430 0.327440
1.435 0.316780
1.440 0.309690
1.445 0.305350
1.450 0.303070
1.455 0.302220
1.460 0.302250
1.465 0.302990
1.470 0.304330
1.475 0.306340
1.480 0.308950
1.485 0.311840
1.490 0.314820
1.495 0.317970
1.500 0.321340
1.505 0.324800
1.510 0.328020
1.515 0.331270
1.520 0.334320
1.525 0.336900
1.530 0.339130
1.535 0.341070
1.540 0.342690
1.545 0.344240
1.550 0.345730
1.555 0.347240
1.560 0.348680
1.565 0.349930
1.570 0.351280
1.575 0.352680
1.580 0.354310
1.585 0.356240
1.590 0.358660
1.595 0.361560
1.600 0.364760
1.605 0.368090
1.610 0.371430
1.615 0.374370
1.620 0.376760
1.625 0.378450
1.630 0.379350
1.635 0.380190
1.640 0.381180
1.645 0.381480
1.650 0.380000
1.655 0.376850
1.660 0.372970
1.665 0.369010
1.670 0.365600
1.675 0.362810
1.680 0.360340
1.685 0.357080
1.690 0.352680
1.695 0.347650
1.700 0.342000
1.705 0.336050
1.710 0.330840
1.715 0.326590
1.720 0.322880
1.725 0.320120
1.730 0.319910
1.735 0.322390
1.740 0.325180
1.745 0.326030
1.750 0.325650
1.755 0.325550
1.760 0.326710
1.765 0.328810
1.770 0.331790
1.775 0.334830
1.780 0.337240
1.785 0.338620
1.790 0.340140
1.795 0.341450
1.800 0.342560
1.805 0.343020
1.810 0.344500
1.815 0.345760
1.820 0.347010
1.825 0.348590
1.830 0.350410
1.835 0.352450
1.840 0.354460
1.845 0.356300
1.850 0.357570
1.855 0.358060
1.860 0.357350
1.865 0.355140
1.870 0.350840
1.875 0.343400
1.880 0.332260
1.885 0.316820
1.890 0.296890
1.895 0.273240
1.900 0.248230
1.905 0.225030
1.910 0.206440
1.915 0.193260
1.920 0.185060
1.925 0.180830
1.930 0.179830
1.935 0.181130
1.940 0.184170
1.945 0.188190
1.950 0.192810
1.955 0.197810
1.960 0.202750
1.965 0.207820
1.970 0.212680
1.975 0.217440
1.980 0.222090
1.985 0.226370
1.990 0.230190
1.995 0.233310
2.000 0.235690
2.005 0.237110
2.010 0.237330
2.015 0.236320
2.020 0.234010
2.025 0.230590
2.030 0.226230
2.035 0.221140
2.040 0.215750
2.045 0.210400
2.050 0.205270
2.055 0.200600
2.060 0.196630
2.065 0.193180
2.070 0.190250
2.075 0.187650
2.080 0.185430
2.085 0.183410
2.090 0.181520
2.095 0.180050
2.100 0.178620
2.105 0.177290
2.110 0.176170
2.115 0.175340
2.120 0.174550
2.125 0.173980
2.130 0.173750
2.135 0.173800
2.140 0.174320
2.145 0.175530
2.150 0.177160
2.155 0.179080
2.160 0.181340
2.165 0.184020
2.170 0.186940
2.175 0.189720
2.180 0.192380
2.185 0.195000
2.190 0.197720
2.195 0.200290
2.200 0.202780
2.205 0.205090
2.210 0.207150
2.215 0.208600
2.220 0.209110
2.225 0.208680
2.230 0.207000
2.235 0.203600
2.240 0.199110
2.245 0.193660
2.250 0.187410
2.255 0.180620
2.260 0.173700
2.265 0.167320
2.270 0.161920
2.275 0.158300
2.280 0.156390
2.285 0.154650
2.290 0.152110
2.295 0.148080
2.300 0.143550
2.305 0.139800
2.310 0.138280
2.315 0.140300
2.320 0.144230
2.325 0.146420
2.330 0.146170
2.335 0.144510
2.340 0.142200
2.345 0.139810
2.350 0.138640
2.355 0.139350
2.360 0.140990
2.365 0.141510
2.370 0.141300
2.375 0.140920
2.380 0.140550
2.385 0.140270
2.390 0.140470
2.395 0.140320
2.400 0.140170
2.405 0.139520
2.410 0.138580
2.415 0.136940
2.420 0.134950
2.425 0.132530
2.430 0.129940
2.435 0.127500
2.440 0.124500
2.445 0.121780
2.450 0.118920
2.455 0.115910
2.460 0.112520
2.465 0.109690
2.470 0.106870
2.475 0.104620
2.480 0.103810
2.485 0.101820
2.490 0.101150
2.495 0.100650
2.500 0.102210
