0.350 0.016980
0.355 0.018677
0.360 0.020375
0.365 0.022073
0.370 0.023771
0.375 0.025469
0.380 0.027167
0.385 0.028865
0.390 0.030563
0.395 0.032261
0.400 0.033959
0.405 0.032296
0.410 0.033022
0.415 0.033524
0.420 0.032253
0.425 0.032072
0.430 0.030960
0.435 0.031377
0.440 0.031022
0.445 0.030646
0.450 0.031538
0.455 0.032719
0.460 0.031913
0.465 0.032191
0.470 0.031122
0.475 0.031558
0.480 0.031310
0.485 0.031019
0.490 0.031600
0.495 0.031735
0.500 0.032421
0.505 0.034017
0.510 0.037270
0.515 0.042905
0.520 0.051287
0.525 0.062255
0.530 0.073123
0.535 0.080873
0.540 0.085604
0.545 0.088428
0.550 0.090398
0.555 0.091073
0.560 0.088309
0.565 0.082077
0.570 0.073873
0.575 0.065736
0.580 0.059564
0.585 0.055433
0.590 0.052456
0.595 0.050660
0.600 0.049288
0.605 0.048217
0.610 0.046138
0.615 0.043832
0.620 0.041800
0.625 0.040798
0.630 0.040341
0.635 0.039644
0.640 0.037632
0.645 0.035296
0.650 0.033781
0.655 0.033301
0.660 0.032672
0.665 0.032194
0.670 0.032276
0.675 0.033310
0.680 0.034997
0.685 0.037375
0.690 0.042589
0.695 0.060894
0.700 0.102690
0.705 0.167010
0.710 0.244670
0.715 0.332990
0.720 0.428180
0.725 0.524290
0.730 0.612860
0.735 0.687410
0.740 0.746130
0.745 0.789550
0.750 0.818960
0.755 0.838080
0.760 0.849800
0.765 0.856930
0.770 0.861310
0.775 0.864040
0.780 0.866110
0.785 0.868030
0.790 0.869320
0.795 0.870780
0.800 0.872050
0.805 0.873680
0.810 0.875060
0.815 0.876850
0.820 0.878070
0.825 0.879890
0.830 0.881120
0.835 0.882840
0.840 0.884520
0.845 0.886220
0.850 0.888140
0.855 0.889770
0.860 0.891030
0.865 0.892310
0.870 0.893300
0.875 0.894220
0.880 0.894950
0.885 0.895500
0.890 0.896350
0.895 0.896850
0.900 0.897330
0.905 0.897870
0.910 0.898150
0.915 0.898670
0.920 0.898640
0.925 0.898120
0.930 0.896760
0.935 0.894880
0.940 0.892820
0.945 0.889840
0.950 0.885660
0.955 0.879270
0.960 0.874460
0.965 0.871700
0.970 0.871160
0.975 0.871710
0.980 0.872880
0.985 0.874920
0.990 0.877380
0.995 0.880670
1.000 0.884140
1.005 0.875570
1.010 0.879290
1.015 0.882570
1.020 0.886230
1.025 0.887360
1.030 0.892070
1.035 0.895480
1.040 0.897600
1.045 0.899740
1.050 0.902210
1.055 0.904620
1.060 0.904700
1.065 0.906660
1.070 0.908580
1.075 0.909320
1.080 0.908670
1.085 0.910250
1.090 0.909200
1.095 0.908490
1.100 0.906100
1.105 0.905630
1.110 0.904260
1.115 0.901820
1.120 0.899870
1.125 0.896280
1.130 0.889910
1.135 0.879650
1.140 0.864330
1.145 0.850040
1.150 0.835250
1.155 0.825710
1.160 0.818630
1.165 0.814340
1.170 0.812620
1.175 0.811900
1.180 0.810670
1.185 0.810470
1.190 0.809730
1.195 0.809590
1.200 0.809570
1.205 0.811220
1.210 0.813600
1.215 0.816590
1.220 0.819790
1.225 0.822980
1.230 0.826040
1.235 0.828360
1.240 0.831240
1.245 0.833200
1.250 0.835510
1.255 0.837360
1.260 0.838340
1.265 0.838570
1.270 0.838110
1.275 0.837150
1.280 0.836010
1.285 0.833780
1.290 0.830510
1.295 0.826480
1.300 0.820870
1.305 0.813800
1.310 0.805420
1.315 0.795170
1.320 0.783290
1.325 0.769350
1.330 0.754000
1.335 0.738080
1.340 0.721320
1.345 0.706080
1.350 0.690490
1.355 0.675150
1.360 0.659130
1.365 0.640320
1.370 0.615960
1.375 0.583280
1.380 0.536440
1.385 0.480220
1.390 0.418210
1.395 0.357940
1.400 0.306390
1.405 0.265640
1.410 0.236610
1.415 0.217070
1.420 0.204270
1.425 0.196220
1.430 0.191590
1.435 0.189420
1.440 0.188870
1.445 0.189260
1.450 0.190670
1.455 0.193280
1.460 0.197060
1.465 0.202850
1.470 0.210930
1.475 0.220780
1.480 0.231720
1.485 0.243740
1.490 0.256320
1.495 0.269320
1.500 0.282230
1.505 0.295930
1.510 0.309580
1.515 0.322950
1.520 0.336560
1.525 0.350070
1.530 0.362750
1.535 0.375360
1.540 0.387290
1.545 0.399260
1.550 0.410810
1.555 0.421480
1.560 0.431770
1.565 0.441610
1.570 0.451010
1.575 0.460160
1.580 0.468990
1.585 0.477760
1.590 0.486180
1.595 0.493830
1.600 0.501320
1.605 0.508520
1.610 0.515130
1.615 0.522090
1.620 0.528160
1.625 0.533620
1.630 0.538450
1.635 0.542910
1.640 0.546860
1.645 0.549900
1.650 0.553090
1.655 0.553990
1.660 0.554740
1.665 0.554920
1.670 0.554240
1.675 0.552350
1.680 0.550280
1.685 0.547210
1.690 0.543420
1.695 0.539390
1.700 0.534050
1.705 0.528280
1.710 0.523190
1.715 0.517730
1.720 0.512200
1.725 0.507140
1.730 0.502540
1.735 0.497450
1.740 0.492270
1.745 0.485610
1.750 0.478100
1.755 0.470520
1.760 0.462760
1.765 0.455730
1.770 0.450190
1.775 0.445210
1.780 0.441630
1.785 0.438500
1.790 0.437180
1.795 0.436440
1.800 0.436390
1.805 0.439390
1.810 0.440200
1.815 0.440380
1.820 0.439400
1.825 0.437780
1.830 0.434340
1.835 0.428970
1.840 0.421060
1.845 0.409140
1.850 0.392050
1.855 0.368600
1.860 0.337760
1.865 0.298950
1.870 0.252650
1.875 0.203100
1.880 0.156130
1.885 0.114940
1.890 0.082679
1.895 0.060575
1.900 0.047519
1.905 0.040363
1.910 0.036700
1.915 0.034781
1.920 0.034016
1.925 0.033769
1.930 0.034111
1.935 0.035004
1.940 0.036109
1.945 0.037623
1.950 0.039642
1.955 0.041802
1.960 0.044409
1.965 0.047469
1.970 0.050858
1.975 0.054546
1.980 0.058578
1.985 0.063000
1.990 0.067777
1.995 0.072683
2.000 0.077876
2.005 0.083244
2.010 0.088702
2.015 0.094052
2.020 0.099434
2.025 0.104640
2.030 0.109780
2.035 0.114700
2.040 0.119410
2.045 0.124070
2.050 0.128650
2.055 0.133320
2.060 0.137980
2.065 0.143040
2.070 0.148090
2.075 0.153040
2.080 0.158050
2.085 0.163020
2.090 0.167930
2.095 0.172890
2.100 0.177680
2.105 0.182520
2.110 0.187140
2.115 0.191730
2.120 0.196210
2.125 0.200590
2.130 0.204710
2.135 0.208570
2.140 0.212230
2.145 0.215540
2.150 0.218930
2.155 0.222070
2.160 0.224770
2.165 0.227540
2.170 0.230250
2.175 0.232860
2.180 0.235470
2.185 0.238190
2.190 0.240630
2.195 0.243020
2.200 0.244940
2.205 0.246270
2.210 0.247180
2.215 0.247180
2.220 0.246600
2.225 0.244630
2.230 0.241960
2.235 0.237740
2.240 0.232710
2.245 0.227180
2.250 0.221760
2.255 0.216300
2.260 0.210400
2.265 0.205090
2.270 0.200060
2.275 0.195410
2.280 0.191140
2.285 0.186960
2.290 0.182510
2.295 0.177530
2.300 0.172280
2.305 0.167790
2.310 0.163280
2.315 0.160070
2.320 0.156980
2.325 0.152800
2.330 0.149020
2.335 0.144680
2.340 0.140370
2.345 0.136010
2.350 0.132450
2.355 0.128840
2.360 0.125460
2.365 0.121710
2.370 0.118070
2.375 0.114710
2.380 0.110990
2.385 0.106620
2.390 0.103080
2.395 0.099310
2.400 0.095634
2.405 0.091592
2.410 0.088299
2.415 0.084405
2.420 0.080562
2.425 0.076742
2.430 0.072883
2.435 0.069989
2.440 0.066435
2.445 0.063252
2.450 0.060279
2.455 0.056690
2.460 0.054382
2.465 0.052119
2.470 0.049904
2.475 0.046530
2.480 0.045937
2.485 0.044833
2.490 0.043947
2.495 0.041187
2.500 0.043577
