0.350 0.179050
0.355 0.196950
0.360 0.214860
0.365 0.232760
0.370 0.250670
0.375 0.268570
0.380 0.286470
0.385 0.304380
0.390 0.322280
0.395 0.340190
0.400 0.358090
0.405 0.362030
0.410 0.362260
0.415 0.363510
0.420 0.362560
0.425 0.365330
0.430 0.365450
0.435 0.367150
0.440 0.366410
0.445 0.364780
0.450 0.365020
0.455 0.366120
0.460 0.367890
0.465 0.367670
0.470 0.367900
0.475 0.369750
0.480 0.366500
0.485 0.367880
0.490 0.367950
0.495 0.366510
0.500 0.366380
0.505 0.367570
0.510 0.367320
0.515 0.368080
0.520 0.368140
0.525 0.362280
0.530 0.366810
0.535 0.368080
0.540 0.364110
0.545 0.363130
0.550 0.366680
0.555 0.364790
0.560 0.361660
0.565 0.362140
0.570 0.363420
0.575 0.360930
0.580 0.359950
0.585 0.358460
0.590 0.358640
0.595 0.359200
0.600 0.353560
0.605 0.351360
0.610 0.352850
0.615 0.356140
0.620 0.352910
0.625 0.353200
0.630 0.355240
0.635 0.354300
0.640 0.351960
0.645 0.353010
0.650 0.349930
0.655 0.349100
0.660 0.351720
0.665 0.352500
0.670 0.351390
0.675 0.350760
0.680 0.351310
0.685 0.351550
0.690 0.349480
0.695 0.349100
0.700 0.354000
0.705 0.354220
0.710 0.354010
0.715 0.352070
0.720 0.350640
0.725 0.352060
0.730 0.349110
0.735 0.351700
0.740 0.348870
0.745 0.352620
0.750 0.349370
0.755 0.349200
0.760 0.346560
0.765 0.347460
0.770 0.348000
0.775 0.348180
0.780 0.349040
0.785 0.347270
0.790 0.345020
0.795 0.346130
0.800 0.342760
0.805 0.342510
0.810 0.341690
0.815 0.341360
0.820 0.338080
0.825 0.337860
0.830 0.337780
0.835 0.336030
0.840 0.335680
0.845 0.334950
0.850 0.333500
0.855 0.334610
0.860 0.332630
0.865 0.331880
0.870 0.331580
0.875 0.330880
0.880 0.329640
0.885 0.329110
0.890 0.327940
0.895 0.325710
0.900 0.325640
0.905 0.325120
0.910 0.324900
0.915 0.324310
0.920 0.323620
0.925 0.322710
0.930 0.322160
0.935 0.321200
0.940 0.320120
0.945 0.320070
0.950 0.320230
0.955 0.320150
0.960 0.318770
0.965 0.318720
0.970 0.318530
0.975 0.317310
0.980 0.317590
0.985 0.315750
0.990 0.315110
0.995 0.315190
1.000 0.314870
1.005 0.314750
1.010 0.315990
1.015 0.315840
1.020 0.315450
1.025 0.313190
1.030 0.313900
1.035 0.310890
1.040 0.312120
1.045 0.313170
1.050 0.312470
1.055 0.312380
1.060 0.310400
1.065 0.311500
1.070 0.310030
1.075 0.310550
1.080 0.310070
1.085 0.311200
1.090 0.310330
1.095 0.309940
1.100 0.309940
1.105 0.309240
1.110 0.308240
1.115 0.307560
1.120 0.307260
1.125 0.308930
1.130 0.308680
1.135 0.309050
1.140 0.308040
1.145 0.309620
1.150 0.307330
1.155 0.306220
1.160 0.306980
1.165 0.306410
1.170 0.306000
1.175 0.307800
1.180 0.308710
1.185 0.308110
1.190 0.307460
1.195 0.307340
1.200 0.308000
1.205 0.307390
1.210 0.307010
1.215 0.306150
1.220 0.307800
1.225 0.306940
1.230 0.307590
1.235 0.307720
1.240 0.305940
1.245 0.306500
1.250 0.305290
1.255 0.303620
1.260 0.302760
1.265 0.304300
1.270 0.303000
1.275 0.302150
1.280 0.300950
1.285 0.300640
1.290 0.301820
1.295 0.300870
1.300 0.300620
1.305 0.300260
1.310 0.301070
1.315 0.301230
1.320 0.300890
1.325 0.300890
1.330 0.302510
1.335 0.303740
1.340 0.302160
1.345 0.302270
1.350 0.302770
1.355 0.302910
1.360 0.301950
1.365 0.302380
1.370 0.302120
1.375 0.301080
1.380 0.300510
1.385 0.301680
1.390 0.301380
1.395 0.300050
1.400 0.301990
1.405 0.298110
1.410 0.297580
1.415 0.298800
1.420 0.297890
1.425 0.298320
1.430 0.299090
1.435 0.299230
1.440 0.297910
1.445 0.296920
1.450 0.297270
1.455 0.296980
1.460 0.299040
1.465 0.298760
1.470 0.299950
1.475 0.298720
1.480 0.299500
1.485 0.299060
1.490 0.298860
1.495 0.298860
1.500 0.298280
1.505 0.297930
1.510 0.299570
1.515 0.298980
1.520 0.300200
1.525 0.300670
1.530 0.300820
1.535 0.299280
1.540 0.298670
1.545 0.297380
1.550 0.297910
1.555 0.299090
1.560 0.298610
1.565 0.299720
1.570 0.300210
1.575 0.298450
1.580 0.296970
1.585 0.298610
1.590 0.298720
1.595 0.298070
1.600 0.298490
1.605 0.297840
1.610 0.297940
1.615 0.297750
1.620 0.297990
1.625 0.297580
1.630 0.298220
1.635 0.297640
1.640 0.298500
1.645 0.297980
1.650 0.296990
1.655 0.295980
1.660 0.296220
1.665 0.297340
1.670 0.296500
1.675 0.296960
1.680 0.297370
1.685 0.296470
1.690 0.296820
1.695 0.296570
1.700 0.296870
1.705 0.295240
1.710 0.294630
1.715 0.295950
1.720 0.295850
1.725 0.295960
1.730 0.295270
1.735 0.294680
1.740 0.294280
1.745 0.292600
1.750 0.291820
1.755 0.292790
1.760 0.292420
1.765 0.292450
1.770 0.292950
1.775 0.293910
1.780 0.293630
1.785 0.294290
1.790 0.294090
1.795 0.293540
1.800 0.293370
1.805 0.293550
1.810 0.292390
1.815 0.292340
1.820 0.291850
1.825 0.291060
1.830 0.290500
1.835 0.290060
1.840 0.289030
1.845 0.288170
1.850 0.287990
1.855 0.286300
1.860 0.285670
1.865 0.284410
1.870 0.284360
1.875 0.286630
1.880 0.287890
1.885 0.289250
1.890 0.289210
1.895 0.288800
1.900 0.288420
1.905 0.287300
1.910 0.287010
1.915 0.285450
1.920 0.284880
1.925 0.288620
1.930 0.288180
1.935 0.288440
1.940 0.289260
1.945 0.288410
1.950 0.288000
1.955 0.287850
1.960 0.286940
1.965 0.284540
1.970 0.281840
1.975 0.280820
1.980 0.280070
1.985 0.280680
1.990 0.280400
1.995 0.281810
2.000 0.283090
2.005 0.283380
2.010 0.283820
2.015 0.284500
2.020 0.286480
2.025 0.287820
2.030 0.286900
2.035 0.286630
2.040 0.285340
2.045 0.284930
2.050 0.285700
2.055 0.285980
2.060 0.286100
2.065 0.285300
2.070 0.284980
2.075 0.284000
2.080 0.283660
2.085 0.282920
2.090 0.283400
2.095 0.282410
2.100 0.282250
2.105 0.281390
2.110 0.281060
2.115 0.280100
2.120 0.279570
2.125 0.279220
2.130 0.278610
2.135 0.278310
2.140 0.276910
2.145 0.275900
2.150 0.273910
2.155 0.273870
2.160 0.274700
2.165 0.274230
2.170 0.275100
2.175 0.275590
2.180 0.276260
2.185 0.276460
2.190 0.276490
2.195 0.276020
2.200 0.275370
2.205 0.274980
2.210 0.273780
2.215 0.272300
2.220 0.272010
2.225 0.270120
2.230 0.268620
2.235 0.266370
2.240 0.264530
2.245 0.262460
2.250 0.259590
2.255 0.256530
2.260 0.252940
2.265 0.249050
2.270 0.244880
2.275 0.239810
2.280 0.233530
2.285 0.228030
2.290 0.223660
2.295 0.218710
2.300 0.215670
2.305 0.213030
2.310 0.210700
2.315 0.207540
2.320 0.203570
2.325 0.198450
2.330 0.192320
2.335 0.188830
2.340 0.189000
2.345 0.193330
2.350 0.202750
2.355 0.215350
2.360 0.229280
2.365 0.240990
2.370 0.247630
2.375 0.253220
2.380 0.256950
2.385 0.258720
2.390 0.259720
2.395 0.259810
2.400 0.258500
2.405 0.258860
2.410 0.258940
2.415 0.257190
2.420 0.254960
2.425 0.251940
2.430 0.247900
2.435 0.243750
2.440 0.239950
2.445 0.234970
2.450 0.229500
2.455 0.223770
2.460 0.216500
2.465 0.208680
2.470 0.199890
2.475 0.191380
2.480 0.183900
2.485 0.177720
2.490 0.173440
2.495 0.170210
2.500 0.167480
