0.350 0.145900
0.355 0.160490
0.360 0.175080
0.365 0.189670
0.370 0.204260
0.375 0.218850
0.380 0.233440
0.385 0.248030
0.390 0.262620
0.395 0.277210
0.400 0.291800
0.405 0.296680
0.410 0.301560
0.415 0.306180
0.420 0.310700
0.425 0.315150
0.430 0.319440
0.435 0.323910
0.440 0.327880
0.445 0.331960
0.450 0.335320
0.455 0.338450
0.460 0.341040
0.465 0.343420
0.470 0.345350
0.475 0.347170
0.480 0.349050
0.485 0.351120
0.490 0.353320
0.495 0.355690
0.500 0.358190
0.505 0.360420
0.510 0.362550
0.515 0.364570
0.520 0.366580
0.525 0.368370
0.530 0.370360
0.535 0.372220
0.540 0.374190
0.545 0.376210
0.550 0.377820
0.555 0.379350
0.560 0.380910
0.565 0.382230
0.570 0.383690
0.575 0.385260
0.580 0.386380
0.585 0.387270
0.590 0.388280
0.595 0.389100
0.600 0.389320
0.605 0.390320
0.610 0.391130
0.615 0.391580
0.620 0.392440
0.625 0.392680
0.630 0.393370
0.635 0.393510
0.640 0.394130
0.645 0.394350
0.650 0.394770
0.655 0.395070
0.660 0.395400
0.665 0.395860
0.670 0.396790
0.675 0.397200
0.680 0.397490
0.685 0.397690
0.690 0.398290
0.695 0.398610
0.700 0.399570
0.705 0.399470
0.710 0.399550
0.715 0.399600
0.720 0.399610
0.725 0.400640
0.730 0.401150
0.735 0.401230
0.740 0.401080
0.745 0.401610
0.750 0.402050
0.755 0.402670
0.760 0.402640
0.765 0.402920
0.770 0.403070
0.775 0.403140
0.780 0.403400
0.785 0.403590
0.790 0.403200
0.795 0.404040
0.800 0.404560
0.805 0.404720
0.810 0.404720
0.815 0.404430
0.820 0.404960
0.825 0.404250
0.830 0.405140
0.835 0.406270
0.840 0.404730
0.845 0.405750
0.850 0.407000
0.855 0.402090
0.860 0.396630
0.865 0.397120
0.870 0.396860
0.875 0.397440
0.880 0.397900
0.885 0.397140
0.890 0.397370
0.895 0.397540
0.900 0.397500
0.905 0.397300
0.910 0.397170
0.915 0.396260
0.920 0.395010
0.925 0.395200
0.930 0.395520
0.935 0.396040
0.940 0.396120
0.945 0.396120
0.950 0.395680
0.955 0.395870
0.960 0.395640
0.965 0.395630
0.970 0.395550
0.975 0.395740
0.980 0.395880
0.985 0.396050
0.990 0.396490
0.995 0.396910
1.000 0.397290
1.005 0.397480
1.010 0.398090
1.015 0.398670
1.020 0.399170
1.025 0.399990
1.030 0.400760
1.035 0.401390
1.040 0.401000
1.045 0.401440
1.050 0.401650
1.055 0.402200
1.060 0.401970
1.065 0.402410
1.070 0.402470
1.075 0.402960
1.080 0.402400
1.085 0.402850
1.090 0.402830
1.095 0.403100
1.100 0.403090
1.105 0.403100
1.110 0.402940
1.115 0.402490
1.120 0.402530
1.125 0.402570
1.130 0.402290
1.135 0.402490
1.140 0.401950
1.145 0.401480
1.150 0.400370
1.155 0.400340
1.160 0.400250
1.165 0.400280
1.170 0.400420
1.175 0.400550
1.180 0.400560
1.185 0.400400
1.190 0.400750
1.195 0.400790
1.200 0.400620
1.205 0.400650
1.210 0.400740
1.215 0.401230
1.220 0.400400
1.225 0.400230
1.230 0.399790
1.235 0.399550
1.240 0.399780
1.245 0.399250
1.250 0.398840
1.255 0.398710
1.260 0.397640
1.265 0.396500
1.270 0.396290
1.275 0.396380
1.280 0.397910
1.285 0.398930
1.290 0.399050
1.295 0.399120
1.300 0.399430
1.305 0.398700
1.310 0.397960
1.315 0.397190
1.320 0.396470
1.325 0.395400
1.330 0.394100
1.335 0.393040
1.340 0.391610
1.345 0.389490
1.350 0.387300
1.355 0.385610
1.360 0.384570
1.365 0.385110
1.370 0.383070
1.375 0.378420
1.380 0.372330
1.385 0.366730
1.390 0.361180
1.395 0.356590
1.400 0.352100
1.405 0.347260
1.410 0.343650
1.415 0.340120
1.420 0.333650
1.425 0.325260
1.430 0.323980
1.435 0.328690
1.440 0.333680
1.445 0.335490
1.450 0.334500
1.455 0.332880
1.460 0.331460
1.465 0.329800
1.470 0.324790
1.475 0.316810
1.480 0.315890
1.485 0.326590
1.490 0.337100
1.495 0.342550
1.500 0.345270
1.505 0.348650
1.510 0.352190
1.515 0.354350
1.520 0.356300
1.525 0.358030
1.530 0.358720
1.535 0.360190
1.540 0.360940
1.545 0.362230
1.550 0.363400
1.555 0.363880
1.560 0.364290
1.565 0.364860
1.570 0.365480
1.575 0.366020
1.580 0.366070
1.585 0.366510
1.590 0.366870
1.595 0.367160
1.600 0.367640
1.605 0.367420
1.610 0.367860
1.615 0.367760
1.620 0.367900
1.625 0.368010
1.630 0.368170
1.635 0.368300
1.640 0.368240
1.645 0.368110
1.650 0.367760
1.655 0.367280
1.660 0.367260
1.665 0.367040
1.670 0.366210
1.675 0.365910
1.680 0.365740
1.685 0.365220
1.690 0.364510
1.695 0.363860
1.700 0.363150
1.705 0.362470
1.710 0.361550
1.715 0.360550
1.720 0.358900
1.725 0.356870
1.730 0.354200
1.735 0.351130
1.740 0.347970
1.745 0.344440
1.750 0.341050
1.755 0.337800
1.760 0.335300
1.765 0.333770
1.770 0.333830
1.775 0.335580
1.780 0.338080
1.785 0.340820
1.790 0.343620
1.795 0.346590
1.800 0.348760
1.805 0.349830
1.810 0.350510
1.815 0.350790
1.820 0.350840
1.825 0.350720
1.830 0.350390
1.835 0.349940
1.840 0.349210
1.845 0.347940
1.850 0.346600
1.855 0.344340
1.860 0.341440
1.865 0.336990
1.870 0.329850
1.875 0.320930
1.880 0.310770
1.885 0.299870
1.890 0.289660
1.895 0.279930
1.900 0.270520
1.905 0.262630
1.910 0.257820
1.915 0.255980
1.920 0.256220
1.925 0.257070
1.930 0.258820
1.935 0.260930
1.940 0.263050
1.945 0.264600
1.950 0.265520
1.955 0.267280
1.960 0.269220
1.965 0.270850
1.970 0.272230
1.975 0.274080
1.980 0.275980
1.985 0.277270
1.990 0.278530
1.995 0.279410
2.000 0.280020
2.005 0.280410
2.010 0.281240
2.015 0.282200
2.020 0.283430
2.025 0.284400
2.030 0.285070
2.035 0.285670
2.040 0.285870
2.045 0.285780
2.050 0.285540
2.055 0.285460
2.060 0.285140
2.065 0.284480
2.070 0.284960
2.075 0.285580
2.080 0.285340
2.085 0.284790
2.090 0.284100
2.095 0.283120
2.100 0.281630
2.105 0.279360
2.110 0.276700
2.115 0.273380
2.120 0.268740
2.125 0.263810
2.130 0.259380
2.135 0.255240
2.140 0.252510
2.145 0.247870
2.150 0.244200
2.155 0.240910
2.160 0.237870
2.165 0.236250
2.170 0.235350
2.175 0.235330
2.180 0.235210
2.185 0.236440
2.190 0.240300
2.195 0.243580
2.200 0.245230
2.205 0.245120
2.210 0.243870
2.215 0.246210
2.220 0.252420
2.225 0.260840
2.230 0.267810
2.235 0.271440
2.240 0.273700
2.245 0.275450
2.250 0.275030
2.255 0.274850
2.260 0.274760
2.265 0.274550
2.270 0.275450
2.275 0.273360
2.280 0.272390
2.285 0.271560
2.290 0.271070
2.295 0.268510
2.300 0.268220
2.305 0.261570
2.310 0.255340
2.315 0.249480
2.320 0.244450
2.325 0.245270
2.330 0.247790
2.335 0.251250
2.340 0.255190
2.345 0.258240
2.350 0.261570
2.355 0.260420
2.360 0.258770
2.365 0.257150
2.370 0.255880
2.375 0.250270
2.380 0.241790
2.385 0.233830
2.390 0.229130
2.395 0.219340
2.400 0.217540
2.405 0.217930
2.410 0.214320
2.415 0.209800
2.420 0.208450
2.425 0.201540
2.430 0.197490
2.435 0.193820
2.440 0.195410
2.445 0.193610
2.450 0.191920
2.455 0.193760
2.460 0.188660
2.465 0.186210
2.470 0.188160
2.475 0.183930
2.480 0.185200
2.485 0.184620
2.490 0.182060
2.495 0.180380
2.500 0.174380
