0.350 0.017288
0.355 0.019016
0.360 0.020745
0.365 0.022474
0.370 0.024203
0.375 0.025931
0.380 0.027660
0.385 0.029389
0.390 0.031118
0.395 0.032846
0.400 0.034575
0.405 0.030735
0.410 0.035027
0.415 0.034628
0.420 0.034372
0.425 0.034235
0.430 0.033990
0.435 0.034931
0.440 0.035312
0.445 0.034724
0.450 0.035893
0.455 0.035674
0.460 0.036640
0.465 0.036444
0.470 0.036742
0.475 0.037130
0.480 0.037171
0.485 0.036703
0.490 0.037898
0.495 0.037733
0.500 0.040027
0.505 0.042916
0.510 0.049215
0.515 0.059672
0.520 0.075813
0.525 0.094446
0.530 0.112250
0.535 0.125090
0.540 0.133170
0.545 0.138940
0.550 0.144350
0.555 0.147930
0.560 0.146110
0.565 0.139290
0.570 0.127820
0.575 0.115090
0.580 0.104610
0.585 0.097391
0.590 0.092258
0.595 0.089246
0.600 0.086998
0.605 0.084325
0.610 0.078904
0.615 0.072777
0.620 0.067871
0.625 0.064884
0.630 0.063738
0.635 0.062712
0.640 0.058510
0.645 0.052884
0.650 0.048039
0.655 0.045312
0.660 0.042486
0.665 0.040030
0.670 0.039009
0.675 0.039349
0.680 0.040575
0.685 0.043433
0.690 0.054263
0.695 0.090957
0.700 0.161220
0.705 0.250640
0.710 0.341380
0.715 0.429020
0.720 0.511300
0.725 0.585160
0.730 0.647430
0.735 0.696390
0.740 0.733180
0.745 0.759590
0.750 0.777540
0.755 0.789160
0.760 0.796410
0.765 0.801310
0.770 0.804290
0.775 0.806470
0.780 0.808180
0.785 0.809800
0.790 0.811300
0.795 0.812680
0.800 0.814190
0.805 0.815760
0.810 0.817230
0.815 0.818770
0.820 0.820340
0.825 0.822080
0.830 0.823720
0.835 0.825420
0.840 0.827160
0.845 0.828880
0.850 0.830500
0.855 0.832150
0.860 0.833280
0.865 0.834590
0.870 0.835720
0.875 0.836930
0.880 0.838040
0.885 0.838540
0.890 0.839600
0.895 0.840410
0.900 0.841260
0.905 0.841870
0.910 0.842490
0.915 0.843220
0.920 0.843760
0.925 0.844040
0.930 0.843780
0.935 0.843420
0.940 0.842830
0.945 0.841950
0.950 0.839840
0.955 0.837370
0.960 0.835030
0.965 0.833430
0.970 0.833600
0.975 0.834100
0.980 0.835200
0.985 0.836910
0.990 0.838340
0.995 0.840150
1.000 0.841990
1.005 0.838030
1.010 0.841160
1.015 0.844370
1.020 0.846130
1.025 0.847950
1.030 0.850730
1.035 0.851130
1.040 0.853030
1.045 0.854640
1.050 0.856570
1.055 0.858210
1.060 0.859060
1.065 0.860580
1.070 0.859980
1.075 0.861370
1.080 0.862290
1.085 0.861460
1.090 0.863980
1.095 0.863200
1.100 0.861920
1.105 0.861360
1.110 0.860760
1.115 0.859300
1.120 0.858700
1.125 0.857340
1.130 0.853950
1.135 0.849020
1.140 0.842740
1.145 0.835930
1.150 0.828370
1.155 0.823550
1.160 0.820230
1.165 0.817940
1.170 0.818270
1.175 0.818700
1.180 0.818990
1.185 0.819000
1.190 0.819340
1.195 0.819450
1.200 0.820860
1.205 0.821830
1.210 0.823590
1.215 0.825450
1.220 0.827070
1.225 0.828730
1.230 0.830080
1.235 0.831630
1.240 0.833370
1.245 0.834860
1.250 0.835980
1.255 0.836850
1.260 0.837840
1.265 0.838040
1.270 0.837900
1.275 0.837980
1.280 0.837570
1.285 0.836590
1.290 0.835300
1.295 0.832640
1.300 0.829490
1.305 0.824810
1.310 0.820040
1.315 0.814250
1.320 0.807420
1.325 0.799660
1.330 0.790430
1.335 0.781200
1.340 0.771040
1.345 0.761910
1.350 0.752400
1.355 0.743960
1.360 0.735080
1.365 0.722890
1.370 0.705850
1.375 0.682310
1.380 0.647970
1.385 0.603020
1.390 0.549830
1.395 0.493410
1.400 0.440970
1.405 0.396560
1.410 0.363410
1.415 0.340500
1.420 0.325730
1.425 0.317110
1.430 0.312660
1.435 0.311320
1.440 0.311410
1.445 0.312840
1.450 0.315400
1.455 0.318650
1.460 0.323610
1.465 0.331110
1.470 0.341150
1.475 0.353220
1.480 0.366200
1.485 0.380220
1.490 0.394060
1.495 0.407980
1.500 0.422420
1.505 0.436280
1.510 0.449670
1.515 0.463050
1.520 0.475580
1.525 0.487680
1.530 0.499660
1.535 0.510920
1.540 0.521590
1.545 0.532150
1.550 0.541640
1.555 0.550790
1.560 0.559340
1.565 0.567320
1.570 0.575140
1.575 0.582160
1.580 0.588830
1.585 0.595480
1.590 0.601420
1.595 0.607250
1.600 0.613070
1.605 0.618810
1.610 0.624020
1.615 0.628640
1.620 0.632480
1.625 0.636860
1.630 0.640100
1.635 0.643240
1.640 0.644880
1.645 0.646470
1.650 0.646550
1.655 0.646770
1.660 0.646740
1.665 0.648050
1.670 0.649020
1.675 0.648800
1.680 0.647830
1.685 0.644870
1.690 0.641330
1.695 0.637760
1.700 0.634500
1.705 0.631070
1.710 0.627830
1.715 0.625110
1.720 0.621690
1.725 0.617720
1.730 0.613340
1.735 0.609700
1.740 0.605450
1.745 0.600300
1.750 0.595140
1.755 0.588210
1.760 0.582480
1.765 0.576920
1.770 0.572090
1.775 0.567980
1.780 0.564400
1.785 0.561970
1.790 0.560830
1.795 0.559740
1.800 0.559960
1.805 0.567360
1.810 0.567390
1.815 0.567090
1.820 0.566420
1.825 0.565010
1.830 0.562540
1.835 0.558330
1.840 0.551410
1.845 0.540800
1.850 0.525780
1.855 0.504120
1.860 0.475080
1.865 0.436940
1.870 0.387930
1.875 0.331290
1.880 0.272130
1.885 0.214700
1.890 0.164620
1.895 0.125680
1.900 0.099883
1.905 0.083965
1.910 0.075304
1.915 0.071179
1.920 0.069693
1.925 0.070008
1.930 0.071582
1.935 0.074240
1.940 0.077917
1.945 0.082282
1.950 0.087352
1.955 0.092987
1.960 0.099325
1.965 0.106140
1.970 0.113450
1.975 0.121280
1.980 0.129570
1.985 0.138050
1.990 0.146900
1.995 0.155950
2.000 0.164970
2.005 0.173800
2.010 0.182540
2.015 0.191090
2.020 0.199230
2.025 0.206820
2.030 0.214150
2.035 0.220670
2.040 0.226750
2.045 0.232470
2.050 0.237860
2.055 0.243190
2.060 0.248520
2.065 0.253950
2.070 0.259300
2.075 0.264500
2.080 0.269320
2.085 0.273930
2.090 0.278320
2.095 0.282550
2.100 0.286590
2.105 0.290510
2.110 0.294260
2.115 0.297740
2.120 0.301070
2.125 0.304060
2.130 0.306950
2.135 0.309810
2.140 0.312850
2.145 0.315780
2.150 0.318930
2.155 0.321750
2.160 0.324520
2.165 0.327350
2.170 0.330150
2.175 0.333350
2.180 0.336400
2.185 0.339450
2.190 0.343010
2.195 0.346240
2.200 0.348980
2.205 0.351290
2.210 0.353500
2.215 0.355140
2.220 0.355790
2.225 0.355690
2.230 0.354580
2.235 0.352490
2.240 0.349310
2.245 0.345170
2.250 0.339870
2.255 0.334370
2.260 0.328360
2.265 0.321960
2.270 0.315930
2.275 0.310020
2.280 0.304580
2.285 0.299730
2.290 0.295310
2.295 0.290110
2.300 0.284620
2.305 0.278530
2.310 0.273620
2.315 0.269220
2.320 0.265420
2.325 0.261090
2.330 0.256570
2.335 0.251620
2.340 0.246800
2.345 0.242230
2.350 0.237880
2.355 0.233950
2.360 0.229630
2.365 0.225370
2.370 0.220680
2.375 0.215820
2.380 0.210280
2.385 0.204920
2.390 0.199160
2.395 0.193180
2.400 0.186430
2.405 0.180360
2.410 0.173910
2.415 0.168400
2.420 0.160790
2.425 0.154390
2.430 0.148230
2.435 0.141870
2.440 0.135420
2.445 0.129050
2.450 0.123550
2.455 0.118610
2.460 0.112350
2.465 0.108040
2.470 0.103980
2.475 0.099503
2.480 0.096087
2.485 0.094389
2.490 0.090419
2.495 0.087808
2.500 0.085742
