0.350 0.015553
0.355 0.017108
0.360 0.018663
0.365 0.020218
0.370 0.021774
0.375 0.023329
0.380 0.024884
0.385 0.026439
0.390 0.027995
0.395 0.029550
0.400 0.031105
0.405 0.029591
0.410 0.026627
0.415 0.027003
0.420 0.027918
0.425 0.027619
0.430 0.028621
0.435 0.027772
0.440 0.028946
0.445 0.028313
0.450 0.029417
0.455 0.028633
0.460 0.028975
0.465 0.029397
0.470 0.028455
0.475 0.029245
0.480 0.028688
0.485 0.029503
0.490 0.028395
0.495 0.028776
0.500 0.029453
0.505 0.030410
0.510 0.032239
0.515 0.035965
0.520 0.042188
0.525 0.051889
0.530 0.061299
0.535 0.068772
0.540 0.073349
0.545 0.075953
0.550 0.078120
0.555 0.078507
0.560 0.075624
0.565 0.069713
0.570 0.061844
0.575 0.054216
0.580 0.048726
0.585 0.045034
0.590 0.042546
0.595 0.041182
0.600 0.040118
0.605 0.039329
0.610 0.037482
0.615 0.035475
0.620 0.033837
0.625 0.033274
0.630 0.032855
0.635 0.032247
0.640 0.031230
0.645 0.029880
0.650 0.029133
0.655 0.028684
0.660 0.028402
0.665 0.028045
0.670 0.028278
0.675 0.029008
0.680 0.030210
0.685 0.032014
0.690 0.034849
0.695 0.045129
0.700 0.074765
0.705 0.129580
0.710 0.203330
0.715 0.292770
0.720 0.392340
0.725 0.494240
0.730 0.588700
0.735 0.667820
0.740 0.730170
0.745 0.775640
0.750 0.807020
0.755 0.827190
0.760 0.839890
0.765 0.847150
0.770 0.851480
0.775 0.854470
0.780 0.856510
0.785 0.858260
0.790 0.859500
0.795 0.860820
0.800 0.862250
0.805 0.863450
0.810 0.864960
0.815 0.866630
0.820 0.868150
0.825 0.869670
0.830 0.870850
0.835 0.872340
0.840 0.874310
0.845 0.876130
0.850 0.877580
0.855 0.879470
0.860 0.880870
0.865 0.881960
0.870 0.883140
0.875 0.883740
0.880 0.884360
0.885 0.885110
0.890 0.885590
0.895 0.885910
0.900 0.886230
0.905 0.886560
0.910 0.886710
0.915 0.886670
0.920 0.886300
0.925 0.885350
0.930 0.883520
0.935 0.880950
0.940 0.878060
0.945 0.874080
0.950 0.867820
0.955 0.859840
0.960 0.852770
0.965 0.849240
0.970 0.848530
0.975 0.848900
0.980 0.850000
0.985 0.852190
0.990 0.854950
0.995 0.858750
1.000 0.862460
1.005 0.858740
1.010 0.862450
1.015 0.865480
1.020 0.870370
1.025 0.873300
1.030 0.876110
1.035 0.881540
1.040 0.884400
1.045 0.887250
1.050 0.888290
1.055 0.890490
1.060 0.892830
1.065 0.894580
1.070 0.894100
1.075 0.895720
1.080 0.896170
1.085 0.895220
1.090 0.895620
1.095 0.895190
1.100 0.893020
1.105 0.890790
1.110 0.888580
1.115 0.886470
1.120 0.882030
1.125 0.877600
1.130 0.868380
1.135 0.856340
1.140 0.839120
1.145 0.819310
1.150 0.802030
1.155 0.789050
1.160 0.781770
1.165 0.777990
1.170 0.776650
1.175 0.776950
1.180 0.776290
1.185 0.775470
1.190 0.775620
1.195 0.775670
1.200 0.776120
1.205 0.778470
1.210 0.781120
1.215 0.784430
1.220 0.787730
1.225 0.791360
1.230 0.794300
1.235 0.798200
1.240 0.801370
1.245 0.803420
1.250 0.805370
1.255 0.806790
1.260 0.807360
1.265 0.807790
1.270 0.807040
1.275 0.805920
1.280 0.803610
1.285 0.800730
1.290 0.796760
1.295 0.790890
1.300 0.783400
1.305 0.774950
1.310 0.764920
1.315 0.751900
1.320 0.737040
1.325 0.720810
1.330 0.702600
1.335 0.684620
1.340 0.665560
1.345 0.648120
1.350 0.631140
1.355 0.615070
1.360 0.597840
1.365 0.576910
1.370 0.550550
1.375 0.514650
1.380 0.466820
1.385 0.409440
1.390 0.348680
1.395 0.291130
1.400 0.242090
1.405 0.205790
1.410 0.180440
1.415 0.163690
1.420 0.153600
1.425 0.147270
1.430 0.144090
1.435 0.142630
1.440 0.142750
1.445 0.143750
1.450 0.145290
1.455 0.147330
1.460 0.150590
1.465 0.155900
1.470 0.163120
1.475 0.171420
1.480 0.181110
1.485 0.191690
1.490 0.202380
1.495 0.214020
1.500 0.225930
1.505 0.237890
1.510 0.250140
1.515 0.262530
1.520 0.274850
1.525 0.286840
1.530 0.298400
1.535 0.310080
1.540 0.321310
1.545 0.331870
1.550 0.342510
1.555 0.352830
1.560 0.362400
1.565 0.371810
1.570 0.380750
1.575 0.389290
1.580 0.397550
1.585 0.405370
1.590 0.412620
1.595 0.420130
1.600 0.426870
1.605 0.433270
1.610 0.439400
1.615 0.444940
1.620 0.450140
1.625 0.454830
1.630 0.459080
1.635 0.463250
1.640 0.466030
1.645 0.467740
1.650 0.469140
1.655 0.470030
1.660 0.470260
1.665 0.471390
1.670 0.471580
1.675 0.471190
1.680 0.469210
1.685 0.465870
1.690 0.461780
1.695 0.458100
1.700 0.452850
1.705 0.448370
1.710 0.443540
1.715 0.438990
1.720 0.433820
1.725 0.428010
1.730 0.423010
1.735 0.418170
1.740 0.412560
1.745 0.405710
1.750 0.398600
1.755 0.391000
1.760 0.383700
1.765 0.377640
1.770 0.371980
1.775 0.367280
1.780 0.363560
1.785 0.360550
1.790 0.358710
1.795 0.357240
1.800 0.357020
1.805 0.359750
1.810 0.360110
1.815 0.359770
1.820 0.358730
1.825 0.356720
1.830 0.353520
1.835 0.348390
1.840 0.340480
1.845 0.329310
1.850 0.313460
1.855 0.292120
1.860 0.264350
1.865 0.230750
1.870 0.191630
1.875 0.150890
1.880 0.113350
1.885 0.081675
1.890 0.057733
1.895 0.041689
1.900 0.032578
1.905 0.027568
1.910 0.025149
1.915 0.024076
1.920 0.023507
1.925 0.023571
1.930 0.023884
1.935 0.024433
1.940 0.025364
1.945 0.026452
1.950 0.027708
1.955 0.029384
1.960 0.031194
1.965 0.033240
1.970 0.035587
1.975 0.038146
1.980 0.041020
1.985 0.044078
1.990 0.047459
1.995 0.050912
2.000 0.054725
2.005 0.058419
2.010 0.062331
2.015 0.066300
2.020 0.070131
2.025 0.073963
2.030 0.077617
2.035 0.081246
2.040 0.084763
2.045 0.088095
2.050 0.091343
2.055 0.094797
2.060 0.098401
2.065 0.101970
2.070 0.105740
2.075 0.109400
2.080 0.112940
2.085 0.116410
2.090 0.119770
2.095 0.123240
2.100 0.126340
2.105 0.129650
2.110 0.132600
2.115 0.135550
2.120 0.138190
2.125 0.140910
2.130 0.143360
2.135 0.145770
2.140 0.148060
2.145 0.150320
2.150 0.152380
2.155 0.154380
2.160 0.156240
2.165 0.158080
2.170 0.159720
2.175 0.161730
2.180 0.163570
2.185 0.165930
2.190 0.167980
2.195 0.169970
2.200 0.171480
2.205 0.173150
2.210 0.174330
2.215 0.174800
2.220 0.175150
2.225 0.174740
2.230 0.173700
2.235 0.171900
2.240 0.169180
2.245 0.166200
2.250 0.162540
2.255 0.158690
2.260 0.154250
2.265 0.150130
2.270 0.146030
2.275 0.142090
2.280 0.138590
2.285 0.134930
2.290 0.131470
2.295 0.127530
2.300 0.123670
2.305 0.119600
2.310 0.116190
2.315 0.113780
2.320 0.111220
2.325 0.108380
2.330 0.105420
2.335 0.102110
2.340 0.098700
2.345 0.095518
2.350 0.092538
2.355 0.089857
2.360 0.087471
2.365 0.084475
2.370 0.081909
2.375 0.078932
2.380 0.075977
2.385 0.072947
2.390 0.069848
2.395 0.067249
2.400 0.063749
2.405 0.061106
2.410 0.058369
2.415 0.055533
2.420 0.053277
2.425 0.050771
2.430 0.047671
2.435 0.044608
2.440 0.043469
2.445 0.040475
2.450 0.038180
2.455 0.036599
2.460 0.034596
2.465 0.033218
2.470 0.030998
2.475 0.030085
2.480 0.030492
2.485 0.028495
2.490 0.028436
2.495 0.027231
2.500 0.025060
