0.350 0.000546
0.355 0.000601
0.360 0.000655
0.365 0.000710
0.370 0.000764
0.375 0.000819
0.380 0.000874
0.385 0.000928
0.390 0.000983
0.395 0.001037
0.400 0.001092
0.405 0.001230
0.410 0.002962
0.415 0.004612
0.420 0.008294
0.425 0.010028
0.430 0.013362
0.435 0.019574
0.440 0.021199
0.445 0.022749
0.450 0.026979
0.455 0.027594
0.460 0.030012
0.465 0.031489
0.470 0.031592
0.475 0.034848
0.480 0.037424
0.485 0.038327
0.490 0.038360
0.495 0.042431
0.500 0.046615
0.505 0.050143
0.510 0.053007
0.515 0.058421
0.520 0.062297
0.525 0.059950
0.530 0.067655
0.535 0.069739
0.540 0.074060
0.545 0.072991
0.550 0.079865
0.555 0.079604
0.560 0.087858
0.565 0.089740
0.570 0.095517
0.575 0.093957
0.580 0.097093
0.585 0.101850
0.590 0.102500
0.595 0.102770
0.600 0.105030
0.605 0.109730
0.610 0.110100
0.615 0.112430
0.620 0.116170
0.625 0.119840
0.630 0.120790
0.635 0.122840
0.640 0.124950
0.645 0.128570
0.650 0.130760
0.655 0.132980
0.660 0.134530
0.665 0.142650
0.670 0.143680
0.675 0.144830
0.680 0.145710
0.685 0.150930
0.690 0.152570
0.695 0.155570
0.700 0.159370
0.705 0.160270
0.710 0.164810
0.715 0.166360
0.720 0.174480
0.725 0.170380
0.730 0.173970
0.735 0.178380
0.740 0.183540
0.745 0.182710
0.750 0.185830
0.755 0.186190
0.760 0.187630
0.765 0.192420
0.770 0.195260
0.775 0.197910
0.780 0.196720
0.785 0.202020
0.790 0.202830
0.795 0.204820
0.800 0.208380
0.805 0.210070
0.810 0.211670
0.815 0.213770
0.820 0.213070
0.825 0.215460
0.830 0.217150
0.835 0.217550
0.840 0.216790
0.845 0.220910
0.850 0.222360
0.855 0.222630
0.860 0.220320
0.865 0.222940
0.870 0.223430
0.875 0.223510
0.880 0.224440
0.885 0.225940
0.890 0.225100
0.895 0.224690
0.900 0.226220
0.905 0.226950
0.910 0.228490
0.915 0.229010
0.920 0.229970
0.925 0.232730
0.930 0.233690
0.935 0.234330
0.940 0.235440
0.945 0.236360
0.950 0.238160
0.955 0.239280
0.960 0.240920
0.965 0.243370
0.970 0.245340
0.975 0.246280
0.980 0.247000
0.985 0.247280
0.990 0.248890
0.995 0.251200
1.000 0.253430
1.005 0.253250
1.010 0.253840
1.015 0.254280
1.020 0.255610
1.025 0.255900
1.030 0.256900
1.035 0.260110
1.040 0.259610
1.045 0.261380
1.050 0.264080
1.055 0.265770
1.060 0.267400
1.065 0.264280
1.070 0.266110
1.075 0.269810
1.080 0.271920
1.085 0.271280
1.090 0.273660
1.095 0.274130
1.100 0.276230
1.105 0.278250
1.110 0.279670
1.115 0.281020
1.120 0.282770
1.125 0.286080
1.130 0.286900
1.135 0.286460
1.140 0.282230
1.145 0.284560
1.150 0.286430
1.155 0.287900
1.160 0.288930
1.165 0.290610
1.170 0.291330
1.175 0.293900
1.180 0.297680
1.185 0.298660
1.190 0.298420
1.195 0.298900
1.200 0.301830
1.205 0.301500
1.210 0.301650
1.215 0.304460
1.220 0.308130
1.225 0.306240
1.230 0.306320
1.235 0.307350
1.240 0.308910
1.245 0.310930
1.250 0.313420
1.255 0.314700
1.260 0.313610
1.265 0.314590
1.270 0.315250
1.275 0.315820
1.280 0.319660
1.285 0.322000
1.290 0.322270
1.295 0.324510
1.300 0.324370
1.305 0.323810
1.310 0.323880
1.315 0.324080
1.320 0.326570
1.325 0.329020
1.330 0.330010
1.335 0.331230
1.340 0.331820
1.345 0.333670
1.350 0.333580
1.355 0.333510
1.360 0.331170
1.365 0.330270
1.370 0.332180
1.375 0.333390
1.380 0.331040
1.385 0.328340
1.390 0.326990
1.395 0.324710
1.400 0.324410
1.405 0.328170
1.410 0.329640
1.415 0.331920
1.420 0.335520
1.425 0.334010
1.430 0.334990
1.435 0.336370
1.440 0.337660
1.445 0.337260
1.450 0.337480
1.455 0.336520
1.460 0.338200
1.465 0.340320
1.470 0.341150
1.475 0.342380
1.480 0.345990
1.485 0.347370
1.490 0.347660
1.495 0.347950
1.500 0.349940
1.505 0.353780
1.510 0.354910
1.515 0.354510
1.520 0.357920
1.525 0.357920
1.530 0.357450
1.535 0.357550
1.540 0.359610
1.545 0.360720
1.550 0.359790
1.555 0.361860
1.560 0.363080
1.565 0.361950
1.570 0.362680
1.575 0.363690
1.580 0.364730
1.585 0.366460
1.590 0.367300
1.595 0.368220
1.600 0.368840
1.605 0.369380
1.610 0.367980
1.615 0.368130
1.620 0.370130
1.625 0.371670
1.630 0.370990
1.635 0.370130
1.640 0.371410
1.645 0.370600
1.650 0.370370
1.655 0.370410
1.660 0.370160
1.665 0.370730
1.670 0.371550
1.675 0.371680
1.680 0.372800
1.685 0.372710
1.690 0.373230
1.695 0.373370
1.700 0.375910
1.705 0.374010
1.710 0.374910
1.715 0.376670
1.720 0.376840
1.725 0.378690
1.730 0.378770
1.735 0.379380
1.740 0.381810
1.745 0.379420
1.750 0.379000
1.755 0.378810
1.760 0.379300
1.765 0.380010
1.770 0.380100
1.775 0.379860
1.780 0.382800
1.785 0.380970
1.790 0.378790
1.795 0.380550
1.800 0.382010
1.805 0.380870
1.810 0.379450
1.815 0.378770
1.820 0.381410
1.825 0.383700
1.830 0.384950
1.835 0.386090
1.840 0.387180
1.845 0.388800
1.850 0.387000
1.855 0.384210
1.860 0.381230
1.865 0.379140
1.870 0.376370
1.875 0.373450
1.880 0.369180
1.885 0.356540
1.890 0.350940
1.895 0.343810
1.900 0.329950
1.905 0.323630
1.910 0.319830
1.915 0.318270
1.920 0.317660
1.925 0.320500
1.930 0.321510
1.935 0.323560
1.940 0.327260
1.945 0.329520
1.950 0.332180
1.955 0.333210
1.960 0.335530
1.965 0.337250
1.970 0.336960
1.975 0.337800
1.980 0.340610
1.985 0.345010
1.990 0.348280
1.995 0.351660
2.000 0.352400
2.005 0.355300
2.010 0.355650
2.015 0.356540
2.020 0.356120
2.025 0.356410
2.030 0.354930
2.035 0.355080
2.040 0.355990
2.045 0.361490
2.050 0.360360
2.055 0.360830
2.060 0.360850
2.065 0.363090
2.070 0.361440
2.075 0.359610
2.080 0.357520
2.085 0.355470
2.090 0.355410
2.095 0.356630
2.100 0.355070
2.105 0.354280
2.110 0.355370
2.115 0.355690
2.120 0.353240
2.125 0.354280
2.130 0.353390
2.135 0.353450
2.140 0.352600
2.145 0.352310
2.150 0.352390
2.155 0.349900
2.160 0.348300
2.165 0.347970
2.170 0.347210
2.175 0.345080
2.180 0.343680
2.185 0.340300
2.190 0.337210
2.195 0.334290
2.200 0.331920
2.205 0.332540
2.210 0.331380
2.215 0.337250
2.220 0.340750
2.225 0.343410
2.230 0.344170
2.235 0.342670
2.240 0.341180
2.245 0.337830
2.250 0.334790
2.255 0.333660
2.260 0.332370
2.265 0.331690
2.270 0.329220
2.275 0.329280
2.280 0.328340
2.285 0.327220
2.290 0.325190
2.295 0.323760
2.300 0.322710
2.305 0.319860
2.310 0.319580
2.315 0.319180
2.320 0.319120
2.325 0.316550
2.330 0.315230
2.335 0.314420
2.340 0.312870
2.345 0.310250
2.350 0.310360
2.355 0.310080
2.360 0.311010
2.365 0.310210
2.370 0.310390
2.375 0.309650
2.380 0.307730
2.385 0.307470
2.390 0.306970
2.395 0.306300
2.400 0.304880
2.405 0.303850
2.410 0.302400
2.415 0.300480
2.420 0.299100
2.425 0.297330
2.430 0.295070
2.435 0.292990
2.440 0.291260
2.445 0.289380
2.450 0.287950
2.455 0.287010
2.460 0.284720
2.465 0.283650
2.470 0.281880
2.475 0.280930
2.480 0.279550
2.485 0.278100
2.490 0.276420
2.495 0.276140
2.500 0.275620
