0.350 0.058830
0.355 0.064713
0.360 0.070596
0.365 0.076479
0.370 0.082362
0.375 0.088245
0.380 0.094128
0.385 0.100010
0.390 0.105890
0.395 0.111780
0.400 0.117660
0.405 0.122300
0.410 0.123380
0.415 0.127760
0.420 0.131890
0.425 0.134720
0.430 0.137320
0.435 0.137770
0.440 0.142100
0.445 0.142940
0.450 0.146270
0.455 0.152600
0.460 0.151870
0.465 0.153010
0.470 0.153900
0.475 0.158550
0.480 0.160540
0.485 0.161300
0.490 0.166660
0.495 0.167250
0.500 0.167920
0.505 0.171900
0.510 0.173570
0.515 0.175980
0.520 0.177230
0.525 0.178150
0.530 0.182030
0.535 0.186420
0.540 0.192740
0.545 0.194010
0.550 0.199610
0.555 0.203140
0.560 0.211880
0.565 0.217640
0.570 0.220790
0.575 0.226960
0.580 0.228010
0.585 0.234050
0.590 0.236400
0.595 0.239720
0.600 0.241800
0.605 0.244430
0.610 0.248230
0.615 0.251330
0.620 0.254170
0.625 0.257020
0.630 0.260830
0.635 0.261000
0.640 0.264310
0.645 0.264730
0.650 0.267260
0.655 0.273830
0.660 0.271820
0.665 0.278890
0.670 0.278950
0.675 0.282160
0.680 0.284790
0.685 0.287210
0.690 0.289040
0.695 0.291480
0.700 0.293410
0.705 0.297730
0.710 0.301830
0.715 0.303510
0.720 0.305410
0.725 0.309650
0.730 0.311130
0.735 0.312190
0.740 0.317670
0.745 0.316920
0.750 0.319130
0.755 0.322300
0.760 0.324850
0.765 0.324980
0.770 0.328020
0.775 0.328540
0.780 0.331330
0.785 0.331910
0.790 0.336850
0.795 0.336330
0.800 0.339570
0.805 0.342780
0.810 0.343790
0.815 0.344610
0.820 0.346390
0.825 0.348570
0.830 0.350110
0.835 0.351450
0.840 0.353510
0.845 0.356550
0.850 0.357420
0.855 0.357720
0.860 0.357160
0.865 0.362600
0.870 0.363000
0.875 0.363400
0.880 0.365950
0.885 0.368110
0.890 0.368150
0.895 0.369450
0.900 0.373900
0.905 0.374690
0.910 0.375790
0.915 0.376950
0.920 0.379000
0.925 0.382500
0.930 0.383840
0.935 0.384980
0.940 0.388480
0.945 0.391250
0.950 0.391190
0.955 0.391860
0.960 0.392700
0.965 0.396380
0.970 0.396870
0.975 0.397840
0.980 0.401420
0.985 0.403900
0.990 0.403050
0.995 0.403680
1.000 0.407980
1.005 0.408050
1.010 0.409230
1.015 0.410380
1.020 0.410620
1.025 0.414120
1.030 0.416070
1.035 0.416330
1.040 0.416570
1.045 0.418160
1.050 0.420080
1.055 0.422330
1.060 0.422760
1.065 0.423670
1.070 0.423580
1.075 0.423260
1.080 0.422760
1.085 0.427240
1.090 0.428920
1.095 0.428500
1.100 0.429580
1.105 0.428050
1.110 0.429870
1.115 0.432270
1.120 0.434880
1.125 0.435220
1.130 0.434960
1.135 0.434530
1.140 0.436050
1.145 0.436060
1.150 0.438060
1.155 0.439040
1.160 0.441320
1.165 0.441440
1.170 0.441920
1.175 0.442090
1.180 0.443240
1.185 0.444740
1.190 0.446300
1.195 0.445850
1.200 0.446460
1.205 0.448510
1.210 0.448320
1.215 0.448500
1.220 0.450330
1.225 0.450400
1.230 0.450490
1.235 0.452200
1.240 0.452800
1.245 0.455930
1.250 0.456180
1.255 0.456490
1.260 0.460420
1.265 0.460010
1.270 0.460080
1.275 0.459990
1.280 0.461010
1.285 0.462540
1.290 0.462780
1.295 0.462350
1.300 0.463810
1.305 0.462730
1.310 0.462660
1.315 0.463320
1.320 0.462770
1.325 0.464490
1.330 0.464640
1.335 0.463880
1.340 0.464430
1.345 0.464580
1.350 0.465150
1.355 0.466610
1.360 0.465500
1.365 0.462670
1.370 0.461260
1.375 0.459080
1.380 0.455870
1.385 0.453740
1.390 0.452330
1.395 0.449470
1.400 0.446350
1.405 0.444840
1.410 0.446070
1.415 0.447320
1.420 0.451280
1.425 0.452980
1.430 0.453870
1.435 0.455050
1.440 0.456290
1.445 0.455680
1.450 0.456190
1.455 0.456780
1.460 0.458730
1.465 0.458540
1.470 0.457860
1.475 0.457100
1.480 0.459090
1.485 0.462870
1.490 0.464400
1.495 0.464900
1.500 0.464210
1.505 0.467150
1.510 0.468890
1.515 0.468860
1.520 0.470860
1.525 0.472270
1.530 0.472440
1.535 0.472080
1.540 0.473180
1.545 0.474320
1.550 0.475330
1.555 0.477360
1.560 0.479390
1.565 0.479940
1.570 0.480620
1.575 0.479080
1.580 0.478220
1.585 0.480380
1.590 0.479550
1.595 0.479010
1.600 0.479010
1.605 0.477280
1.610 0.476500
1.615 0.478310
1.620 0.481990
1.625 0.481370
1.630 0.481660
1.635 0.484190
1.640 0.484560
1.645 0.484180
1.650 0.484160
1.655 0.484630
1.660 0.485130
1.665 0.486540
1.670 0.484280
1.675 0.483850
1.680 0.485360
1.685 0.486080
1.690 0.485840
1.695 0.485360
1.700 0.485160
1.705 0.484500
1.710 0.485500
1.715 0.486520
1.720 0.487260
1.725 0.486860
1.730 0.486640
1.735 0.485600
1.740 0.486310
1.745 0.484890
1.750 0.486700
1.755 0.487890
1.760 0.487560
1.765 0.487910
1.770 0.487290
1.775 0.487820
1.780 0.487870
1.785 0.490100
1.790 0.489760
1.795 0.489360
1.800 0.490480
1.805 0.491350
1.810 0.490960
1.815 0.490620
1.820 0.488390
1.825 0.488970
1.830 0.488040
1.835 0.488720
1.840 0.490280
1.845 0.487620
1.850 0.487720
1.855 0.488890
1.860 0.485810
1.865 0.481610
1.870 0.475250
1.875 0.468760
1.880 0.460500
1.885 0.447480
1.890 0.436750
1.895 0.426490
1.900 0.414790
1.905 0.408320
1.910 0.407770
1.915 0.409070
1.920 0.413290
1.925 0.414660
1.930 0.415900
1.935 0.417600
1.940 0.423070
1.945 0.423370
1.950 0.425880
1.955 0.428170
1.960 0.430420
1.965 0.433500
1.970 0.434880
1.975 0.437180
1.980 0.442510
1.985 0.445470
1.990 0.449390
1.995 0.453150
2.000 0.456470
2.005 0.456080
2.010 0.457470
2.015 0.458770
2.020 0.462010
2.025 0.459900
2.030 0.459900
2.035 0.461100
2.040 0.461950
2.045 0.462960
2.050 0.464490
2.055 0.465690
2.060 0.467910
2.065 0.468960
2.070 0.468080
2.075 0.466950
2.080 0.466660
2.085 0.467250
2.090 0.467670
2.095 0.467380
2.100 0.468050
2.105 0.467780
2.110 0.467000
2.115 0.468180
2.120 0.468340
2.125 0.467920
2.130 0.467040
2.135 0.466550
2.140 0.467760
2.145 0.466660
2.150 0.465540
2.155 0.462430
2.160 0.461100
2.165 0.459700
2.170 0.457240
2.175 0.455550
2.180 0.453500
2.185 0.450270
2.190 0.448260
2.195 0.445820
2.200 0.443490
2.205 0.438840
2.210 0.437990
2.215 0.444830
2.220 0.450320
2.225 0.451850
2.230 0.452910
2.235 0.454130
2.240 0.454910
2.245 0.454450
2.250 0.453050
2.255 0.452550
2.260 0.452380
2.265 0.451610
2.270 0.451520
2.275 0.451280
2.280 0.451500
2.285 0.450210
2.290 0.449060
2.295 0.447690
2.300 0.445950
2.305 0.443900
2.310 0.443110
2.315 0.442290
2.320 0.441350
2.325 0.440340
2.330 0.439210
2.335 0.436870
2.340 0.435290
2.345 0.432660
2.350 0.431850
2.355 0.431570
2.360 0.431700
2.365 0.431970
2.370 0.430130
2.375 0.428280
2.380 0.427690
2.385 0.425720
2.390 0.424440
2.395 0.424840
2.400 0.424190
2.405 0.423600
2.410 0.421950
2.415 0.419740
2.420 0.417950
2.425 0.414140
2.430 0.411630
2.435 0.408830
2.440 0.406080
2.445 0.403300
2.450 0.400590
2.455 0.398590
2.460 0.396960
2.465 0.395080
2.470 0.392730
2.475 0.390920
2.480 0.389150
2.485 0.387080
2.490 0.386000
2.495 0.385600
2.500 0.383980
