0.350 0.014272
0.355 0.015699
0.360 0.017126
0.365 0.018554
0.370 0.019981
0.375 0.021408
0.380 0.022835
0.385 0.024262
0.390 0.025690
0.395 0.027117
0.400 0.028544
0.405 0.028518
0.410 0.027946
0.415 0.027133
0.420 0.027047
0.425 0.026509
0.430 0.026564
0.435 0.027012
0.440 0.026013
0.445 0.026754
0.450 0.026971
0.455 0.027083
0.460 0.027221
0.465 0.027886
0.470 0.027806
0.475 0.027915
0.480 0.028194
0.485 0.028387
0.490 0.028607
0.495 0.030247
0.500 0.032041
0.505 0.036632
0.510 0.044931
0.515 0.057656
0.520 0.074457
0.525 0.093903
0.530 0.111030
0.535 0.122810
0.540 0.129900
0.545 0.134910
0.550 0.139390
0.555 0.142540
0.560 0.141560
0.565 0.135530
0.570 0.125200
0.575 0.113890
0.580 0.104760
0.585 0.097879
0.590 0.092661
0.595 0.089051
0.600 0.086401
0.605 0.083614
0.610 0.079060
0.615 0.073876
0.620 0.069155
0.625 0.066105
0.630 0.064551
0.635 0.062132
0.640 0.055156
0.645 0.046939
0.650 0.041224
0.655 0.039137
0.660 0.036982
0.665 0.034128
0.670 0.032889
0.675 0.033639
0.680 0.036033
0.685 0.041962
0.690 0.060885
0.695 0.113430
0.700 0.200480
0.705 0.304040
0.710 0.407880
0.715 0.508930
0.720 0.603920
0.725 0.688190
0.730 0.757230
0.735 0.810440
0.740 0.849440
0.745 0.876220
0.750 0.893650
0.755 0.904240
0.760 0.910470
0.765 0.914580
0.770 0.916540
0.775 0.918450
0.780 0.919510
0.785 0.921100
0.790 0.922560
0.795 0.923880
0.800 0.925600
0.805 0.926960
0.810 0.928590
0.815 0.930100
0.820 0.931190
0.825 0.932710
0.830 0.933520
0.835 0.934400
0.840 0.935750
0.845 0.937260
0.850 0.938530
0.855 0.939730
0.860 0.940780
0.865 0.941730
0.870 0.942490
0.875 0.943440
0.880 0.943840
0.885 0.944430
0.890 0.944570
0.895 0.945090
0.900 0.945090
0.905 0.945340
0.910 0.945270
0.915 0.945110
0.920 0.944440
0.925 0.942520
0.930 0.940050
0.935 0.936480
0.940 0.932250
0.945 0.926760
0.950 0.919110
0.955 0.909170
0.960 0.900830
0.965 0.896300
0.970 0.895980
0.975 0.896610
0.980 0.898450
0.985 0.901470
0.990 0.905460
0.995 0.909430
1.000 0.914010
1.005 0.901400
1.010 0.907290
1.015 0.909270
1.020 0.915470
1.025 0.920780
1.030 0.924240
1.035 0.928110
1.040 0.929920
1.045 0.933680
1.050 0.936370
1.055 0.937580
1.060 0.940000
1.065 0.940310
1.070 0.943190
1.075 0.941230
1.080 0.941490
1.085 0.941160
1.090 0.941690
1.095 0.939870
1.100 0.937160
1.105 0.935340
1.110 0.932410
1.115 0.928050
1.120 0.924720
1.125 0.918770
1.130 0.908410
1.135 0.892470
1.140 0.873110
1.145 0.850850
1.150 0.832090
1.155 0.817540
1.160 0.810450
1.165 0.808070
1.170 0.806600
1.175 0.806870
1.180 0.807130
1.185 0.807270
1.190 0.807860
1.195 0.807660
1.200 0.808970
1.205 0.810470
1.210 0.812990
1.215 0.816910
1.220 0.820160
1.225 0.823640
1.230 0.826870
1.235 0.830080
1.240 0.833130
1.245 0.835090
1.250 0.837390
1.255 0.838280
1.260 0.839310
1.265 0.839060
1.270 0.838530
1.275 0.836660
1.280 0.834340
1.285 0.829980
1.290 0.824760
1.295 0.817980
1.300 0.810020
1.305 0.799460
1.310 0.786520
1.315 0.772910
1.320 0.755840
1.325 0.736960
1.330 0.717130
1.335 0.695890
1.340 0.675750
1.345 0.656520
1.350 0.638440
1.355 0.620420
1.360 0.601460
1.365 0.578300
1.370 0.548300
1.375 0.508120
1.380 0.454420
1.385 0.391070
1.390 0.326160
1.395 0.265850
1.400 0.216310
1.405 0.180330
1.410 0.155810
1.415 0.140530
1.420 0.131120
1.425 0.125990
1.430 0.123180
1.435 0.122300
1.440 0.122740
1.445 0.123650
1.450 0.125220
1.455 0.127680
1.460 0.131540
1.465 0.137030
1.470 0.144500
1.475 0.153510
1.480 0.163850
1.485 0.175160
1.490 0.187100
1.495 0.200230
1.500 0.213070
1.505 0.226890
1.510 0.240450
1.515 0.254590
1.520 0.268570
1.525 0.282510
1.530 0.296290
1.535 0.309610
1.540 0.322920
1.545 0.335920
1.550 0.348770
1.555 0.361020
1.560 0.372420
1.565 0.383580
1.570 0.394550
1.575 0.404840
1.580 0.414930
1.585 0.423810
1.590 0.432930
1.595 0.441460
1.600 0.449250
1.605 0.456910
1.610 0.464170
1.615 0.470470
1.620 0.477030
1.625 0.483020
1.630 0.488140
1.635 0.492880
1.640 0.496990
1.645 0.500720
1.650 0.503010
1.655 0.504850
1.660 0.505980
1.665 0.506650
1.670 0.506970
1.675 0.506250
1.680 0.504990
1.685 0.502360
1.690 0.500260
1.695 0.496670
1.700 0.492440
1.705 0.487210
1.710 0.481280
1.715 0.475140
1.720 0.468930
1.725 0.462150
1.730 0.455940
1.735 0.449170
1.740 0.442030
1.745 0.433710
1.750 0.424530
1.755 0.414980
1.760 0.406040
1.765 0.398040
1.770 0.390620
1.775 0.383450
1.780 0.378740
1.785 0.374370
1.790 0.371310
1.795 0.370160
1.800 0.368740
1.805 0.366620
1.810 0.366700
1.815 0.365970
1.820 0.364120
1.825 0.361350
1.830 0.356890
1.835 0.350020
1.840 0.340170
1.845 0.326550
1.850 0.307590
1.855 0.282650
1.860 0.251320
1.865 0.214150
1.870 0.171790
1.875 0.129490
1.880 0.092827
1.885 0.063988
1.890 0.044260
1.895 0.032711
1.900 0.026944
1.905 0.024131
1.910 0.022908
1.915 0.022462
1.920 0.022210
1.925 0.022239
1.930 0.022337
1.935 0.022703
1.940 0.023157
1.945 0.023714
1.950 0.024451
1.955 0.025437
1.960 0.026528
1.965 0.027885
1.970 0.029549
1.975 0.031305
1.980 0.033392
1.985 0.035735
1.990 0.038226
1.995 0.041060
2.000 0.044180
2.005 0.047405
2.010 0.051011
2.015 0.054589
2.020 0.058333
2.025 0.062278
2.030 0.066182
2.035 0.070119
2.040 0.074079
2.045 0.078168
2.050 0.082231
2.055 0.086560
2.060 0.090900
2.065 0.095309
2.070 0.099796
2.075 0.104480
2.080 0.108980
2.085 0.113710
2.090 0.118440
2.095 0.123080
2.100 0.127650
2.105 0.132130
2.110 0.136500
2.115 0.140810
2.120 0.144880
2.125 0.148850
2.130 0.152610
2.135 0.156100
2.140 0.159410
2.145 0.162750
2.150 0.165720
2.155 0.168680
2.160 0.171420
2.165 0.173970
2.170 0.176280
2.175 0.178580
2.180 0.180850
2.185 0.182660
2.190 0.184440
2.195 0.185870
2.200 0.187200
2.205 0.187930
2.210 0.188490
2.215 0.188590
2.220 0.188160
2.225 0.187150
2.230 0.185460
2.235 0.183130
2.240 0.180200
2.245 0.176970
2.250 0.173330
2.255 0.169350
2.260 0.165010
2.265 0.160810
2.270 0.156170
2.275 0.152120
2.280 0.147920
2.285 0.143920
2.290 0.139360
2.295 0.135030
2.300 0.130110
2.305 0.125760
2.310 0.121990
2.315 0.118650
2.320 0.115150
2.325 0.111640
2.330 0.107760
2.335 0.103700
2.340 0.099434
2.345 0.095080
2.350 0.091900
2.355 0.088632
2.360 0.085224
2.365 0.082041
2.370 0.078749
2.375 0.075881
2.380 0.072147
2.385 0.069682
2.390 0.066473
2.395 0.062971
2.400 0.060461
2.405 0.058258
2.410 0.054971
2.415 0.052895
2.420 0.050832
2.425 0.048743
2.430 0.046014
2.435 0.043855
2.440 0.041932
2.445 0.039955
2.450 0.039092
2.455 0.037068
2.460 0.035535
2.465 0.035387
2.470 0.033100
2.475 0.033164
2.480 0.030775
2.485 0.032656
2.490 0.034142
2.495 0.033018
2.500 0.032515
