0.350 0.000354
0.355 0.000390
0.360 0.000425
0.365 0.000461
0.370 0.000496
0.375 0.000532
0.380 0.000567
0.385 0.000603
0.390 0.000638
0.395 0.000674
0.400 0.000709
0.405 0.003916
0.410 0.006189
0.415 0.007862
0.420 0.009788
0.425 0.013298
0.430 0.016695
0.435 0.020106
0.440 0.024625
0.445 0.026190
0.450 0.030648
0.455 0.030508
0.460 0.034215
0.465 0.038643
0.470 0.038522
0.475 0.041130
0.480 0.047118
0.485 0.046733
0.490 0.050686
0.495 0.056561
0.500 0.054686
0.505 0.055501
0.510 0.065355
0.515 0.065461
0.520 0.069251
0.525 0.072126
0.530 0.077191
0.535 0.081133
0.540 0.086610
0.545 0.094575
0.550 0.099866
0.555 0.111230
0.560 0.121590
0.565 0.133580
0.570 0.139780
0.575 0.154150
0.580 0.163370
0.585 0.166410
0.590 0.174700
0.595 0.178460
0.600 0.187220
0.605 0.192190
0.610 0.194330
0.615 0.200690
0.620 0.203570
0.625 0.211910
0.630 0.213260
0.635 0.217970
0.640 0.217770
0.645 0.226350
0.650 0.233050
0.655 0.226800
0.660 0.236970
0.665 0.237560
0.670 0.241580
0.675 0.243260
0.680 0.248870
0.685 0.258020
0.690 0.257050
0.695 0.259740
0.700 0.264900
0.705 0.264990
0.710 0.272300
0.715 0.273840
0.720 0.280620
0.725 0.282330
0.730 0.286740
0.735 0.288240
0.740 0.292050
0.745 0.294000
0.750 0.297420
0.755 0.301210
0.760 0.301040
0.765 0.306840
0.770 0.308850
0.775 0.311630
0.780 0.313240
0.785 0.314070
0.790 0.314620
0.795 0.319560
0.800 0.318590
0.805 0.317440
0.810 0.321660
0.815 0.321190
0.820 0.326550
0.825 0.326030
0.830 0.328600
0.835 0.328650
0.840 0.328280
0.845 0.333110
0.850 0.332250
0.855 0.334150
0.860 0.336650
0.865 0.337540
0.870 0.337820
0.875 0.339800
0.880 0.343240
0.885 0.345550
0.890 0.346990
0.895 0.348190
0.900 0.352030
0.905 0.355200
0.910 0.358600
0.915 0.358780
0.920 0.362480
0.925 0.363190
0.930 0.367240
0.935 0.368620
0.940 0.370310
0.945 0.374740
0.950 0.377060
0.955 0.381600
0.960 0.383050
0.965 0.382860
0.970 0.384050
0.975 0.385350
0.980 0.390200
0.985 0.388520
0.990 0.391500
0.995 0.396460
1.000 0.398470
1.005 0.400000
1.010 0.403510
1.015 0.404650
1.020 0.404180
1.025 0.408220
1.030 0.406860
1.035 0.410520
1.040 0.414410
1.045 0.419100
1.050 0.417750
1.055 0.419700
1.060 0.419610
1.065 0.416650
1.070 0.422000
1.075 0.420730
1.080 0.418470
1.085 0.429010
1.090 0.429710
1.095 0.427890
1.100 0.431960
1.105 0.434600
1.110 0.437100
1.115 0.434060
1.120 0.433730
1.125 0.439550
1.130 0.433730
1.135 0.432670
1.140 0.437960
1.145 0.438550
1.150 0.433250
1.155 0.433940
1.160 0.434430
1.165 0.436170
1.170 0.436530
1.175 0.436860
1.180 0.437990
1.185 0.438290
1.190 0.439150
1.195 0.440070
1.200 0.440580
1.205 0.443990
1.210 0.448240
1.215 0.454650
1.220 0.454870
1.225 0.447840
1.230 0.445870
1.235 0.444950
1.240 0.445250
1.245 0.446840
1.250 0.449460
1.255 0.457680
1.260 0.457800
1.265 0.460480
1.270 0.461790
1.275 0.464410
1.280 0.466130
1.285 0.466840
1.290 0.464840
1.295 0.463730
1.300 0.463550
1.305 0.465620
1.310 0.466420
1.315 0.464630
1.320 0.462420
1.325 0.462770
1.330 0.461000
1.335 0.460210
1.340 0.461170
1.345 0.461780
1.350 0.460530
1.355 0.460200
1.360 0.460800
1.365 0.459500
1.370 0.455320
1.375 0.451650
1.380 0.445730
1.385 0.439520
1.390 0.435790
1.395 0.427330
1.400 0.417060
1.405 0.413800
1.410 0.415480
1.415 0.420370
1.420 0.423590
1.425 0.429080
1.430 0.431340
1.435 0.432490
1.440 0.433760
1.445 0.435430
1.450 0.434640
1.455 0.437520
1.460 0.443170
1.465 0.443690
1.470 0.445700
1.475 0.447710
1.480 0.451210
1.485 0.452930
1.490 0.454570
1.495 0.456430
1.500 0.451020
1.505 0.455400
1.510 0.457370
1.515 0.460270
1.520 0.458990
1.525 0.463220
1.530 0.466310
1.535 0.471230
1.540 0.468780
1.545 0.470050
1.550 0.471410
1.555 0.470180
1.560 0.472140
1.565 0.473110
1.570 0.469970
1.575 0.470030
1.580 0.474840
1.585 0.476390
1.590 0.476570
1.595 0.474110
1.600 0.473190
1.605 0.473040
1.610 0.471750
1.615 0.471700
1.620 0.479060
1.625 0.475880
1.630 0.476950
1.635 0.479480
1.640 0.484110
1.645 0.481880
1.650 0.481380
1.655 0.482450
1.660 0.483910
1.665 0.480760
1.670 0.481350
1.675 0.480790
1.680 0.481050
1.685 0.482540
1.690 0.483690
1.695 0.481610
1.700 0.480070
1.705 0.481060
1.710 0.479970
1.715 0.481880
1.720 0.485110
1.725 0.484880
1.730 0.483760
1.735 0.483700
1.740 0.483880
1.745 0.482000
1.750 0.483430
1.755 0.486060
1.760 0.483160
1.765 0.482090
1.770 0.481220
1.775 0.480540
1.780 0.481290
1.785 0.478770
1.790 0.479830
1.795 0.481750
1.800 0.482640
1.805 0.481570
1.810 0.483450
1.815 0.483200
1.820 0.482450
1.825 0.484510
1.830 0.483550
1.835 0.481980
1.840 0.480870
1.845 0.478690
1.850 0.475470
1.855 0.474000
1.860 0.473070
1.865 0.464970
1.870 0.448370
1.875 0.435530
1.880 0.419570
1.885 0.399930
1.890 0.380920
1.895 0.356030
1.900 0.340680
1.905 0.336150
1.910 0.338270
1.915 0.340720
1.920 0.347190
1.925 0.348010
1.930 0.349460
1.935 0.354220
1.940 0.362630
1.945 0.365290
1.950 0.370160
1.955 0.375480
1.960 0.380940
1.965 0.382240
1.970 0.385870
1.975 0.391470
1.980 0.394450
1.985 0.401500
1.990 0.405230
1.995 0.411880
2.000 0.416460
2.005 0.420590
2.010 0.423610
2.015 0.425210
2.020 0.426880
2.025 0.431310
2.030 0.434100
2.035 0.434850
2.040 0.438540
2.045 0.441550
2.050 0.442500
2.055 0.443830
2.060 0.448770
2.065 0.449430
2.070 0.449780
2.075 0.452730
2.080 0.453710
2.085 0.451530
2.090 0.454480
2.095 0.454250
2.100 0.454700
2.105 0.454480
2.110 0.452250
2.115 0.454210
2.120 0.454840
2.125 0.455480
2.130 0.453440
2.135 0.454340
2.140 0.453170
2.145 0.453270
2.150 0.448850
2.155 0.446730
2.160 0.442380
2.165 0.439920
2.170 0.435060
2.175 0.431250
2.180 0.427020
2.185 0.423360
2.190 0.418890
2.195 0.413820
2.200 0.408870
2.205 0.402930
2.210 0.401170
2.215 0.409670
2.220 0.414340
2.225 0.420600
2.230 0.422700
2.235 0.423710
2.240 0.426450
2.245 0.427340
2.250 0.429220
2.255 0.431140
2.260 0.434080
2.265 0.435760
2.270 0.436030
2.275 0.436210
2.280 0.435760
2.285 0.435140
2.290 0.433640
2.295 0.432640
2.300 0.429290
2.305 0.428560
2.310 0.425490
2.315 0.424100
2.320 0.422940
2.325 0.419300
2.330 0.416510
2.335 0.411890
2.340 0.410150
2.345 0.406900
2.350 0.405340
2.355 0.404130
2.360 0.401360
2.365 0.399340
2.370 0.397880
2.375 0.396450
2.380 0.393470
2.385 0.390530
2.390 0.390830
2.395 0.389820
2.400 0.388630
2.405 0.386590
2.410 0.384880
2.415 0.381100
2.420 0.378290
2.425 0.374060
2.430 0.370600
2.435 0.367060
2.440 0.364240
2.445 0.361070
2.450 0.359050
2.455 0.357490
2.460 0.355760
2.465 0.353420
2.470 0.350830
2.475 0.349510
2.480 0.347650
2.485 0.344870
2.490 0.342780
2.495 0.341730
2.500 0.338320
