0.350 0.018989
0.355 0.020888
0.360 0.022787
0.365 0.024686
0.370 0.026585
0.375 0.028484
0.380 0.030383
0.385 0.032282
0.390 0.034181
0.395 0.036080
0.400 0.037979
0.405 0.044978
0.410 0.052324
0.415 0.059994
0.420 0.068356
0.425 0.077386
0.430 0.085083
0.435 0.094057
0.440 0.100490
0.445 0.106940
0.450 0.114430
0.455 0.120430
0.460 0.124290
0.465 0.130520
0.470 0.135230
0.475 0.141500
0.480 0.145290
0.485 0.149580
0.490 0.153320
0.495 0.158490
0.500 0.162540
0.505 0.166480
0.510 0.170520
0.515 0.176120
0.520 0.181460
0.525 0.187490
0.530 0.191610
0.535 0.197140
0.540 0.201720
0.545 0.204140
0.550 0.207160
0.555 0.211220
0.560 0.213250
0.565 0.216670
0.570 0.218130
0.575 0.219990
0.580 0.222890
0.585 0.224040
0.590 0.227010
0.595 0.228340
0.600 0.230040
0.605 0.232820
0.610 0.233500
0.615 0.236590
0.620 0.239100
0.625 0.241300
0.630 0.242950
0.635 0.244970
0.640 0.247060
0.645 0.249870
0.650 0.251610
0.655 0.253140
0.660 0.254910
0.665 0.256780
0.670 0.257240
0.675 0.258260
0.680 0.260440
0.685 0.264220
0.690 0.266460
0.695 0.271030
0.700 0.277960
0.705 0.286220
0.710 0.295420
0.715 0.305060
0.720 0.315760
0.725 0.328670
0.730 0.342750
0.735 0.356230
0.740 0.369340
0.745 0.381840
0.750 0.390960
0.755 0.398120
0.760 0.404200
0.765 0.407290
0.770 0.410490
0.775 0.414390
0.780 0.414670
0.785 0.415190
0.790 0.417370
0.795 0.419240
0.800 0.418760
0.805 0.420380
0.810 0.421070
0.815 0.421900
0.820 0.422480
0.825 0.422790
0.830 0.423710
0.835 0.424850
0.840 0.426010
0.845 0.427020
0.850 0.427550
0.855 0.427170
0.860 0.426400
0.865 0.425900
0.870 0.425820
0.875 0.426380
0.880 0.427360
0.885 0.428440
0.890 0.429310
0.895 0.429440
0.900 0.428550
0.905 0.427550
0.910 0.427080
0.915 0.427200
0.920 0.427960
0.925 0.429040
0.930 0.430020
0.935 0.429800
0.940 0.428380
0.945 0.427270
0.950 0.426110
0.955 0.424190
0.960 0.422070
0.965 0.421610
0.970 0.423040
0.975 0.421950
0.980 0.421890
0.985 0.422020
0.990 0.422160
0.995 0.422990
1.000 0.423470
1.005 0.423610
1.010 0.423050
1.015 0.424380
1.020 0.426400
1.025 0.427590
1.030 0.428270
1.035 0.429240
1.040 0.431390
1.045 0.430380
1.050 0.431670
1.055 0.432150
1.060 0.432090
1.065 0.432580
1.070 0.432160
1.075 0.431580
1.080 0.433720
1.085 0.434940
1.090 0.432980
1.095 0.433290
1.100 0.433520
1.105 0.432360
1.110 0.433820
1.115 0.432530
1.120 0.431780
1.125 0.431230
1.130 0.429130
1.135 0.425620
1.140 0.419890
1.145 0.415480
1.150 0.413350
1.155 0.409530
1.160 0.406300
1.165 0.404910
1.170 0.403750
1.175 0.401410
1.180 0.400200
1.185 0.399890
1.190 0.399850
1.195 0.399290
1.200 0.398660
1.205 0.398530
1.210 0.397400
1.215 0.398530
1.220 0.400370
1.225 0.399910
1.230 0.401190
1.235 0.402160
1.240 0.402960
1.245 0.404270
1.250 0.405220
1.255 0.406880
1.260 0.406980
1.265 0.407290
1.270 0.406930
1.275 0.406710
1.280 0.407310
1.285 0.407460
1.290 0.406750
1.295 0.405450
1.300 0.404860
1.305 0.403810
1.310 0.401620
1.315 0.400370
1.320 0.397160
1.325 0.394130
1.330 0.390770
1.335 0.386900
1.340 0.383880
1.345 0.378220
1.350 0.373630
1.355 0.370860
1.360 0.366530
1.365 0.363080
1.370 0.359550
1.375 0.354030
1.380 0.347630
1.385 0.340710
1.390 0.329180
1.395 0.318150
1.400 0.309470
1.405 0.297700
1.410 0.288700
1.415 0.278100
1.420 0.269060
1.425 0.262180
1.430 0.256030
1.435 0.252920
1.440 0.249210
1.445 0.247250
1.450 0.246480
1.455 0.246220
1.460 0.246180
1.465 0.247120
1.470 0.244850
1.475 0.246970
1.480 0.248460
1.485 0.250990
1.490 0.252550
1.495 0.254800
1.500 0.257470
1.505 0.259440
1.510 0.260880
1.515 0.263950
1.520 0.267030
1.525 0.268750
1.530 0.271970
1.535 0.273410
1.540 0.276940
1.545 0.278360
1.550 0.280080
1.555 0.283030
1.560 0.284570
1.565 0.284480
1.570 0.285860
1.575 0.287270
1.580 0.289020
1.585 0.291290
1.590 0.293440
1.595 0.295210
1.600 0.297620
1.605 0.300780
1.610 0.302300
1.615 0.304070
1.620 0.306520
1.625 0.308130
1.630 0.309760
1.635 0.311340
1.640 0.312300
1.645 0.312550
1.650 0.313420
1.655 0.314260
1.660 0.313380
1.665 0.313720
1.670 0.313500
1.675 0.310720
1.680 0.308310
1.685 0.307310
1.690 0.307500
1.695 0.307260
1.700 0.306670
1.705 0.306360
1.710 0.303420
1.715 0.298450
1.720 0.297310
1.725 0.297060
1.730 0.294400
1.735 0.293650
1.740 0.294840
1.745 0.295150
1.750 0.295350
1.755 0.295250
1.760 0.292740
1.765 0.290300
1.770 0.290190
1.775 0.289390
1.780 0.288820
1.785 0.291300
1.790 0.291910
1.795 0.289420
1.800 0.289070
1.805 0.290410
1.810 0.291280
1.815 0.291370
1.820 0.290660
1.825 0.290170
1.830 0.290850
1.835 0.291890
1.840 0.292420
1.845 0.292240
1.850 0.291110
1.855 0.289140
1.860 0.286160
1.865 0.281520
1.870 0.274370
1.875 0.265990
1.880 0.257210
1.885 0.246530
1.890 0.232250
1.895 0.217160
1.900 0.204040
1.905 0.192610
1.910 0.182670
1.915 0.174730
1.920 0.169810
1.925 0.167360
1.930 0.167220
1.935 0.168670
1.940 0.171260
1.945 0.173800
1.950 0.175450
1.955 0.178030
1.960 0.183340
1.965 0.189050
1.970 0.192740
1.975 0.195110
1.980 0.197080
1.985 0.199650
1.990 0.203520
1.995 0.206890
2.000 0.207970
2.005 0.208690
2.010 0.210790
2.015 0.212200
2.020 0.210730
2.025 0.208450
2.030 0.207330
2.035 0.205910
2.040 0.202570
2.045 0.198910
2.050 0.196540
2.055 0.194610
2.060 0.192160
2.065 0.189790
2.070 0.188340
2.075 0.188180
2.080 0.189470
2.085 0.189600
2.090 0.186270
2.095 0.183480
2.100 0.185230
2.105 0.188290
2.110 0.189390
2.115 0.189780
2.120 0.191020
2.125 0.192700
2.130 0.194320
2.135 0.196170
2.140 0.198520
2.145 0.200100
2.150 0.199790
2.155 0.199810
2.160 0.202350
2.165 0.205540
2.170 0.207360
2.175 0.208010
2.180 0.207840
2.185 0.207660
2.190 0.208200
2.195 0.209100
2.200 0.210020
2.205 0.211040
2.210 0.212230
2.215 0.213000
2.220 0.212610
2.225 0.211070
2.230 0.208320
2.235 0.205050
2.240 0.201790
2.245 0.198100
2.250 0.193600
2.255 0.189810
2.260 0.188220
2.265 0.186940
2.270 0.184140
2.275 0.181290
2.280 0.180070
2.285 0.180130
2.290 0.180830
2.295 0.180320
2.300 0.176920
2.305 0.173190
2.310 0.171650
2.315 0.170970
2.320 0.169720
2.325 0.168420
2.330 0.167720
2.335 0.166910
2.340 0.165240
2.345 0.163440
2.350 0.162380
2.355 0.162400
2.360 0.163760
2.365 0.165200
2.370 0.165470
2.375 0.164770
2.380 0.163350
2.385 0.161920
2.390 0.161190
2.395 0.160830
2.400 0.160100
2.405 0.158400
2.410 0.156130
2.415 0.153660
2.420 0.151190
2.425 0.148810
2.430 0.146450
2.435 0.144050
2.440 0.141500
2.445 0.138700
2.450 0.135770
2.455 0.132820
2.460 0.129930
2.465 0.127260
2.470 0.125010
2.475 0.123090
2.480 0.121330
2.485 0.119690
2.490 0.118230
2.495 0.117140
2.500 0.116780
