0.350 0.007490
0.355 0.008238
0.360 0.008987
0.365 0.009736
0.370 0.010485
0.375 0.011234
0.380 0.011983
0.385 0.012732
0.390 0.013481
0.395 0.014230
0.400 0.014979
0.405 0.024995
0.410 0.029156
0.415 0.033477
0.420 0.040191
0.425 0.043980
0.430 0.050907
0.435 0.058117
0.440 0.064772
0.445 0.067241
0.450 0.071626
0.455 0.074531
0.460 0.079717
0.465 0.083411
0.470 0.083739
0.475 0.090822
0.480 0.094082
0.485 0.096860
0.490 0.101990
0.495 0.108520
0.500 0.112830
0.505 0.118490
0.510 0.125660
0.515 0.131930
0.520 0.135940
0.525 0.135480
0.530 0.143870
0.535 0.150790
0.540 0.154230
0.545 0.156310
0.550 0.163260
0.555 0.164360
0.560 0.176850
0.565 0.180520
0.570 0.186850
0.575 0.187580
0.580 0.195770
0.585 0.198560
0.590 0.199810
0.595 0.203340
0.600 0.203860
0.605 0.211550
0.610 0.215060
0.615 0.214720
0.620 0.215710
0.625 0.220860
0.630 0.223990
0.635 0.228080
0.640 0.233550
0.645 0.234610
0.650 0.239000
0.655 0.244000
0.660 0.242160
0.665 0.251610
0.670 0.254940
0.675 0.255300
0.680 0.253510
0.685 0.260230
0.690 0.265930
0.695 0.269390
0.700 0.274840
0.705 0.275470
0.710 0.279740
0.715 0.281760
0.720 0.290160
0.725 0.288950
0.730 0.287740
0.735 0.292780
0.740 0.298400
0.745 0.297960
0.750 0.303290
0.755 0.306520
0.760 0.307210
0.765 0.312000
0.770 0.313090
0.775 0.316110
0.780 0.318500
0.785 0.319580
0.790 0.318930
0.795 0.322840
0.800 0.324390
0.805 0.323720
0.810 0.327820
0.815 0.330340
0.820 0.328850
0.825 0.330210
0.830 0.334570
0.835 0.335890
0.840 0.335040
0.845 0.337160
0.850 0.339050
0.855 0.341780
0.860 0.340470
0.865 0.344310
0.870 0.342940
0.875 0.346310
0.880 0.346080
0.885 0.348700
0.890 0.347120
0.895 0.348340
0.900 0.348230
0.905 0.347450
0.910 0.352090
0.915 0.355300
0.920 0.351740
0.925 0.355210
0.930 0.358040
0.935 0.359330
0.940 0.359070
0.945 0.362180
0.950 0.362710
0.955 0.363620
0.960 0.365870
0.965 0.368830
0.970 0.369020
0.975 0.368580
0.980 0.370280
0.985 0.367550
0.990 0.371450
0.995 0.375820
1.000 0.376540
1.005 0.377390
1.010 0.375880
1.015 0.377040
1.020 0.380220
1.025 0.381370
1.030 0.377900
1.035 0.379450
1.040 0.380450
1.045 0.382060
1.050 0.385590
1.055 0.385670
1.060 0.382950
1.065 0.383750
1.070 0.389720
1.075 0.394560
1.080 0.387400
1.085 0.389560
1.090 0.394280
1.095 0.395260
1.100 0.397720
1.105 0.401870
1.110 0.400970
1.115 0.396310
1.120 0.401390
1.125 0.402770
1.130 0.405440
1.135 0.401050
1.140 0.404510
1.145 0.406640
1.150 0.407780
1.155 0.409120
1.160 0.408690
1.165 0.411130
1.170 0.410640
1.175 0.412410
1.180 0.415080
1.185 0.414670
1.190 0.415660
1.195 0.416900
1.200 0.417980
1.205 0.417940
1.210 0.417660
1.215 0.420330
1.220 0.416730
1.225 0.420120
1.230 0.417730
1.235 0.416600
1.240 0.416240
1.245 0.415920
1.250 0.419400
1.255 0.420620
1.260 0.422790
1.265 0.424500
1.270 0.426230
1.275 0.432170
1.280 0.434130
1.285 0.436310
1.290 0.434990
1.295 0.438100
1.300 0.434960
1.305 0.434140
1.310 0.432870
1.315 0.432870
1.320 0.434560
1.325 0.434940
1.330 0.435930
1.335 0.437180
1.340 0.436720
1.345 0.437260
1.350 0.436910
1.355 0.436910
1.360 0.437200
1.365 0.437580
1.370 0.433780
1.375 0.433360
1.380 0.433940
1.385 0.430350
1.390 0.425850
1.395 0.423380
1.400 0.427670
1.405 0.428100
1.410 0.427340
1.415 0.430170
1.420 0.436700
1.425 0.434730
1.430 0.435650
1.435 0.437170
1.440 0.437120
1.445 0.435910
1.450 0.435960
1.455 0.435160
1.460 0.437920
1.465 0.438060
1.470 0.438220
1.475 0.437350
1.480 0.437350
1.485 0.438770
1.490 0.441480
1.495 0.441720
1.500 0.446230
1.505 0.450710
1.510 0.453170
1.515 0.448850
1.520 0.448260
1.525 0.449090
1.530 0.450230
1.535 0.448500
1.540 0.449460
1.545 0.449130
1.550 0.451640
1.555 0.454230
1.560 0.454790
1.565 0.453490
1.570 0.450310
1.575 0.449820
1.580 0.450660
1.585 0.453680
1.590 0.454730
1.595 0.455780
1.600 0.452980
1.605 0.457260
1.610 0.456470
1.615 0.456270
1.620 0.456120
1.625 0.457510
1.630 0.456130
1.635 0.455480
1.640 0.455750
1.645 0.455770
1.650 0.456530
1.655 0.454470
1.660 0.452740
1.665 0.455140
1.670 0.455150
1.675 0.457790
1.680 0.458310
1.685 0.455980
1.690 0.458050
1.695 0.457240
1.700 0.461430
1.705 0.462100
1.710 0.461220
1.715 0.463220
1.720 0.461240
1.725 0.464140
1.730 0.464120
1.735 0.465510
1.740 0.464450
1.745 0.464450
1.750 0.464770
1.755 0.464000
1.760 0.464500
1.765 0.466410
1.770 0.465840
1.775 0.464790
1.780 0.466110
1.785 0.464240
1.790 0.459570
1.795 0.464990
1.800 0.468200
1.805 0.463730
1.810 0.461070
1.815 0.458840
1.820 0.461960
1.825 0.465810
1.830 0.464640
1.835 0.465690
1.840 0.465520
1.845 0.466370
1.850 0.465530
1.855 0.462570
1.860 0.458900
1.865 0.459330
1.870 0.458300
1.875 0.455050
1.880 0.454580
1.885 0.450170
1.890 0.444920
1.895 0.438590
1.900 0.430540
1.905 0.425490
1.910 0.420170
1.915 0.421360
1.920 0.420500
1.925 0.423730
1.930 0.426130
1.935 0.428520
1.940 0.429690
1.945 0.432170
1.950 0.432120
1.955 0.431050
1.960 0.432000
1.965 0.436360
1.970 0.437920
1.975 0.440270
1.980 0.443050
1.985 0.445940
1.990 0.444310
1.995 0.450020
2.000 0.451260
2.005 0.457890
2.010 0.452700
2.015 0.454630
2.020 0.450720
2.025 0.452980
2.030 0.451070
2.035 0.452520
2.040 0.452840
2.045 0.458380
2.050 0.456820
2.055 0.456000
2.060 0.450980
2.065 0.452080
2.070 0.452000
2.075 0.452270
2.080 0.448140
2.085 0.447000
2.090 0.447630
2.095 0.447840
2.100 0.448540
2.105 0.449460
2.110 0.447110
2.115 0.446400
2.120 0.447240
2.125 0.446370
2.130 0.447650
2.135 0.447390
2.140 0.446810
2.145 0.446770
2.150 0.444800
2.155 0.443760
2.160 0.441870
2.165 0.441250
2.170 0.439910
2.175 0.439100
2.180 0.438600
2.185 0.438180
2.190 0.435840
2.195 0.434500
2.200 0.432690
2.205 0.431550
2.210 0.431440
2.215 0.437500
2.220 0.440000
2.225 0.440700
2.230 0.441820
2.235 0.441870
2.240 0.442330
2.245 0.441540
2.250 0.441450
2.255 0.441740
2.260 0.439570
2.265 0.439950
2.270 0.439180
2.275 0.439780
2.280 0.439180
2.285 0.438700
2.290 0.439060
2.295 0.437610
2.300 0.436280
2.305 0.435930
2.310 0.435110
2.315 0.434440
2.320 0.434130
2.325 0.433370
2.330 0.432850
2.335 0.432090
2.340 0.431660
2.345 0.430210
2.350 0.429590
2.355 0.429320
2.360 0.429290
2.365 0.429510
2.370 0.429260
2.375 0.428070
2.380 0.427240
2.385 0.426640
2.390 0.426630
2.395 0.426100
2.400 0.426020
2.405 0.425530
2.410 0.425160
2.415 0.424260
2.420 0.422690
2.425 0.421500
2.430 0.420300
2.435 0.417930
2.440 0.416500
2.445 0.415070
2.450 0.414040
2.455 0.414090
2.460 0.413370
2.465 0.412240
2.470 0.411360
2.475 0.410590
2.480 0.409270
2.485 0.408280
2.490 0.406620
2.495 0.405990
2.500 0.406350
