0.350 0.033781
0.355 0.037159
0.360 0.040537
0.365 0.043915
0.370 0.047293
0.375 0.050671
0.380 0.054050
0.385 0.057428
0.390 0.060806
0.395 0.064184
0.400 0.067562
0.405 0.070603
0.410 0.075353
0.415 0.075738
0.420 0.077897
0.425 0.082501
0.430 0.084644
0.435 0.089369
0.440 0.093738
0.445 0.095234
0.450 0.098343
0.455 0.100690
0.460 0.105720
0.465 0.110100
0.470 0.109940
0.475 0.111290
0.480 0.115970
0.485 0.118010
0.490 0.119400
0.495 0.125380
0.500 0.124710
0.505 0.125430
0.510 0.132840
0.515 0.135490
0.520 0.139280
0.525 0.139490
0.530 0.144560
0.535 0.146020
0.540 0.149030
0.545 0.153180
0.550 0.159670
0.555 0.164830
0.560 0.168850
0.565 0.177120
0.570 0.177110
0.575 0.186010
0.580 0.191000
0.585 0.194160
0.590 0.193400
0.595 0.198470
0.600 0.206530
0.605 0.207130
0.610 0.207970
0.615 0.210310
0.620 0.214500
0.625 0.217920
0.630 0.217850
0.635 0.226280
0.640 0.221480
0.645 0.227600
0.650 0.234070
0.655 0.231700
0.660 0.237830
0.665 0.238810
0.670 0.243030
0.675 0.246100
0.680 0.249100
0.685 0.255430
0.690 0.256140
0.695 0.256560
0.700 0.261190
0.705 0.263890
0.710 0.268520
0.715 0.270480
0.720 0.274690
0.725 0.275320
0.730 0.281270
0.735 0.280250
0.740 0.286440
0.745 0.287510
0.750 0.290960
0.755 0.293520
0.760 0.294760
0.765 0.298200
0.770 0.302670
0.775 0.302990
0.780 0.304750
0.785 0.308240
0.790 0.308830
0.795 0.310170
0.800 0.314910
0.805 0.317090
0.810 0.320170
0.815 0.320610
0.820 0.322770
0.825 0.328160
0.830 0.329120
0.835 0.329960
0.840 0.332750
0.845 0.334120
0.850 0.334660
0.855 0.335810
0.860 0.337820
0.865 0.339680
0.870 0.340050
0.875 0.342540
0.880 0.345030
0.885 0.346780
0.890 0.347770
0.895 0.348680
0.900 0.351710
0.905 0.355560
0.910 0.356880
0.915 0.358530
0.920 0.361350
0.925 0.362840
0.930 0.365770
0.935 0.367430
0.940 0.367860
0.945 0.371840
0.950 0.372930
0.955 0.374410
0.960 0.379280
0.965 0.378720
0.970 0.378670
0.975 0.379150
0.980 0.381270
0.985 0.383830
0.990 0.385750
0.995 0.387640
1.000 0.389330
1.005 0.393220
1.010 0.394400
1.015 0.396530
1.020 0.393290
1.025 0.397520
1.030 0.398310
1.035 0.400330
1.040 0.404460
1.045 0.410510
1.050 0.411160
1.055 0.408060
1.060 0.405560
1.065 0.411320
1.070 0.413260
1.075 0.413170
1.080 0.413750
1.085 0.416790
1.090 0.418630
1.095 0.419460
1.100 0.420100
1.105 0.420240
1.110 0.422760
1.115 0.424540
1.120 0.421290
1.125 0.427600
1.130 0.425870
1.135 0.424710
1.140 0.429010
1.145 0.426010
1.150 0.425650
1.155 0.425930
1.160 0.425980
1.165 0.427510
1.170 0.428960
1.175 0.430220
1.180 0.431730
1.185 0.432130
1.190 0.433290
1.195 0.433910
1.200 0.433960
1.205 0.438270
1.210 0.441590
1.215 0.445230
1.220 0.447410
1.225 0.447780
1.230 0.448430
1.235 0.448310
1.240 0.444060
1.245 0.440750
1.250 0.444280
1.255 0.449130
1.260 0.452710
1.265 0.453860
1.270 0.455890
1.275 0.458000
1.280 0.459450
1.285 0.461030
1.290 0.461150
1.295 0.461050
1.300 0.462270
1.305 0.462870
1.310 0.463360
1.315 0.462810
1.320 0.462380
1.325 0.461340
1.330 0.459550
1.335 0.460050
1.340 0.459710
1.345 0.460330
1.350 0.458250
1.355 0.457880
1.360 0.461910
1.365 0.459900
1.370 0.458880
1.375 0.456960
1.380 0.453830
1.385 0.449280
1.390 0.447320
1.395 0.444760
1.400 0.440830
1.405 0.436390
1.410 0.435450
1.415 0.436370
1.420 0.438230
1.425 0.440080
1.430 0.440210
1.435 0.440620
1.440 0.442620
1.445 0.440470
1.450 0.440580
1.455 0.442000
1.460 0.444680
1.465 0.446470
1.470 0.447560
1.475 0.448860
1.480 0.451470
1.485 0.455720
1.490 0.456470
1.495 0.456910
1.500 0.449500
1.505 0.453590
1.510 0.457120
1.515 0.460010
1.520 0.456300
1.525 0.459230
1.530 0.464670
1.535 0.468540
1.540 0.468070
1.545 0.466380
1.550 0.467630
1.555 0.467060
1.560 0.467020
1.565 0.466150
1.570 0.465830
1.575 0.466790
1.580 0.471920
1.585 0.470420
1.590 0.470210
1.595 0.469250
1.600 0.468460
1.605 0.468890
1.610 0.469760
1.615 0.471240
1.620 0.476390
1.625 0.473780
1.630 0.474450
1.635 0.475860
1.640 0.477230
1.645 0.477130
1.650 0.476900
1.655 0.478200
1.660 0.478240
1.665 0.474020
1.670 0.474140
1.675 0.474360
1.680 0.475590
1.685 0.476490
1.690 0.476580
1.695 0.474450
1.700 0.474170
1.705 0.473890
1.710 0.473690
1.715 0.475420
1.720 0.476100
1.725 0.476570
1.730 0.476590
1.735 0.478250
1.740 0.479760
1.745 0.480640
1.750 0.481280
1.755 0.481400
1.760 0.479690
1.765 0.479200
1.770 0.479150
1.775 0.479740
1.780 0.479320
1.785 0.477130
1.790 0.477540
1.795 0.478610
1.800 0.479710
1.805 0.478920
1.810 0.480760
1.815 0.481090
1.820 0.480700
1.825 0.482080
1.830 0.482060
1.835 0.481760
1.840 0.482370
1.845 0.483370
1.850 0.480990
1.855 0.479960
1.860 0.480420
1.865 0.475180
1.870 0.468710
1.875 0.462930
1.880 0.451250
1.885 0.437410
1.890 0.426630
1.895 0.413690
1.900 0.396410
1.905 0.392360
1.910 0.392360
1.915 0.389340
1.920 0.388980
1.925 0.391910
1.930 0.393760
1.935 0.396710
1.940 0.402650
1.945 0.406390
1.950 0.409750
1.955 0.412070
1.960 0.416930
1.965 0.421200
1.970 0.424700
1.975 0.428220
1.980 0.431600
1.985 0.434200
1.990 0.435550
1.995 0.437610
2.000 0.443370
2.005 0.444120
2.010 0.445360
2.015 0.445800
2.020 0.442930
2.025 0.442210
2.030 0.443310
2.035 0.442940
2.040 0.443590
2.045 0.444870
2.050 0.445990
2.055 0.445010
2.060 0.443810
2.065 0.446970
2.070 0.447270
2.075 0.446050
2.080 0.445080
2.085 0.444650
2.090 0.446180
2.095 0.445560
2.100 0.446430
2.105 0.445110
2.110 0.445800
2.115 0.446340
2.120 0.445910
2.125 0.446250
2.130 0.446280
2.135 0.444810
2.140 0.445500
2.145 0.443480
2.150 0.441390
2.155 0.441400
2.160 0.438230
2.165 0.437260
2.170 0.436230
2.175 0.434910
2.180 0.432600
2.185 0.431540
2.190 0.428780
2.195 0.425990
2.200 0.422660
2.205 0.417460
2.210 0.417640
2.215 0.424340
2.220 0.429120
2.225 0.431300
2.230 0.432140
2.235 0.432870
2.240 0.433600
2.245 0.434380
2.250 0.433750
2.255 0.434190
2.260 0.434790
2.265 0.434670
2.270 0.434440
2.275 0.434710
2.280 0.433790
2.285 0.433450
2.290 0.432570
2.295 0.430970
2.300 0.430320
2.305 0.429520
2.310 0.427720
2.315 0.427370
2.320 0.427120
2.325 0.426050
2.330 0.424920
2.335 0.424000
2.340 0.422700
2.345 0.420810
2.350 0.420240
2.355 0.419510
2.360 0.420110
2.365 0.420340
2.370 0.419310
2.375 0.418260
2.380 0.416630
2.385 0.415400
2.390 0.414770
2.395 0.415260
2.400 0.414770
2.405 0.414400
2.410 0.412560
2.415 0.411740
2.420 0.409110
2.425 0.407260
2.430 0.404990
2.435 0.402890
2.440 0.400700
2.445 0.397640
2.450 0.397010
2.455 0.395790
2.460 0.393150
2.465 0.392190
2.470 0.390320
2.475 0.389320
2.480 0.386720
2.485 0.385690
2.490 0.384130
2.495 0.383490
2.500 0.382610
