0.350 0.003803
0.355 0.004183
0.360 0.004564
0.365 0.004944
0.370 0.005324
0.375 0.005705
0.380 0.006085
0.385 0.006465
0.390 0.006845
0.395 0.007226
0.400 0.007606
0.405 0.013167
0.410 0.015996
0.415 0.017746
0.420 0.021929
0.425 0.023062
0.430 0.027388
0.435 0.034584
0.440 0.037389
0.445 0.038582
0.450 0.040408
0.455 0.045874
0.460 0.047224
0.465 0.048392
0.470 0.048701
0.475 0.053232
0.480 0.055289
0.485 0.054368
0.490 0.056971
0.495 0.057212
0.500 0.060235
0.505 0.063471
0.510 0.065462
0.515 0.069331
0.520 0.074560
0.525 0.070532
0.530 0.074128
0.535 0.076876
0.540 0.078169
0.545 0.076762
0.550 0.083678
0.555 0.081561
0.560 0.087013
0.565 0.088543
0.570 0.094594
0.575 0.092291
0.580 0.094060
0.585 0.100380
0.590 0.099429
0.595 0.103870
0.600 0.102760
0.605 0.105290
0.610 0.106640
0.615 0.108900
0.620 0.108280
0.625 0.108350
0.630 0.113390
0.635 0.114010
0.640 0.114760
0.645 0.118340
0.650 0.119200
0.655 0.119490
0.660 0.121970
0.665 0.127640
0.670 0.131090
0.675 0.128670
0.680 0.127840
0.685 0.130690
0.690 0.134910
0.695 0.138060
0.700 0.141230
0.705 0.142040
0.710 0.145280
0.715 0.147820
0.720 0.154820
0.725 0.155340
0.730 0.152550
0.735 0.159540
0.740 0.158810
0.745 0.162570
0.750 0.164440
0.755 0.166130
0.760 0.170940
0.765 0.172140
0.770 0.173630
0.775 0.176390
0.780 0.177580
0.785 0.182710
0.790 0.183430
0.795 0.184440
0.800 0.190140
0.805 0.193720
0.810 0.197190
0.815 0.198760
0.820 0.198710
0.825 0.201060
0.830 0.204640
0.835 0.206790
0.840 0.208430
0.845 0.210570
0.850 0.213100
0.855 0.215080
0.860 0.217280
0.865 0.220370
0.870 0.221300
0.875 0.222990
0.880 0.224120
0.885 0.227340
0.890 0.228080
0.895 0.229900
0.900 0.230220
0.905 0.231800
0.910 0.235030
0.915 0.237840
0.920 0.240290
0.925 0.243570
0.930 0.245810
0.935 0.247050
0.940 0.247240
0.945 0.250370
0.950 0.252760
0.955 0.254280
0.960 0.256860
0.965 0.261630
0.970 0.264050
0.975 0.265500
0.980 0.264970
0.985 0.267260
0.990 0.270180
0.995 0.273990
1.000 0.273600
1.005 0.277150
1.010 0.278120
1.015 0.280040
1.020 0.283340
1.025 0.280690
1.030 0.284480
1.035 0.288360
1.040 0.289410
1.045 0.290240
1.050 0.291730
1.055 0.293990
1.060 0.293350
1.065 0.297270
1.070 0.300270
1.075 0.303120
1.080 0.301220
1.085 0.306230
1.090 0.307300
1.095 0.308090
1.100 0.311830
1.105 0.313210
1.110 0.312660
1.115 0.312960
1.120 0.319820
1.125 0.323640
1.130 0.323220
1.135 0.321930
1.140 0.322110
1.145 0.327540
1.150 0.329640
1.155 0.330620
1.160 0.331580
1.165 0.335070
1.170 0.335640
1.175 0.337230
1.180 0.340220
1.185 0.343030
1.190 0.344010
1.195 0.344670
1.200 0.346150
1.205 0.346270
1.210 0.346280
1.215 0.346290
1.220 0.350400
1.225 0.351410
1.230 0.351520
1.235 0.351400
1.240 0.352180
1.245 0.355060
1.250 0.357430
1.255 0.360430
1.260 0.359930
1.265 0.359570
1.270 0.362260
1.275 0.364830
1.280 0.366090
1.285 0.367570
1.290 0.368460
1.295 0.369990
1.300 0.367670
1.305 0.367500
1.310 0.366890
1.315 0.368050
1.320 0.371690
1.325 0.371570
1.330 0.371990
1.335 0.373620
1.340 0.375160
1.345 0.375990
1.350 0.376730
1.355 0.377440
1.360 0.375930
1.365 0.373920
1.370 0.375040
1.375 0.373670
1.380 0.366390
1.385 0.362140
1.390 0.361710
1.395 0.361390
1.400 0.364360
1.405 0.364860
1.410 0.364030
1.415 0.365890
1.420 0.369640
1.425 0.370180
1.430 0.371820
1.435 0.374500
1.440 0.376390
1.445 0.375040
1.450 0.375380
1.455 0.375560
1.460 0.379770
1.465 0.379930
1.470 0.380510
1.475 0.380580
1.480 0.382350
1.485 0.386630
1.490 0.389280
1.495 0.390360
1.500 0.388950
1.505 0.391910
1.510 0.392910
1.515 0.392410
1.520 0.391370
1.525 0.392950
1.530 0.395680
1.535 0.398580
1.540 0.399850
1.545 0.399480
1.550 0.398970
1.555 0.399070
1.560 0.398890
1.565 0.399560
1.570 0.400070
1.575 0.399340
1.580 0.400130
1.585 0.400090
1.590 0.401530
1.595 0.403070
1.600 0.403440
1.605 0.404880
1.610 0.404990
1.615 0.406080
1.620 0.404530
1.625 0.407620
1.630 0.406780
1.635 0.406210
1.640 0.408460
1.645 0.408630
1.650 0.407420
1.655 0.405770
1.660 0.406610
1.665 0.407340
1.670 0.407700
1.675 0.408260
1.680 0.409090
1.685 0.407970
1.690 0.407970
1.695 0.409050
1.700 0.411180
1.705 0.410480
1.710 0.409290
1.715 0.409810
1.720 0.409750
1.725 0.412970
1.730 0.413330
1.735 0.414090
1.740 0.413100
1.745 0.414130
1.750 0.413340
1.755 0.412450
1.760 0.412020
1.765 0.411350
1.770 0.409780
1.775 0.410020
1.780 0.413800
1.785 0.411150
1.790 0.409360
1.795 0.411800
1.800 0.413870
1.805 0.412980
1.810 0.413530
1.815 0.411140
1.820 0.409790
1.825 0.412620
1.830 0.413460
1.835 0.413640
1.840 0.413980
1.845 0.415560
1.850 0.414150
1.855 0.410850
1.860 0.405650
1.865 0.399830
1.870 0.394410
1.875 0.387650
1.880 0.376730
1.885 0.354520
1.890 0.342410
1.895 0.332680
1.900 0.317980
1.905 0.317630
1.910 0.317490
1.915 0.318050
1.920 0.321540
1.925 0.326310
1.930 0.329700
1.935 0.332460
1.940 0.336130
1.945 0.340270
1.950 0.342840
1.955 0.346330
1.960 0.357330
1.965 0.359600
1.970 0.360280
1.975 0.360310
1.980 0.360640
1.985 0.364370
1.990 0.367960
1.995 0.372320
2.000 0.375150
2.005 0.380040
2.010 0.381120
2.015 0.383880
2.020 0.383100
2.025 0.385730
2.030 0.383510
2.035 0.383570
2.040 0.386460
2.045 0.388960
2.050 0.389180
2.055 0.390010
2.060 0.391770
2.065 0.395330
2.070 0.392390
2.075 0.391710
2.080 0.390550
2.085 0.389520
2.090 0.391140
2.095 0.389490
2.100 0.390850
2.105 0.389920
2.110 0.389570
2.115 0.390600
2.120 0.389980
2.125 0.390800
2.130 0.389680
2.135 0.390490
2.140 0.390770
2.145 0.389730
2.150 0.389170
2.155 0.388350
2.160 0.385810
2.165 0.386310
2.170 0.386340
2.175 0.383990
2.180 0.381880
2.185 0.380820
2.190 0.378320
2.195 0.376160
2.200 0.373180
2.205 0.372190
2.210 0.369120
2.215 0.371920
2.220 0.373100
2.225 0.374200
2.230 0.374900
2.235 0.374510
2.240 0.374240
2.245 0.372890
2.250 0.373020
2.255 0.373660
2.260 0.373480
2.265 0.374650
2.270 0.374540
2.275 0.373380
2.280 0.372280
2.285 0.371940
2.290 0.369850
2.295 0.368530
2.300 0.368180
2.305 0.367460
2.310 0.367770
2.315 0.367510
2.320 0.367300
2.325 0.367130
2.330 0.366090
2.335 0.365210
2.340 0.363670
2.345 0.362100
2.350 0.360810
2.355 0.359300
2.360 0.358080
2.365 0.357440
2.370 0.356130
2.375 0.354720
2.380 0.352450
2.385 0.352010
2.390 0.350510
2.395 0.348970
2.400 0.347870
2.405 0.345750
2.410 0.343860
2.415 0.342350
2.420 0.339380
2.425 0.337280
2.430 0.334730
2.435 0.332010
2.440 0.329800
2.445 0.327010
2.450 0.325740
2.455 0.323470
2.460 0.321130
2.465 0.318880
2.470 0.317240
2.475 0.315890
2.480 0.313610
2.485 0.311690
2.490 0.310330
2.495 0.308900
2.500 0.307570
