0.350 0.049510
0.355 0.054462
0.360 0.059413
0.365 0.064364
0.370 0.069315
0.375 0.074266
0.380 0.079217
0.385 0.084168
0.390 0.089119
0.395 0.094070
0.400 0.099021
0.405 0.103230
0.410 0.107180
0.415 0.111200
0.420 0.116340
0.425 0.121680
0.430 0.128110
0.435 0.135460
0.440 0.142410
0.445 0.149930
0.450 0.156100
0.455 0.162370
0.460 0.166400
0.465 0.170660
0.470 0.174090
0.475 0.176740
0.480 0.179470
0.485 0.181440
0.490 0.184520
0.495 0.186470
0.500 0.189760
0.505 0.193390
0.510 0.198130
0.515 0.204780
0.520 0.212320
0.525 0.220700
0.530 0.228190
0.535 0.234890
0.540 0.239890
0.545 0.243830
0.550 0.246960
0.555 0.250060
0.560 0.250550
0.565 0.249330
0.570 0.247310
0.575 0.245760
0.580 0.245670
0.585 0.244730
0.590 0.244290
0.595 0.245030
0.600 0.245560
0.605 0.246360
0.610 0.245100
0.615 0.244570
0.620 0.244060
0.625 0.244550
0.630 0.245770
0.635 0.246900
0.640 0.246570
0.645 0.245490
0.650 0.242940
0.655 0.244050
0.660 0.243010
0.665 0.239970
0.670 0.239130
0.675 0.238420
0.680 0.239410
0.685 0.242280
0.690 0.250870
0.695 0.267470
0.700 0.294060
0.705 0.319970
0.710 0.346360
0.715 0.373410
0.720 0.401940
0.725 0.430230
0.730 0.455210
0.735 0.477350
0.740 0.494310
0.745 0.505010
0.750 0.515540
0.755 0.522890
0.760 0.529090
0.765 0.532630
0.770 0.537610
0.775 0.538600
0.780 0.542450
0.785 0.545360
0.790 0.547470
0.795 0.550830
0.800 0.553670
0.805 0.555170
0.810 0.557690
0.815 0.560570
0.820 0.560910
0.825 0.561590
0.830 0.563020
0.835 0.563970
0.840 0.565500
0.845 0.567090
0.850 0.568940
0.855 0.572420
0.860 0.575300
0.865 0.575460
0.870 0.575220
0.875 0.576760
0.880 0.579280
0.885 0.580950
0.890 0.581200
0.895 0.580860
0.900 0.580310
0.905 0.579890
0.910 0.579880
0.915 0.580760
0.920 0.582710
0.925 0.584490
0.930 0.585230
0.935 0.585150
0.940 0.583870
0.945 0.580570
0.950 0.578410
0.955 0.579460
0.960 0.578220
0.965 0.576020
0.970 0.576050
0.975 0.574710
0.980 0.575860
0.985 0.575760
0.990 0.575150
0.995 0.577110
1.000 0.579570
1.005 0.581340
1.010 0.582580
1.015 0.584690
1.020 0.587420
1.025 0.590690
1.030 0.593810
1.035 0.594700
1.040 0.596230
1.045 0.599190
1.050 0.601470
1.055 0.602720
1.060 0.605050
1.065 0.606580
1.070 0.608240
1.075 0.608930
1.080 0.610400
1.085 0.611520
1.090 0.611690
1.095 0.612290
1.100 0.612770
1.105 0.612740
1.110 0.611790
1.115 0.610720
1.120 0.610850
1.125 0.608670
1.130 0.606730
1.135 0.601190
1.140 0.592650
1.145 0.583860
1.150 0.576440
1.155 0.568050
1.160 0.561660
1.165 0.556010
1.170 0.552340
1.175 0.551300
1.180 0.547670
1.185 0.544590
1.190 0.542790
1.195 0.542480
1.200 0.542640
1.205 0.542680
1.210 0.543630
1.215 0.546760
1.220 0.551030
1.225 0.556220
1.230 0.560570
1.235 0.564670
1.240 0.568190
1.245 0.570980
1.250 0.573690
1.255 0.575520
1.260 0.578120
1.265 0.579440
1.270 0.580270
1.275 0.580920
1.280 0.581520
1.285 0.582100
1.290 0.580950
1.295 0.580200
1.300 0.579730
1.305 0.576120
1.310 0.572390
1.315 0.567970
1.320 0.561820
1.325 0.554760
1.330 0.546290
1.335 0.538530
1.340 0.529800
1.345 0.520840
1.350 0.512620
1.355 0.504360
1.360 0.497860
1.365 0.491470
1.370 0.482950
1.375 0.471990
1.380 0.459490
1.385 0.441640
1.390 0.419570
1.395 0.396430
1.400 0.372500
1.405 0.352420
1.410 0.333240
1.415 0.318020
1.420 0.309650
1.425 0.301350
1.430 0.294690
1.435 0.290270
1.440 0.286760
1.445 0.285400
1.450 0.284990
1.455 0.284590
1.460 0.283670
1.465 0.285050
1.470 0.284310
1.475 0.286250
1.480 0.289650
1.485 0.292960
1.490 0.297300
1.495 0.302100
1.500 0.305410
1.505 0.310740
1.510 0.314070
1.515 0.318310
1.520 0.324010
1.525 0.327100
1.530 0.331240
1.535 0.333580
1.540 0.336870
1.545 0.339640
1.550 0.343530
1.555 0.347370
1.560 0.351090
1.565 0.354550
1.570 0.356550
1.575 0.359510
1.580 0.362150
1.585 0.364600
1.590 0.368260
1.595 0.370390
1.600 0.372950
1.605 0.377620
1.610 0.380780
1.615 0.382930
1.620 0.383950
1.625 0.383140
1.630 0.384090
1.635 0.387200
1.640 0.390920
1.645 0.393460
1.650 0.393690
1.655 0.393460
1.660 0.395060
1.665 0.392230
1.670 0.388120
1.675 0.386760
1.680 0.383790
1.685 0.379890
1.690 0.376880
1.695 0.374520
1.700 0.372510
1.705 0.370450
1.710 0.367120
1.715 0.362960
1.720 0.360830
1.725 0.359490
1.730 0.357650
1.735 0.357650
1.740 0.359070
1.745 0.359720
1.750 0.359410
1.755 0.358340
1.760 0.356840
1.765 0.356000
1.770 0.356370
1.775 0.356050
1.780 0.356120
1.785 0.358910
1.790 0.360300
1.795 0.359190
1.800 0.359770
1.805 0.361310
1.810 0.361860
1.815 0.361890
1.820 0.362060
1.825 0.362660
1.830 0.363870
1.835 0.364810
1.840 0.364530
1.845 0.363340
1.850 0.361260
1.855 0.357520
1.860 0.350850
1.865 0.341720
1.870 0.329900
1.875 0.315340
1.880 0.297380
1.885 0.277970
1.890 0.258800
1.895 0.240820
1.900 0.225210
1.905 0.212280
1.910 0.202920
1.915 0.195720
1.920 0.190000
1.925 0.186280
1.930 0.185610
1.935 0.186280
1.940 0.186970
1.945 0.188140
1.950 0.190570
1.955 0.193600
1.960 0.196680
1.965 0.199740
1.970 0.202800
1.975 0.205840
1.980 0.208870
1.985 0.211900
1.990 0.214990
1.995 0.218210
2.000 0.221580
2.005 0.224700
2.010 0.227090
2.015 0.228950
2.020 0.230470
2.025 0.231920
2.030 0.233470
2.035 0.234610
2.040 0.234780
2.045 0.234520
2.050 0.234340
2.055 0.234420
2.060 0.234830
2.065 0.235000
2.070 0.234350
2.075 0.233490
2.080 0.233040
2.085 0.233030
2.090 0.233460
2.095 0.233770
2.100 0.233430
2.105 0.232890
2.110 0.232730
2.115 0.233760
2.120 0.236840
2.125 0.240380
2.130 0.242870
2.135 0.244670
2.140 0.246120
2.145 0.246950
2.150 0.246860
2.155 0.247210
2.160 0.249360
2.165 0.251860
2.170 0.253260
2.175 0.254040
2.180 0.254750
2.185 0.255780
2.190 0.257450
2.195 0.259200
2.200 0.260430
2.205 0.261060
2.210 0.260960
2.215 0.260610
2.220 0.260370
2.225 0.259920
2.230 0.258770
2.235 0.256520
2.240 0.252660
2.245 0.248370
2.250 0.244630
2.255 0.240670
2.260 0.235680
2.265 0.231000
2.270 0.227970
2.275 0.225250
2.280 0.221610
2.285 0.218280
2.290 0.216520
2.295 0.214550
2.300 0.210620
2.305 0.206720
2.310 0.205130
2.315 0.205970
2.320 0.209390
2.325 0.212050
2.330 0.210750
2.335 0.208130
2.340 0.206590
2.345 0.204750
2.350 0.201170
2.355 0.198900
2.360 0.201040
2.365 0.203740
2.370 0.203230
2.375 0.201870
2.380 0.202090
2.385 0.202560
2.390 0.201440
2.395 0.199170
2.400 0.196780
2.405 0.194850
2.410 0.193210
2.415 0.191630
2.420 0.189980
2.425 0.188210
2.430 0.186360
2.435 0.184400
2.440 0.182160
2.445 0.179430
2.450 0.176450
2.455 0.173410
2.460 0.170420
2.465 0.167670
2.470 0.165460
2.475 0.163630
2.480 0.161950
2.485 0.160370
2.490 0.158890
2.495 0.157670
2.500 0.156970
