0.350 0.029623
0.355 0.032585
0.360 0.035547
0.365 0.038509
0.370 0.041472
0.375 0.044434
0.380 0.047396
0.385 0.050358
0.390 0.053321
0.395 0.056283
0.400 0.059245
0.405 0.059136
0.410 0.062494
0.415 0.065509
0.420 0.067726
0.425 0.069868
0.430 0.072554
0.435 0.070163
0.440 0.075742
0.445 0.074962
0.450 0.076548
0.455 0.081512
0.460 0.077246
0.465 0.079494
0.470 0.080448
0.475 0.083731
0.480 0.084227
0.485 0.084890
0.490 0.086198
0.495 0.085607
0.500 0.086137
0.505 0.087357
0.510 0.086411
0.515 0.086446
0.520 0.086384
0.525 0.088386
0.530 0.087169
0.535 0.090351
0.540 0.090116
0.545 0.091392
0.550 0.090461
0.555 0.090030
0.560 0.094113
0.565 0.097223
0.570 0.091320
0.575 0.093427
0.580 0.093113
0.585 0.093854
0.590 0.093465
0.595 0.092902
0.600 0.092583
0.605 0.093099
0.610 0.091864
0.615 0.092270
0.620 0.093654
0.625 0.091607
0.630 0.096384
0.635 0.095334
0.640 0.091460
0.645 0.092918
0.650 0.091729
0.655 0.092680
0.660 0.092516
0.665 0.091796
0.670 0.090417
0.675 0.090024
0.680 0.091205
0.685 0.087820
0.690 0.090687
0.695 0.088071
0.700 0.088844
0.705 0.089719
0.710 0.089908
0.715 0.089468
0.720 0.090397
0.725 0.091257
0.730 0.090145
0.735 0.088672
0.740 0.091792
0.745 0.090180
0.750 0.089665
0.755 0.089648
0.760 0.091168
0.765 0.088771
0.770 0.090924
0.775 0.091168
0.780 0.091581
0.785 0.091277
0.790 0.090888
0.795 0.089427
0.800 0.092234
0.805 0.092491
0.810 0.090822
0.815 0.090289
0.820 0.091294
0.825 0.091485
0.830 0.090503
0.835 0.089251
0.840 0.089946
0.845 0.089920
0.850 0.087050
0.855 0.087376
0.860 0.086163
0.865 0.087956
0.870 0.086955
0.875 0.086036
0.880 0.087314
0.885 0.087989
0.890 0.085269
0.895 0.085768
0.900 0.086546
0.905 0.086095
0.910 0.087061
0.915 0.088013
0.920 0.088357
0.925 0.090395
0.930 0.089313
0.935 0.090036
0.940 0.092029
0.945 0.091863
0.950 0.090764
0.955 0.093020
0.960 0.092455
0.965 0.094273
0.970 0.094430
0.975 0.092886
0.980 0.094558
0.985 0.093941
0.990 0.094341
0.995 0.094308
1.000 0.095095
1.005 0.093375
1.010 0.093697
1.015 0.092720
1.020 0.094070
1.025 0.093971
1.030 0.094102
1.035 0.092561
1.040 0.092475
1.045 0.092417
1.050 0.092962
1.055 0.092865
1.060 0.093050
1.065 0.094048
1.070 0.093868
1.075 0.093702
1.080 0.093467
1.085 0.092251
1.090 0.093991
1.095 0.093882
1.100 0.094625
1.105 0.093474
1.110 0.094081
1.115 0.093683
1.120 0.093300
1.125 0.094539
1.130 0.095536
1.135 0.096574
1.140 0.096946
1.145 0.098531
1.150 0.098235
1.155 0.097898
1.160 0.099544
1.165 0.099708
1.170 0.100240
1.175 0.100680
1.180 0.102820
1.185 0.104290
1.190 0.105460
1.195 0.104570
1.200 0.107040
1.205 0.107320
1.210 0.109080
1.215 0.109400
1.220 0.112270
1.225 0.112660
1.230 0.114420
1.235 0.114680
1.240 0.116910
1.245 0.119840
1.250 0.119840
1.255 0.121390
1.260 0.123280
1.265 0.122280
1.270 0.123100
1.275 0.123190
1.280 0.126020
1.285 0.127150
1.290 0.127720
1.295 0.128530
1.300 0.131030
1.305 0.131920
1.310 0.137120
1.315 0.140500
1.320 0.140950
1.325 0.142860
1.330 0.143270
1.335 0.142590
1.340 0.142570
1.345 0.145460
1.350 0.148540
1.355 0.148740
1.360 0.149340
1.365 0.147590
1.370 0.150430
1.375 0.148020
1.380 0.146100
1.385 0.143830
1.390 0.144820
1.395 0.145030
1.400 0.145500
1.405 0.148600
1.410 0.153570
1.415 0.159190
1.420 0.162980
1.425 0.163700
1.430 0.164210
1.435 0.165770
1.440 0.165250
1.445 0.168690
1.450 0.169460
1.455 0.169790
1.460 0.173290
1.465 0.173380
1.470 0.174230
1.475 0.175160
1.480 0.180070
1.485 0.180700
1.490 0.181840
1.495 0.182590
1.500 0.185960
1.505 0.185840
1.510 0.189110
1.515 0.190020
1.520 0.189000
1.525 0.189430
1.530 0.190030
1.535 0.192460
1.540 0.192810
1.545 0.194890
1.550 0.196230
1.555 0.197410
1.560 0.201330
1.565 0.201030
1.570 0.204180
1.575 0.202820
1.580 0.206650
1.585 0.208950
1.590 0.209090
1.595 0.210520
1.600 0.212990
1.605 0.212990
1.610 0.213330
1.615 0.214270
1.620 0.218620
1.625 0.218550
1.630 0.220440
1.635 0.221320
1.640 0.220760
1.645 0.222670
1.650 0.225950
1.655 0.229590
1.660 0.229310
1.665 0.232810
1.670 0.232300
1.675 0.235330
1.680 0.234860
1.685 0.236290
1.690 0.239240
1.695 0.240800
1.700 0.241490
1.705 0.240540
1.710 0.244620
1.715 0.246370
1.720 0.246560
1.725 0.248070
1.730 0.249560
1.735 0.248640
1.740 0.248680
1.745 0.249260
1.750 0.253870
1.755 0.255800
1.760 0.256750
1.765 0.256190
1.770 0.256800
1.775 0.259440
1.780 0.259990
1.785 0.261370
1.790 0.260340
1.795 0.260950
1.800 0.263820
1.805 0.263780
1.810 0.263700
1.815 0.265760
1.820 0.264110
1.825 0.265540
1.830 0.265170
1.835 0.268110
1.840 0.268600
1.845 0.267010
1.850 0.268580
1.855 0.269670
1.860 0.268450
1.865 0.268370
1.870 0.265960
1.875 0.267700
1.880 0.269380
1.885 0.269070
1.890 0.269380
1.895 0.270410
1.900 0.269960
1.905 0.269530
1.910 0.271690
1.915 0.270850
1.920 0.271490
1.925 0.269910
1.930 0.272500
1.935 0.274700
1.940 0.274980
1.945 0.275320
1.950 0.275950
1.955 0.275290
1.960 0.274230
1.965 0.272990
1.970 0.271160
1.975 0.272290
1.980 0.270850
1.985 0.269110
1.990 0.271070
1.995 0.270530
2.000 0.272370
2.005 0.275630
2.010 0.279270
2.015 0.282010
2.020 0.283550
2.025 0.284390
2.030 0.286950
2.035 0.290080
2.040 0.295140
2.045 0.294460
2.050 0.294670
2.055 0.295000
2.060 0.297260
2.065 0.299290
2.070 0.301610
2.075 0.302840
2.080 0.302720
2.085 0.303020
2.090 0.302410
2.095 0.302640
2.100 0.302320
2.105 0.302890
2.110 0.302190
2.115 0.301360
2.120 0.300690
2.125 0.301260
2.130 0.301830
2.135 0.301650
2.140 0.302650
2.145 0.302080
2.150 0.301690
2.155 0.302450
2.160 0.302020
2.165 0.301420
2.170 0.300930
2.175 0.300770
2.180 0.298860
2.185 0.297830
2.190 0.294900
2.195 0.293840
2.200 0.291090
2.205 0.287820
2.210 0.285610
2.215 0.284050
2.220 0.281250
2.225 0.277700
2.230 0.272030
2.235 0.261850
2.240 0.247850
2.245 0.230070
2.250 0.214020
2.255 0.207770
2.260 0.210730
2.265 0.218870
2.270 0.227400
2.275 0.234280
2.280 0.238450
2.285 0.240040
2.290 0.239110
2.295 0.236740
2.300 0.232500
2.305 0.227810
2.310 0.223330
2.315 0.218820
2.320 0.214690
2.325 0.209850
2.330 0.204050
2.335 0.199260
2.340 0.194600
2.345 0.191680
2.350 0.191390
2.355 0.192770
2.360 0.196200
2.365 0.201300
2.370 0.207080
2.375 0.212880
2.380 0.218410
2.385 0.221270
2.390 0.224190
2.395 0.227110
2.400 0.228000
2.405 0.229850
2.410 0.231240
2.415 0.232760
2.420 0.234130
2.425 0.234610
2.430 0.235370
2.435 0.235090
2.440 0.234500
2.445 0.233840
2.450 0.232090
2.455 0.231290
2.460 0.229630
2.465 0.227840
2.470 0.225690
2.475 0.223710
2.480 0.222850
2.485 0.221040
2.490 0.219170
2.495 0.218610
2.500 0.218180
