0.350 0.033741
0.355 0.037115
0.360 0.040489
0.365 0.043863
0.370 0.047237
0.375 0.050611
0.380 0.053985
0.385 0.057359
0.390 0.060733
0.395 0.064107
0.400 0.067481
0.405 0.070603
0.410 0.075353
0.415 0.075738
0.420 0.077897
0.425 0.082501
0.430 0.084644
0.435 0.089369
0.440 0.093738
0.445 0.095234
0.450 0.098343
0.455 0.100690
0.460 0.105720
0.465 0.110100
0.470 0.109940
0.475 0.111290
0.480 0.115970
0.485 0.118010
0.490 0.119400
0.495 0.125380
0.500 0.124710
0.505 0.125430
0.510 0.132840
0.515 0.135490
0.520 0.139280
0.525 0.139490
0.530 0.144560
0.535 0.146020
0.540 0.149030
0.545 0.153180
0.550 0.159670
0.555 0.164830
0.560 0.168850
0.565 0.177120
0.570 0.177110
0.575 0.186010
0.580 0.191000
0.585 0.194160
0.590 0.193400
0.595 0.198470
0.600 0.206530
0.605 0.207130
0.610 0.207970
0.615 0.210310
0.620 0.214500
0.625 0.217920
0.630 0.217850
0.635 0.226280
0.640 0.221480
0.645 0.227600
0.650 0.234070
0.655 0.231700
0.660 0.237830
0.665 0.238810
0.670 0.243030
0.675 0.246100
0.680 0.249100
0.685 0.255430
0.690 0.256140
0.695 0.256560
0.700 0.261190
0.705 0.263890
0.710 0.268520
0.715 0.270480
0.720 0.274690
0.725 0.275320
0.730 0.281270
0.735 0.280250
0.740 0.286440
0.745 0.287510
0.750 0.290960
0.755 0.293520
0.760 0.294760
0.765 0.298200
0.770 0.302670
0.775 0.302990
0.780 0.304750
0.785 0.308240
0.790 0.308830
0.795 0.310170
0.800 0.314910
0.805 0.314980
0.810 0.320880
0.815 0.320400
0.820 0.322770
0.825 0.328270
0.830 0.329100
0.835 0.329980
0.840 0.332750
0.845 0.333760
0.850 0.334550
0.855 0.336500
0.860 0.337820
0.865 0.339860
0.870 0.339590
0.875 0.343790
0.880 0.345030
0.885 0.346550
0.890 0.347800
0.895 0.348820
0.900 0.351710
0.905 0.355380
0.910 0.356790
0.915 0.358990
0.920 0.361350
0.925 0.361990
0.930 0.366010
0.935 0.367560
0.940 0.367860
0.945 0.371870
0.950 0.372880
0.955 0.374490
0.960 0.379280
0.965 0.377870
0.970 0.378640
0.975 0.380040
0.980 0.381270
0.985 0.383580
0.990 0.385700
0.995 0.388110
1.000 0.389330
1.005 0.393690
1.010 0.394000
1.015 0.397470
1.020 0.393290
1.025 0.397540
1.030 0.397990
1.035 0.401350
1.040 0.404460
1.045 0.410120
1.050 0.411750
1.055 0.406760
1.060 0.405560
1.065 0.410980
1.070 0.413580
1.075 0.412620
1.080 0.413750
1.085 0.416230
1.090 0.418810
1.095 0.419460
1.100 0.420100
1.105 0.419090
1.110 0.422800
1.115 0.425640
1.120 0.421290
1.125 0.428290
1.130 0.425680
1.135 0.424640
1.140 0.429010
1.145 0.425780
1.150 0.425600
1.155 0.426260
1.160 0.425980
1.165 0.427030
1.170 0.429000
1.175 0.430580
1.180 0.431730
1.185 0.431920
1.190 0.433400
1.195 0.433820
1.200 0.433960
1.205 0.437610
1.210 0.441470
1.215 0.446300
1.220 0.447410
1.225 0.447460
1.230 0.448510
1.235 0.448460
1.240 0.444060
1.245 0.439950
1.250 0.444150
1.255 0.450250
1.260 0.452710
1.265 0.453250
1.270 0.455890
1.275 0.458610
1.280 0.459450
1.285 0.460730
1.290 0.461200
1.295 0.461190
1.300 0.462270
1.305 0.462290
1.310 0.463560
1.315 0.462790
1.320 0.462380
1.325 0.462180
1.330 0.459050
1.335 0.460780
1.340 0.459710
1.345 0.460980
1.350 0.457950
1.355 0.458100
1.360 0.461910
1.365 0.460110
1.370 0.459080
1.375 0.456110
1.380 0.453830
1.385 0.449660
1.390 0.447480
1.395 0.443870
1.400 0.440830
1.405 0.436850
1.410 0.435190
1.415 0.436620
1.420 0.438230
1.425 0.439880
1.430 0.440160
1.435 0.440940
1.440 0.442620
1.445 0.440640
1.450 0.440400
1.455 0.442270
1.460 0.444680
1.465 0.446310
1.470 0.447530
1.475 0.449130
1.480 0.451470
1.485 0.455730
1.490 0.456250
1.495 0.457830
1.500 0.449500
1.505 0.453160
1.510 0.457020
1.515 0.460920
1.520 0.456300
1.525 0.457590
1.530 0.464920
1.535 0.469470
1.540 0.468070
1.545 0.465620
1.550 0.468060
1.555 0.466420
1.560 0.467020
1.565 0.466200
1.570 0.465720
1.575 0.466950
1.580 0.471920
1.585 0.470070
1.590 0.470420
1.595 0.468900
1.600 0.468460
1.605 0.468720
1.610 0.469760
1.615 0.471290
1.620 0.476390
1.625 0.473370
1.630 0.474410
1.635 0.476310
1.640 0.477230
1.645 0.477520
1.650 0.476600
1.655 0.478750
1.660 0.478240
1.665 0.473810
1.670 0.474250
1.675 0.474130
1.680 0.475590
1.685 0.476080
1.690 0.477040
1.695 0.473420
1.700 0.474170
1.705 0.474380
1.710 0.473290
1.715 0.476150
1.720 0.476100
1.725 0.476940
1.730 0.476250
1.735 0.478960
1.740 0.479760
1.745 0.480420
1.750 0.481330
1.755 0.481530
1.760 0.479690
1.765 0.479570
1.770 0.479010
1.775 0.479790
1.780 0.479320
1.785 0.477010
1.790 0.477490
1.795 0.478810
1.800 0.479710
1.805 0.478080
1.810 0.481100
1.815 0.480830
1.820 0.480700
1.825 0.481930
1.830 0.482090
1.835 0.481810
1.840 0.482370
1.845 0.483950
1.850 0.480680
1.855 0.480360
1.860 0.480420
1.865 0.477340
1.870 0.468440
1.875 0.461730
1.880 0.451250
1.885 0.439890
1.890 0.427020
1.895 0.410050
1.900 0.396410
1.905 0.391030
1.910 0.393070
1.915 0.388400
1.920 0.388980
1.925 0.391100
1.930 0.393590
1.935 0.398010
1.940 0.402650
1.945 0.405530
1.950 0.410000
1.955 0.412110
1.960 0.416930
1.965 0.420460
1.970 0.424690
1.975 0.428990
1.980 0.431600
1.985 0.433780
1.990 0.435480
1.995 0.438190
2.000 0.443370
2.005 0.443690
2.010 0.445480
2.015 0.445880
2.020 0.442930
2.025 0.441340
2.030 0.443650
2.035 0.442720
2.040 0.443590
2.045 0.444530
2.050 0.446380
2.055 0.444170
2.060 0.443810
2.065 0.446780
2.070 0.447510
2.075 0.445550
2.080 0.445010
2.085 0.444600
2.090 0.446270
2.095 0.445420
2.100 0.446380
2.105 0.445190
2.110 0.445800
2.115 0.446320
2.120 0.446030
2.125 0.446280
2.130 0.446270
2.135 0.444920
2.140 0.445760
2.145 0.443390
2.150 0.441360
2.155 0.441050
2.160 0.438260
2.165 0.437170
2.170 0.436230
2.175 0.434870
2.180 0.432600
2.185 0.431340
2.190 0.428810
2.195 0.425790
2.200 0.422110
2.205 0.417530
2.210 0.417840
2.215 0.425150
2.220 0.429060
2.225 0.431300
2.230 0.432230
2.235 0.432980
2.240 0.433590
2.245 0.434320
2.250 0.433790
2.255 0.434190
2.260 0.434770
2.265 0.434750
2.270 0.434410
2.275 0.434700
2.280 0.433760
2.285 0.433450
2.290 0.432550
2.295 0.430950
2.300 0.430320
2.305 0.429560
2.310 0.427700
2.315 0.427470
2.320 0.427180
2.325 0.425990
2.330 0.424920
2.335 0.424010
2.340 0.422650
2.345 0.420900
2.350 0.420240
2.355 0.419300
2.360 0.420110
2.365 0.420340
2.370 0.419370
2.375 0.418230
2.380 0.416700
2.385 0.415340
2.390 0.414780
2.395 0.415290
2.400 0.414790
2.405 0.414220
2.410 0.412570
2.415 0.411570
2.420 0.409230
2.425 0.407160
2.430 0.404910
2.435 0.402890
2.440 0.400370
2.445 0.397720
2.450 0.397010
2.455 0.395610
2.460 0.393250
2.465 0.392240
2.470 0.390260
2.475 0.389130
2.480 0.386640
2.485 0.385710
2.490 0.384130
2.495 0.383490
2.500 0.382520
