0.350 0.017564
0.355 0.019320
0.360 0.021077
0.365 0.022833
0.370 0.024590
0.375 0.026346
0.380 0.028102
0.385 0.029859
0.390 0.031615
0.395 0.033372
0.400 0.035128
0.405 0.037787
0.410 0.032759
0.415 0.033621
0.420 0.034869
0.425 0.034589
0.430 0.035119
0.435 0.035628
0.440 0.037634
0.445 0.038060
0.450 0.037895
0.455 0.038148
0.460 0.038295
0.465 0.038678
0.470 0.038480
0.475 0.038150
0.480 0.038185
0.485 0.038553
0.490 0.038931
0.495 0.039079
0.500 0.040361
0.505 0.041951
0.510 0.044398
0.515 0.049179
0.520 0.055941
0.525 0.064461
0.530 0.072471
0.535 0.078251
0.540 0.081405
0.545 0.083614
0.550 0.085396
0.555 0.085855
0.560 0.083919
0.565 0.079376
0.570 0.073245
0.575 0.066968
0.580 0.062444
0.585 0.059299
0.590 0.057028
0.595 0.055720
0.600 0.055004
0.605 0.054017
0.610 0.052168
0.615 0.050027
0.620 0.048358
0.625 0.047411
0.630 0.046995
0.635 0.046551
0.640 0.045112
0.645 0.043424
0.650 0.042013
0.655 0.041284
0.660 0.040454
0.665 0.039929
0.670 0.040086
0.675 0.041035
0.680 0.042607
0.685 0.045099
0.690 0.049093
0.695 0.061659
0.700 0.090687
0.705 0.136990
0.710 0.193640
0.715 0.257110
0.720 0.323770
0.725 0.388640
0.730 0.446530
0.735 0.494090
0.740 0.531170
0.745 0.558020
0.750 0.576780
0.755 0.589330
0.760 0.597540
0.765 0.602980
0.770 0.606760
0.775 0.609820
0.780 0.612450
0.785 0.614770
0.790 0.617080
0.795 0.619330
0.800 0.621430
0.805 0.623450
0.810 0.625630
0.815 0.627960
0.820 0.629900
0.825 0.631970
0.830 0.634060
0.835 0.636030
0.840 0.637880
0.845 0.640080
0.850 0.642120
0.855 0.644160
0.860 0.645790
0.865 0.647750
0.870 0.649340
0.875 0.650840
0.880 0.652400
0.885 0.653540
0.890 0.654770
0.895 0.655810
0.900 0.657020
0.905 0.658020
0.910 0.659100
0.915 0.660080
0.920 0.661040
0.925 0.661490
0.930 0.661380
0.935 0.661100
0.940 0.660650
0.945 0.659800
0.950 0.657490
0.955 0.654250
0.960 0.651630
0.965 0.650030
0.970 0.649820
0.975 0.650560
0.980 0.651920
0.985 0.653850
0.990 0.655780
0.995 0.658280
1.000 0.661020
1.005 0.665330
1.010 0.668550
1.015 0.670060
1.020 0.673830
1.025 0.675670
1.030 0.678860
1.035 0.680590
1.040 0.682610
1.045 0.685690
1.050 0.687250
1.055 0.689240
1.060 0.690330
1.065 0.693040
1.070 0.694690
1.075 0.695280
1.080 0.697400
1.085 0.696780
1.090 0.696890
1.095 0.696940
1.100 0.697830
1.105 0.696850
1.110 0.695380
1.115 0.695490
1.120 0.693600
1.125 0.691640
1.130 0.687700
1.135 0.681320
1.140 0.672470
1.145 0.662070
1.150 0.653060
1.155 0.645260
1.160 0.642210
1.165 0.639430
1.170 0.639450
1.175 0.639710
1.180 0.639170
1.185 0.638970
1.190 0.638310
1.195 0.639350
1.200 0.640660
1.205 0.642020
1.210 0.644800
1.215 0.647110
1.220 0.650540
1.225 0.654030
1.230 0.657030
1.235 0.659650
1.240 0.662070
1.245 0.665150
1.250 0.667430
1.255 0.668440
1.260 0.670080
1.265 0.670780
1.270 0.671530
1.275 0.671730
1.280 0.671430
1.285 0.669970
1.290 0.668710
1.295 0.666090
1.300 0.662300
1.305 0.657790
1.310 0.652210
1.315 0.644820
1.320 0.636310
1.325 0.625620
1.330 0.614520
1.335 0.602470
1.340 0.591090
1.345 0.579480
1.350 0.567990
1.355 0.557000
1.360 0.545120
1.365 0.531530
1.370 0.512520
1.375 0.487480
1.380 0.452480
1.385 0.408780
1.390 0.359490
1.395 0.311410
1.400 0.268150
1.405 0.234420
1.410 0.209980
1.415 0.193640
1.420 0.183510
1.425 0.177580
1.430 0.174760
1.435 0.173800
1.440 0.173900
1.445 0.175310
1.450 0.177150
1.455 0.179160
1.460 0.182390
1.465 0.187760
1.470 0.194430
1.475 0.202630
1.480 0.211590
1.485 0.221680
1.490 0.231900
1.495 0.242480
1.500 0.253160
1.505 0.263940
1.510 0.274620
1.515 0.284790
1.520 0.294990
1.525 0.304740
1.530 0.314420
1.535 0.323270
1.540 0.332120
1.545 0.340730
1.550 0.348930
1.555 0.356740
1.560 0.364260
1.565 0.371620
1.570 0.378490
1.575 0.385080
1.580 0.391360
1.585 0.397670
1.590 0.403370
1.595 0.409560
1.600 0.414960
1.605 0.420550
1.610 0.425410
1.615 0.430070
1.620 0.434600
1.625 0.438220
1.630 0.441930
1.635 0.445640
1.640 0.448020
1.645 0.449600
1.650 0.450390
1.655 0.450240
1.660 0.449320
1.665 0.448910
1.670 0.448450
1.675 0.447280
1.680 0.444950
1.685 0.442030
1.690 0.437690
1.695 0.434000
1.700 0.429650
1.705 0.424440
1.710 0.419860
1.715 0.415100
1.720 0.411110
1.725 0.407390
1.730 0.404580
1.735 0.401780
1.740 0.398500
1.745 0.394010
1.750 0.388620
1.755 0.382940
1.760 0.377990
1.765 0.373840
1.770 0.369540
1.775 0.366940
1.780 0.364700
1.785 0.362910
1.790 0.361890
1.795 0.362250
1.800 0.362180
1.805 0.362230
1.810 0.362500
1.815 0.362490
1.820 0.362040
1.825 0.361260
1.830 0.359190
1.835 0.355680
1.840 0.349820
1.845 0.341150
1.850 0.328400
1.855 0.311020
1.860 0.287690
1.865 0.258360
1.870 0.222520
1.875 0.183390
1.880 0.145490
1.885 0.111970
1.890 0.085292
1.895 0.066588
1.900 0.055175
1.905 0.048625
1.910 0.045296
1.915 0.043723
1.920 0.043015
1.925 0.042994
1.930 0.043504
1.935 0.044539
1.940 0.045769
1.945 0.047376
1.950 0.049235
1.955 0.051503
1.960 0.053992
1.965 0.056747
1.970 0.059763
1.975 0.063200
1.980 0.066828
1.985 0.070756
1.990 0.074706
1.995 0.079067
2.000 0.083381
2.005 0.087754
2.010 0.092066
2.015 0.096169
2.020 0.100370
2.025 0.104150
2.030 0.107730
2.035 0.111140
2.040 0.114280
2.045 0.117140
2.050 0.119900
2.055 0.122720
2.060 0.125770
2.065 0.128830
2.070 0.131690
2.075 0.134690
2.080 0.137630
2.085 0.140480
2.090 0.143300
2.095 0.145980
2.100 0.148480
2.105 0.151050
2.110 0.153420
2.115 0.155780
2.120 0.157970
2.125 0.160050
2.130 0.162040
2.135 0.163990
2.140 0.165750
2.145 0.167790
2.150 0.169820
2.155 0.171750
2.160 0.173750
2.165 0.175710
2.170 0.177590
2.175 0.179610
2.180 0.181400
2.185 0.183910
2.190 0.186160
2.195 0.188240
2.200 0.189990
2.205 0.191600
2.210 0.192640
2.215 0.193690
2.220 0.193780
2.225 0.193180
2.230 0.191460
2.235 0.188510
2.240 0.184690
2.245 0.180170
2.250 0.175430
2.255 0.170400
2.260 0.165680
2.265 0.161320
2.270 0.157090
2.275 0.153140
2.280 0.149590
2.285 0.146070
2.290 0.142410
2.295 0.138290
2.300 0.134830
2.305 0.131530
2.310 0.129140
2.315 0.127680
2.320 0.126430
2.325 0.124020
2.330 0.121480
2.335 0.118700
2.340 0.115820
2.345 0.112990
2.350 0.110640
2.355 0.108780
2.360 0.106660
2.365 0.104200
2.370 0.102370
2.375 0.099702
2.380 0.096697
2.385 0.094108
2.390 0.091224
2.395 0.088006
2.400 0.085344
2.405 0.082932
2.410 0.079742
2.415 0.077280
2.420 0.073936
2.425 0.071134
2.430 0.068848
2.435 0.065839
2.440 0.063476
2.445 0.060950
2.450 0.058361
2.455 0.056078
2.460 0.055929
2.465 0.052269
2.470 0.050632
2.475 0.049601
2.480 0.048382
2.485 0.045553
2.490 0.044843
2.495 0.045266
2.500 0.044263
