0.350 0.016240
0.355 0.017865
0.360 0.019489
0.365 0.021113
0.370 0.022737
0.375 0.024361
0.380 0.025985
0.385 0.027609
0.390 0.029233
0.395 0.030857
0.400 0.032481
0.405 0.036409
0.410 0.034654
0.415 0.036383
0.420 0.039685
0.425 0.040325
0.430 0.041705
0.435 0.042314
0.440 0.044087
0.445 0.045155
0.450 0.046095
0.455 0.047772
0.460 0.049021
0.465 0.049745
0.470 0.049494
0.475 0.049476
0.480 0.050009
0.485 0.050810
0.490 0.052087
0.495 0.053893
0.500 0.058143
0.505 0.064577
0.510 0.074526
0.515 0.089423
0.520 0.109160
0.525 0.132180
0.530 0.153540
0.535 0.168790
0.540 0.177700
0.545 0.183020
0.550 0.187050
0.555 0.188000
0.560 0.183240
0.565 0.172440
0.570 0.157540
0.575 0.141780
0.580 0.129600
0.585 0.120920
0.590 0.114860
0.595 0.111310
0.600 0.109100
0.605 0.106500
0.610 0.100550
0.615 0.093584
0.620 0.088053
0.625 0.085070
0.630 0.083477
0.635 0.082169
0.640 0.078163
0.645 0.072515
0.650 0.066927
0.655 0.063280
0.660 0.058655
0.665 0.054242
0.670 0.051994
0.675 0.052417
0.680 0.055048
0.685 0.061049
0.690 0.073981
0.695 0.103030
0.700 0.152020
0.705 0.215870
0.710 0.287600
0.715 0.368150
0.720 0.456240
0.725 0.546000
0.730 0.629020
0.735 0.698370
0.740 0.752020
0.745 0.789530
0.750 0.814150
0.755 0.829420
0.760 0.838500
0.765 0.843450
0.770 0.846150
0.775 0.848060
0.780 0.849550
0.785 0.850570
0.790 0.851830
0.795 0.852890
0.800 0.853770
0.805 0.854670
0.810 0.855810
0.815 0.857150
0.820 0.857670
0.825 0.858900
0.830 0.859780
0.835 0.860610
0.840 0.861560
0.845 0.862960
0.850 0.864140
0.855 0.865420
0.860 0.866300
0.865 0.867330
0.870 0.867980
0.875 0.868670
0.880 0.869340
0.885 0.869410
0.890 0.869790
0.895 0.870040
0.900 0.870260
0.905 0.870600
0.910 0.870600
0.915 0.870490
0.920 0.870170
0.925 0.868830
0.930 0.866540
0.935 0.863570
0.940 0.860050
0.945 0.855640
0.950 0.848940
0.955 0.840400
0.960 0.833620
0.965 0.829950
0.970 0.829440
0.975 0.830010
0.980 0.831440
0.985 0.833880
0.990 0.836520
0.995 0.839880
1.000 0.843620
1.005 0.848790
1.010 0.851560
1.015 0.855190
1.020 0.860200
1.025 0.863560
1.030 0.866300
1.035 0.869870
1.040 0.873090
1.045 0.877230
1.050 0.877910
1.055 0.879990
1.060 0.880530
1.065 0.882900
1.070 0.884010
1.075 0.884600
1.080 0.885260
1.085 0.883340
1.090 0.882610
1.095 0.880640
1.100 0.879550
1.105 0.877640
1.110 0.874560
1.115 0.872770
1.120 0.867720
1.125 0.863560
1.130 0.854490
1.135 0.841530
1.140 0.824300
1.145 0.806020
1.150 0.790170
1.155 0.778900
1.160 0.773010
1.165 0.769900
1.170 0.769430
1.175 0.769600
1.180 0.769080
1.185 0.768480
1.190 0.767440
1.195 0.768240
1.200 0.769580
1.205 0.770580
1.210 0.773060
1.215 0.774910
1.220 0.777310
1.225 0.779820
1.230 0.782740
1.235 0.784800
1.240 0.786970
1.245 0.789310
1.250 0.791640
1.255 0.792070
1.260 0.793890
1.265 0.793920
1.270 0.793230
1.275 0.792290
1.280 0.790370
1.285 0.786400
1.290 0.782490
1.295 0.776810
1.300 0.769490
1.305 0.760630
1.310 0.750280
1.315 0.737440
1.320 0.723190
1.325 0.707900
1.330 0.690520
1.335 0.672920
1.340 0.656810
1.345 0.641990
1.350 0.627210
1.355 0.613060
1.360 0.597770
1.365 0.579000
1.370 0.553260
1.375 0.518780
1.380 0.472340
1.385 0.415930
1.390 0.356260
1.395 0.300750
1.400 0.254710
1.405 0.220490
1.410 0.196890
1.415 0.181490
1.420 0.171890
1.425 0.166180
1.430 0.162930
1.435 0.161310
1.440 0.161210
1.445 0.161810
1.450 0.163460
1.455 0.165480
1.460 0.169030
1.465 0.174470
1.470 0.181850
1.475 0.190650
1.480 0.200640
1.485 0.211750
1.490 0.223330
1.495 0.235470
1.500 0.247990
1.505 0.260900
1.510 0.273800
1.515 0.287120
1.520 0.300100
1.525 0.313120
1.530 0.326020
1.535 0.338800
1.540 0.351270
1.545 0.363140
1.550 0.375060
1.555 0.386340
1.560 0.397360
1.565 0.407510
1.570 0.417310
1.575 0.426880
1.580 0.435740
1.585 0.444470
1.590 0.452280
1.595 0.460430
1.600 0.467950
1.605 0.475180
1.610 0.481810
1.615 0.488170
1.620 0.493780
1.625 0.499060
1.630 0.504320
1.635 0.509170
1.640 0.513310
1.645 0.516550
1.650 0.520050
1.655 0.522320
1.660 0.524070
1.665 0.525230
1.670 0.525830
1.675 0.525580
1.680 0.524540
1.685 0.522970
1.690 0.520480
1.695 0.518050
1.700 0.514890
1.705 0.510520
1.710 0.507020
1.715 0.502200
1.720 0.497310
1.725 0.491290
1.730 0.485470
1.735 0.478670
1.740 0.472020
1.745 0.464020
1.750 0.454930
1.755 0.445590
1.760 0.437080
1.765 0.428770
1.770 0.421100
1.775 0.415780
1.780 0.410840
1.785 0.406840
1.790 0.404560
1.795 0.403790
1.800 0.403000
1.805 0.394490
1.810 0.394400
1.815 0.393740
1.820 0.392150
1.825 0.389820
1.830 0.385810
1.835 0.379650
1.840 0.370450
1.845 0.357530
1.850 0.339750
1.855 0.316080
1.860 0.286190
1.865 0.250010
1.870 0.207850
1.875 0.164470
1.880 0.124780
1.885 0.091872
1.890 0.067202
1.895 0.050930
1.900 0.041640
1.905 0.036486
1.910 0.033806
1.915 0.032559
1.920 0.032064
1.925 0.031978
1.930 0.032434
1.935 0.032977
1.940 0.033939
1.945 0.035260
1.950 0.036774
1.955 0.038689
1.960 0.040630
1.965 0.043031
1.970 0.045650
1.975 0.048703
1.980 0.051857
1.985 0.055355
1.990 0.059035
1.995 0.062997
2.000 0.067138
2.005 0.071418
2.010 0.075977
2.015 0.080539
2.020 0.085035
2.025 0.089709
2.030 0.094426
2.035 0.099130
2.040 0.103710
2.045 0.108380
2.050 0.112940
2.055 0.117810
2.060 0.122600
2.065 0.127510
2.070 0.132600
2.075 0.137700
2.080 0.142830
2.085 0.147940
2.090 0.153180
2.095 0.158160
2.100 0.163140
2.105 0.168170
2.110 0.172830
2.115 0.177530
2.120 0.182000
2.125 0.186470
2.130 0.190580
2.135 0.194490
2.140 0.198080
2.145 0.201380
2.150 0.204550
2.155 0.207390
2.160 0.209930
2.165 0.212190
2.170 0.214360
2.175 0.216620
2.180 0.218500
2.185 0.220380
2.190 0.222280
2.195 0.223670
2.200 0.224580
2.205 0.225160
2.210 0.225680
2.215 0.225400
2.220 0.224940
2.225 0.223810
2.230 0.222260
2.235 0.219720
2.240 0.216480
2.245 0.213150
2.250 0.209300
2.255 0.205130
2.260 0.200970
2.265 0.196370
2.270 0.192240
2.275 0.188610
2.280 0.184780
2.285 0.180880
2.290 0.176600
2.295 0.172150
2.300 0.167400
2.305 0.162510
2.310 0.157850
2.315 0.153630
2.320 0.149520
2.325 0.145340
2.330 0.141160
2.335 0.136610
2.340 0.132220
2.345 0.127830
2.350 0.123810
2.355 0.119750
2.360 0.115800
2.365 0.112050
2.370 0.108400
2.375 0.104530
2.380 0.100740
2.385 0.097149
2.390 0.092714
2.395 0.089507
2.400 0.086344
2.405 0.082576
2.410 0.079592
2.415 0.075927
2.420 0.072360
2.425 0.069305
2.430 0.065776
2.435 0.063735
2.440 0.060383
2.445 0.057775
2.450 0.055373
2.455 0.051716
2.460 0.048668
2.465 0.047843
2.470 0.044903
2.475 0.043397
2.480 0.041359
2.485 0.040125
2.490 0.039414
2.495 0.037284
2.500 0.037768
