0.350 0.016396
0.355 0.018036
0.360 0.019675
0.365 0.021315
0.370 0.022954
0.375 0.024594
0.380 0.026234
0.385 0.027873
0.390 0.029513
0.395 0.031152
0.400 0.032792
0.405 0.033865
0.410 0.031970
0.415 0.034128
0.420 0.033084
0.425 0.034080
0.430 0.034205
0.435 0.033699
0.440 0.033340
0.445 0.034030
0.450 0.035573
0.455 0.035844
0.460 0.036391
0.465 0.036759
0.470 0.036666
0.475 0.037226
0.480 0.037040
0.485 0.037801
0.490 0.038363
0.495 0.039999
0.500 0.043721
0.505 0.049454
0.510 0.058883
0.515 0.074082
0.520 0.095162
0.525 0.119720
0.530 0.141490
0.535 0.157210
0.540 0.167130
0.545 0.173470
0.550 0.178490
0.555 0.180540
0.560 0.176650
0.565 0.166780
0.570 0.152590
0.575 0.137120
0.580 0.124640
0.585 0.115580
0.590 0.108930
0.595 0.105150
0.600 0.102430
0.605 0.099267
0.610 0.093318
0.615 0.086458
0.620 0.080681
0.625 0.077523
0.630 0.076073
0.635 0.074130
0.640 0.068382
0.645 0.060487
0.650 0.053920
0.655 0.050909
0.660 0.047527
0.665 0.043922
0.670 0.042639
0.675 0.043487
0.680 0.046495
0.685 0.052883
0.690 0.070691
0.695 0.118530
0.700 0.196580
0.705 0.289850
0.710 0.383170
0.715 0.472100
0.720 0.553500
0.725 0.623860
0.730 0.680710
0.735 0.723620
0.740 0.754930
0.745 0.776060
0.750 0.789720
0.755 0.798030
0.760 0.803170
0.765 0.806210
0.770 0.807990
0.775 0.809600
0.780 0.811110
0.785 0.812720
0.790 0.814280
0.795 0.815940
0.800 0.817520
0.805 0.819360
0.810 0.821100
0.815 0.822850
0.820 0.824050
0.825 0.825760
0.830 0.827120
0.835 0.828090
0.840 0.829450
0.845 0.830780
0.850 0.832230
0.855 0.833180
0.860 0.834380
0.865 0.835430
0.870 0.836260
0.875 0.837310
0.880 0.838230
0.885 0.838910
0.890 0.839620
0.895 0.840520
0.900 0.841180
0.905 0.841950
0.910 0.842660
0.915 0.843090
0.920 0.843500
0.925 0.843340
0.930 0.843010
0.935 0.842090
0.940 0.841120
0.945 0.839740
0.950 0.836500
0.955 0.832460
0.960 0.829390
0.965 0.827300
0.970 0.827580
0.975 0.828190
0.980 0.829430
0.985 0.830950
0.990 0.833360
0.995 0.836190
1.000 0.838440
1.005 0.840100
1.010 0.843010
1.015 0.844150
1.020 0.845580
1.025 0.849860
1.030 0.853490
1.035 0.855290
1.040 0.857510
1.045 0.859480
1.050 0.860030
1.055 0.862220
1.060 0.864650
1.065 0.865440
1.070 0.865610
1.075 0.865080
1.080 0.867660
1.085 0.867690
1.090 0.866630
1.095 0.865590
1.100 0.866790
1.105 0.864750
1.110 0.863560
1.115 0.863170
1.120 0.861800
1.125 0.857520
1.130 0.854010
1.135 0.847630
1.140 0.837620
1.145 0.827120
1.150 0.817850
1.155 0.811040
1.160 0.807620
1.165 0.805690
1.170 0.805290
1.175 0.805050
1.180 0.804680
1.185 0.804250
1.190 0.804700
1.195 0.805540
1.200 0.806080
1.205 0.807790
1.210 0.809150
1.215 0.811080
1.220 0.813130
1.225 0.816130
1.230 0.817370
1.235 0.818830
1.240 0.821170
1.245 0.822480
1.250 0.823850
1.255 0.824910
1.260 0.825920
1.265 0.826100
1.270 0.825930
1.275 0.825830
1.280 0.824080
1.285 0.822980
1.290 0.820710
1.295 0.816860
1.300 0.813170
1.305 0.807970
1.310 0.801960
1.315 0.793380
1.320 0.785430
1.325 0.775060
1.330 0.764030
1.335 0.753150
1.340 0.742070
1.345 0.731550
1.350 0.720840
1.355 0.711620
1.360 0.700480
1.365 0.687810
1.370 0.669270
1.375 0.643640
1.380 0.607080
1.385 0.560900
1.390 0.508310
1.395 0.454410
1.400 0.405510
1.405 0.365490
1.410 0.335750
1.415 0.315510
1.420 0.302200
1.425 0.294010
1.430 0.290030
1.435 0.288230
1.440 0.288140
1.445 0.289150
1.450 0.291000
1.455 0.294010
1.460 0.298340
1.465 0.304900
1.470 0.313980
1.475 0.324650
1.480 0.335790
1.485 0.348800
1.490 0.362270
1.495 0.375300
1.500 0.388370
1.505 0.401410
1.510 0.414470
1.515 0.427650
1.520 0.439570
1.525 0.451740
1.530 0.463400
1.535 0.474930
1.540 0.485520
1.545 0.495990
1.550 0.505930
1.555 0.515610
1.560 0.524570
1.565 0.532540
1.570 0.540740
1.575 0.548000
1.580 0.555310
1.585 0.561950
1.590 0.568820
1.595 0.575300
1.600 0.580870
1.605 0.587060
1.610 0.591940
1.615 0.597450
1.620 0.601880
1.625 0.605870
1.630 0.610180
1.635 0.613210
1.640 0.616020
1.645 0.617830
1.650 0.618610
1.655 0.618740
1.660 0.618760
1.665 0.619420
1.670 0.619590
1.675 0.618920
1.680 0.618500
1.685 0.615480
1.690 0.613500
1.695 0.611360
1.700 0.607960
1.705 0.604890
1.710 0.601410
1.715 0.598190
1.720 0.594520
1.725 0.590460
1.730 0.587050
1.735 0.582510
1.740 0.577600
1.745 0.571710
1.750 0.565690
1.755 0.558990
1.760 0.553040
1.765 0.547330
1.770 0.542400
1.775 0.537830
1.780 0.534870
1.785 0.532950
1.790 0.531520
1.795 0.531200
1.800 0.531330
1.805 0.520510
1.810 0.520690
1.815 0.520620
1.820 0.519860
1.825 0.518070
1.830 0.515240
1.835 0.510950
1.840 0.503850
1.845 0.493860
1.850 0.478770
1.855 0.458170
1.860 0.429840
1.865 0.393640
1.870 0.348340
1.875 0.297050
1.880 0.243920
1.885 0.193330
1.890 0.149680
1.895 0.116250
1.900 0.094072
1.905 0.080428
1.910 0.072832
1.915 0.069038
1.920 0.067410
1.925 0.067394
1.930 0.068541
1.935 0.070688
1.940 0.073632
1.945 0.077307
1.950 0.081658
1.955 0.086489
1.960 0.091936
1.965 0.097765
1.970 0.103960
1.975 0.110800
1.980 0.118000
1.985 0.125320
1.990 0.132950
1.995 0.140660
2.000 0.148520
2.005 0.156360
2.010 0.164100
2.015 0.171790
2.020 0.179120
2.025 0.186260
2.030 0.193140
2.035 0.199460
2.040 0.205540
2.045 0.211190
2.050 0.216790
2.055 0.222240
2.060 0.227700
2.065 0.233120
2.070 0.238650
2.075 0.244040
2.080 0.249150
2.085 0.254260
2.090 0.259120
2.095 0.263730
2.100 0.268280
2.105 0.272750
2.110 0.276990
2.115 0.280960
2.120 0.284750
2.125 0.288230
2.130 0.291590
2.135 0.294680
2.140 0.297860
2.145 0.300800
2.150 0.303930
2.155 0.306960
2.160 0.309710
2.165 0.312270
2.170 0.314860
2.175 0.317640
2.180 0.320460
2.185 0.323330
2.190 0.326140
2.195 0.328590
2.200 0.330740
2.205 0.332100
2.210 0.333330
2.215 0.334130
2.220 0.334250
2.225 0.333560
2.230 0.331720
2.235 0.329230
2.240 0.325590
2.245 0.320700
2.250 0.315330
2.255 0.309610
2.260 0.303310
2.265 0.297930
2.270 0.292300
2.275 0.287580
2.280 0.283090
2.285 0.278640
2.290 0.273940
2.295 0.268690
2.300 0.263310
2.305 0.258250
2.310 0.253260
2.315 0.249650
2.320 0.245970
2.325 0.241560
2.330 0.236840
2.335 0.232380
2.340 0.227470
2.345 0.222830
2.350 0.218610
2.355 0.214260
2.360 0.210240
2.365 0.205590
2.370 0.201500
2.375 0.196660
2.380 0.192090
2.385 0.186780
2.390 0.182340
2.395 0.176680
2.400 0.171450
2.405 0.166220
2.410 0.160290
2.415 0.155480
2.420 0.149190
2.425 0.143480
2.430 0.138560
2.435 0.133080
2.440 0.126750
2.445 0.121910
2.450 0.116350
2.455 0.111770
2.460 0.107650
2.465 0.102770
2.470 0.099785
2.475 0.095105
2.480 0.091508
2.485 0.088142
2.490 0.087103
2.495 0.083499
2.500 0.082664
