0.350 0.013885
0.355 0.015274
0.360 0.016663
0.365 0.018051
0.370 0.019440
0.375 0.020828
0.380 0.022217
0.385 0.023605
0.390 0.024994
0.395 0.026382
0.400 0.027771
0.405 0.030308
0.410 0.027545
0.415 0.030982
0.420 0.028865
0.425 0.029662
0.430 0.030572
0.435 0.031066
0.440 0.030304
0.445 0.030387
0.450 0.032241
0.455 0.032479
0.460 0.033424
0.465 0.033706
0.470 0.033175
0.475 0.033740
0.480 0.033524
0.485 0.034003
0.490 0.034901
0.495 0.035893
0.500 0.039138
0.505 0.043822
0.510 0.051728
0.515 0.064568
0.520 0.082976
0.525 0.104490
0.530 0.123320
0.535 0.136440
0.540 0.144250
0.545 0.148710
0.550 0.152520
0.555 0.153660
0.560 0.149470
0.565 0.140070
0.570 0.127170
0.575 0.113380
0.580 0.102490
0.585 0.094758
0.590 0.088989
0.595 0.085760
0.600 0.083498
0.605 0.080872
0.610 0.076352
0.615 0.070607
0.620 0.065852
0.625 0.063029
0.630 0.061641
0.635 0.059899
0.640 0.055728
0.645 0.050181
0.650 0.045513
0.655 0.043245
0.660 0.040292
0.665 0.037254
0.670 0.036192
0.675 0.036650
0.680 0.038790
0.685 0.043438
0.690 0.056029
0.695 0.089764
0.700 0.147110
0.705 0.219450
0.710 0.297660
0.715 0.380680
0.720 0.466410
0.725 0.549560
0.730 0.623380
0.735 0.683360
0.740 0.729080
0.745 0.761310
0.750 0.782710
0.755 0.796000
0.760 0.804170
0.765 0.808960
0.770 0.811800
0.775 0.813770
0.780 0.815430
0.785 0.816720
0.790 0.818050
0.795 0.819450
0.800 0.820690
0.805 0.822010
0.810 0.823480
0.815 0.824700
0.820 0.825620
0.825 0.826920
0.830 0.827860
0.835 0.828430
0.840 0.829620
0.845 0.830930
0.850 0.832140
0.855 0.833150
0.860 0.834220
0.865 0.835010
0.870 0.835680
0.875 0.836440
0.880 0.836830
0.885 0.837210
0.890 0.837450
0.895 0.837820
0.900 0.837990
0.905 0.838250
0.910 0.838390
0.915 0.838250
0.920 0.837810
0.925 0.836620
0.930 0.834790
0.935 0.832090
0.940 0.829070
0.945 0.824990
0.950 0.818690
0.955 0.810400
0.960 0.803860
0.965 0.800100
0.970 0.799370
0.975 0.799310
0.980 0.800340
0.985 0.802120
0.990 0.805030
0.995 0.808710
1.000 0.811830
1.005 0.818750
1.010 0.822620
1.015 0.827160
1.020 0.831090
1.025 0.836340
1.030 0.840480
1.035 0.843520
1.040 0.845710
1.045 0.848330
1.050 0.849940
1.055 0.853080
1.060 0.855110
1.065 0.856160
1.070 0.857110
1.075 0.857310
1.080 0.859370
1.085 0.858840
1.090 0.856830
1.095 0.855470
1.100 0.855530
1.105 0.852160
1.110 0.850870
1.115 0.848910
1.120 0.845040
1.125 0.838860
1.130 0.831100
1.135 0.818350
1.140 0.800070
1.145 0.780700
1.150 0.764100
1.155 0.752110
1.160 0.745340
1.165 0.741240
1.170 0.739700
1.175 0.738060
1.180 0.736480
1.185 0.735530
1.190 0.735030
1.195 0.735600
1.200 0.736620
1.205 0.738160
1.210 0.740350
1.215 0.744050
1.220 0.747630
1.225 0.751390
1.230 0.754420
1.235 0.757530
1.240 0.760470
1.245 0.762520
1.250 0.764810
1.255 0.766530
1.260 0.767980
1.265 0.768230
1.270 0.767840
1.275 0.766730
1.280 0.764430
1.285 0.761680
1.290 0.757840
1.295 0.751920
1.300 0.745420
1.305 0.736920
1.310 0.726260
1.315 0.712790
1.320 0.699590
1.325 0.682970
1.330 0.665920
1.335 0.648740
1.340 0.631390
1.345 0.615250
1.350 0.600240
1.355 0.586170
1.360 0.570390
1.365 0.551700
1.370 0.526080
1.375 0.492470
1.380 0.447080
1.385 0.393030
1.390 0.336470
1.395 0.282940
1.400 0.238380
1.405 0.204980
1.410 0.181530
1.415 0.166430
1.420 0.156190
1.425 0.150020
1.430 0.146610
1.435 0.144670
1.440 0.144440
1.445 0.144660
1.450 0.146000
1.455 0.147520
1.460 0.150660
1.465 0.155500
1.470 0.162080
1.475 0.169810
1.480 0.178300
1.485 0.188410
1.490 0.199020
1.495 0.209630
1.500 0.220940
1.505 0.232360
1.510 0.243950
1.515 0.255880
1.520 0.267160
1.525 0.278800
1.530 0.290230
1.535 0.301620
1.540 0.312220
1.545 0.322810
1.550 0.333360
1.555 0.343360
1.560 0.352960
1.565 0.362480
1.570 0.371320
1.575 0.379850
1.580 0.388110
1.585 0.395970
1.590 0.403680
1.595 0.410930
1.600 0.417810
1.605 0.424850
1.610 0.430540
1.615 0.436650
1.620 0.441930
1.625 0.446370
1.630 0.451060
1.635 0.454720
1.640 0.459200
1.645 0.462790
1.650 0.465810
1.655 0.467260
1.660 0.467810
1.665 0.468030
1.670 0.467120
1.675 0.464930
1.680 0.462580
1.685 0.458580
1.690 0.454780
1.695 0.451340
1.700 0.446790
1.705 0.442910
1.710 0.438860
1.715 0.434880
1.720 0.430060
1.725 0.424810
1.730 0.420230
1.735 0.414360
1.740 0.407650
1.745 0.401270
1.750 0.394730
1.755 0.388020
1.760 0.381560
1.765 0.375660
1.770 0.370120
1.775 0.365940
1.780 0.362620
1.785 0.359570
1.790 0.357820
1.795 0.357750
1.800 0.357500
1.805 0.357850
1.810 0.357980
1.815 0.357700
1.820 0.356690
1.825 0.354970
1.830 0.351990
1.835 0.347100
1.840 0.339230
1.845 0.328140
1.850 0.312270
1.855 0.291190
1.860 0.264050
1.865 0.231410
1.870 0.193420
1.875 0.153760
1.880 0.117570
1.885 0.087164
1.890 0.064323
1.895 0.049274
1.900 0.040501
1.905 0.035740
1.910 0.033340
1.915 0.032015
1.920 0.031421
1.925 0.031461
1.930 0.031541
1.935 0.032054
1.940 0.032700
1.945 0.033808
1.950 0.034994
1.955 0.036475
1.960 0.038207
1.965 0.040141
1.970 0.042287
1.975 0.044732
1.980 0.047399
1.985 0.050293
1.990 0.053468
1.995 0.056795
2.000 0.060323
2.005 0.063865
2.010 0.067510
2.015 0.071219
2.020 0.074917
2.025 0.078753
2.030 0.082458
2.035 0.086172
2.040 0.089618
2.045 0.093331
2.050 0.096873
2.055 0.100390
2.060 0.104050
2.065 0.107860
2.070 0.111500
2.075 0.115370
2.080 0.119290
2.085 0.123040
2.090 0.126890
2.095 0.130760
2.100 0.134450
2.105 0.138330
2.110 0.142010
2.115 0.145660
2.120 0.149270
2.125 0.152760
2.130 0.156060
2.135 0.159230
2.140 0.162190
2.145 0.165140
2.150 0.167680
2.155 0.170210
2.160 0.172740
2.165 0.175010
2.170 0.177190
2.175 0.179430
2.180 0.181600
2.185 0.183720
2.190 0.185610
2.195 0.187420
2.200 0.188840
2.205 0.189530
2.210 0.190140
2.215 0.190340
2.220 0.189950
2.225 0.188890
2.230 0.187240
2.235 0.184640
2.240 0.181490
2.245 0.177790
2.250 0.173590
2.255 0.169040
2.260 0.164160
2.265 0.159680
2.270 0.154800
2.275 0.150020
2.280 0.145600
2.285 0.141350
2.290 0.137620
2.295 0.134090
2.300 0.130760
2.305 0.127590
2.310 0.124410
2.315 0.121820
2.320 0.119190
2.325 0.116020
2.330 0.112650
2.335 0.109500
2.340 0.106200
2.345 0.102740
2.350 0.099750
2.355 0.097597
2.360 0.094414
2.365 0.091447
2.370 0.088727
2.375 0.085764
2.380 0.083214
2.385 0.080309
2.390 0.076945
2.395 0.074076
2.400 0.071382
2.405 0.068158
2.410 0.065638
2.415 0.063516
2.420 0.060247
2.425 0.057516
2.430 0.055503
2.435 0.053267
2.440 0.050857
2.445 0.048330
2.450 0.046260
2.455 0.044448
2.460 0.041980
2.465 0.040316
2.470 0.039173
2.475 0.038491
2.480 0.037243
2.485 0.036133
2.490 0.035125
2.495 0.034556
2.500 0.034429
