0.350 0.015663
0.355 0.017229
0.360 0.018795
0.365 0.020361
0.370 0.021928
0.375 0.023494
0.380 0.025060
0.385 0.026626
0.390 0.028192
0.395 0.029759
0.400 0.031325
0.405 0.032645
0.410 0.030972
0.415 0.031537
0.420 0.031680
0.425 0.030978
0.430 0.032400
0.435 0.031951
0.440 0.033312
0.445 0.034138
0.450 0.033861
0.455 0.034596
0.460 0.034869
0.465 0.034261
0.470 0.034890
0.475 0.035098
0.480 0.035732
0.485 0.035770
0.490 0.035540
0.495 0.036347
0.500 0.036915
0.505 0.038125
0.510 0.040028
0.515 0.043992
0.520 0.050145
0.525 0.057568
0.530 0.064888
0.535 0.070380
0.540 0.074001
0.545 0.076165
0.550 0.078094
0.555 0.079294
0.560 0.078292
0.565 0.074998
0.570 0.070371
0.575 0.065176
0.580 0.061210
0.585 0.058527
0.590 0.056081
0.595 0.055005
0.600 0.054635
0.605 0.054363
0.610 0.052869
0.615 0.050466
0.620 0.048751
0.625 0.048179
0.630 0.047971
0.635 0.047346
0.640 0.045673
0.645 0.043762
0.650 0.042347
0.655 0.041800
0.660 0.041427
0.665 0.041045
0.670 0.041277
0.675 0.042365
0.680 0.044133
0.685 0.046567
0.690 0.051059
0.695 0.066237
0.700 0.099296
0.705 0.147850
0.710 0.203540
0.715 0.262690
0.720 0.320770
0.725 0.373840
0.730 0.418210
0.735 0.452790
0.740 0.478220
0.745 0.495890
0.750 0.507740
0.755 0.515150
0.760 0.520360
0.765 0.523890
0.770 0.526410
0.775 0.528570
0.780 0.530680
0.785 0.532730
0.790 0.534660
0.795 0.536870
0.800 0.538950
0.805 0.540920
0.810 0.542960
0.815 0.544850
0.820 0.546560
0.825 0.548460
0.830 0.550080
0.835 0.551450
0.840 0.553050
0.845 0.554800
0.850 0.556180
0.855 0.557840
0.860 0.559290
0.865 0.560600
0.870 0.562010
0.875 0.563500
0.880 0.564630
0.885 0.565860
0.890 0.566940
0.895 0.568200
0.900 0.569230
0.905 0.570390
0.910 0.571260
0.915 0.572380
0.920 0.573020
0.925 0.573420
0.930 0.573370
0.935 0.572930
0.940 0.572370
0.945 0.571270
0.950 0.569100
0.955 0.565740
0.960 0.562970
0.965 0.561740
0.970 0.562570
0.975 0.563530
0.980 0.565070
0.985 0.566860
0.990 0.569100
0.995 0.572110
1.000 0.574850
1.005 0.574050
1.010 0.577630
1.015 0.581360
1.020 0.583900
1.025 0.587750
1.030 0.589700
1.035 0.592990
1.040 0.595040
1.045 0.597840
1.050 0.599340
1.055 0.601740
1.060 0.603220
1.065 0.603690
1.070 0.606060
1.075 0.606440
1.080 0.607240
1.085 0.608510
1.090 0.608690
1.095 0.608710
1.100 0.609050
1.105 0.607630
1.110 0.607160
1.115 0.607110
1.120 0.605440
1.125 0.602810
1.130 0.599150
1.135 0.592170
1.140 0.582850
1.145 0.573230
1.150 0.564080
1.155 0.558000
1.160 0.553960
1.165 0.553440
1.170 0.553650
1.175 0.553920
1.180 0.554150
1.185 0.554510
1.190 0.554610
1.195 0.554760
1.200 0.556550
1.205 0.558050
1.210 0.559820
1.215 0.562030
1.220 0.564810
1.225 0.567700
1.230 0.569610
1.235 0.572110
1.240 0.574240
1.245 0.576130
1.250 0.577220
1.255 0.579420
1.260 0.580030
1.265 0.580650
1.270 0.580830
1.275 0.581240
1.280 0.580240
1.285 0.579230
1.290 0.577690
1.295 0.574460
1.300 0.570770
1.305 0.565760
1.310 0.559590
1.315 0.552900
1.320 0.543580
1.325 0.533990
1.330 0.523850
1.335 0.512900
1.340 0.502500
1.345 0.491860
1.350 0.481150
1.355 0.471460
1.360 0.460760
1.365 0.448370
1.370 0.431900
1.375 0.408780
1.380 0.377270
1.385 0.339060
1.390 0.297290
1.395 0.257410
1.400 0.223040
1.405 0.196420
1.410 0.177630
1.415 0.165230
1.420 0.157570
1.425 0.152720
1.430 0.150390
1.435 0.149090
1.440 0.149060
1.445 0.149800
1.450 0.150840
1.455 0.152520
1.460 0.155260
1.465 0.159510
1.470 0.165220
1.475 0.172160
1.480 0.180030
1.485 0.188340
1.490 0.196880
1.495 0.206010
1.500 0.215290
1.505 0.224510
1.510 0.234160
1.515 0.243620
1.520 0.253090
1.525 0.262170
1.530 0.271290
1.535 0.279900
1.540 0.288540
1.545 0.296530
1.550 0.304450
1.555 0.311920
1.560 0.319260
1.565 0.326210
1.570 0.332810
1.575 0.338780
1.580 0.344880
1.585 0.350620
1.590 0.356360
1.595 0.361640
1.600 0.366720
1.605 0.371330
1.610 0.375900
1.615 0.380250
1.620 0.383990
1.625 0.387400
1.630 0.390880
1.635 0.393470
1.640 0.396120
1.645 0.398030
1.650 0.399150
1.655 0.399930
1.660 0.400640
1.665 0.400920
1.670 0.401140
1.675 0.400620
1.680 0.399980
1.685 0.398270
1.690 0.395590
1.695 0.392590
1.700 0.388990
1.705 0.385060
1.710 0.381120
1.715 0.377300
1.720 0.373970
1.725 0.371170
1.730 0.368740
1.735 0.365560
1.740 0.361860
1.745 0.356570
1.750 0.351300
1.755 0.345180
1.760 0.339730
1.765 0.335230
1.770 0.330720
1.775 0.327420
1.780 0.324340
1.785 0.322720
1.790 0.322360
1.795 0.321940
1.800 0.321760
1.805 0.320530
1.810 0.320360
1.815 0.319620
1.820 0.318830
1.825 0.316980
1.830 0.314340
1.835 0.310270
1.840 0.304110
1.845 0.295650
1.850 0.283680
1.855 0.267710
1.860 0.246170
1.865 0.219880
1.870 0.188640
1.875 0.155630
1.880 0.123990
1.885 0.096378
1.890 0.074715
1.895 0.059801
1.900 0.050661
1.905 0.045691
1.910 0.043138
1.915 0.041847
1.920 0.041294
1.925 0.041320
1.930 0.041614
1.935 0.042355
1.940 0.043388
1.945 0.044626
1.950 0.046168
1.955 0.047835
1.960 0.049824
1.965 0.051912
1.970 0.054398
1.975 0.056878
1.980 0.059856
1.985 0.062863
1.990 0.066157
1.995 0.069659
2.000 0.073150
2.005 0.076872
2.010 0.080559
2.015 0.084398
2.020 0.088119
2.025 0.091846
2.030 0.095614
2.035 0.099147
2.040 0.102770
2.045 0.106170
2.050 0.109520
2.055 0.113060
2.060 0.116480
2.065 0.119980
2.070 0.123550
2.075 0.127100
2.080 0.130700
2.085 0.134190
2.090 0.137590
2.095 0.140830
2.100 0.144060
2.105 0.147160
2.110 0.150140
2.115 0.152970
2.120 0.155650
2.125 0.158200
2.130 0.160550
2.135 0.162800
2.140 0.164980
2.145 0.167120
2.150 0.169170
2.155 0.170920
2.160 0.172750
2.165 0.174460
2.170 0.176060
2.175 0.177730
2.180 0.179290
2.185 0.180660
2.190 0.182350
2.195 0.183750
2.200 0.184870
2.205 0.185610
2.210 0.186300
2.215 0.186490
2.220 0.186450
2.225 0.185550
2.230 0.184150
2.235 0.182100
2.240 0.179170
2.245 0.176250
2.250 0.172710
2.255 0.168980
2.260 0.165260
2.265 0.161570
2.270 0.158110
2.275 0.154920
2.280 0.151780
2.285 0.148520
2.290 0.144980
2.295 0.141250
2.300 0.137700
2.305 0.134110
2.310 0.131460
2.315 0.129070
2.320 0.126730
2.325 0.123800
2.330 0.120880
2.335 0.117790
2.340 0.115290
2.345 0.112310
2.350 0.109900
2.355 0.107380
2.360 0.104720
2.365 0.102630
2.370 0.099839
2.375 0.097609
2.380 0.095123
2.385 0.092835
2.390 0.089492
2.395 0.086520
2.400 0.084401
2.405 0.081881
2.410 0.079071
2.415 0.076739
2.420 0.073929
2.425 0.070795
2.430 0.068609
2.435 0.066243
2.440 0.063948
2.445 0.061347
2.450 0.059268
2.455 0.056920
2.460 0.055054
2.465 0.052511
2.470 0.052046
2.475 0.050141
2.480 0.048721
2.485 0.048630
2.490 0.046471
2.495 0.045152
2.500 0.046359
