0.350 0.050220
0.355 0.055242
0.360 0.060264
0.365 0.065286
0.370 0.070308
0.375 0.075330
0.380 0.080352
0.385 0.085374
0.390 0.090396
0.395 0.095418
0.400 0.100440
0.405 0.104620
0.410 0.109640
0.415 0.114890
0.420 0.120490
0.425 0.127570
0.430 0.135850
0.435 0.145950
0.440 0.157810
0.445 0.170520
0.450 0.183110
0.455 0.194380
0.460 0.203830
0.465 0.211440
0.470 0.217760
0.475 0.222980
0.480 0.227240
0.485 0.230990
0.490 0.234520
0.495 0.238410
0.500 0.242900
0.505 0.248170
0.510 0.254640
0.515 0.262510
0.520 0.271460
0.525 0.280530
0.530 0.288400
0.535 0.294430
0.540 0.298670
0.545 0.302070
0.550 0.305150
0.555 0.307680
0.560 0.308930
0.565 0.308240
0.570 0.305840
0.575 0.302730
0.580 0.300070
0.585 0.298280
0.590 0.297140
0.595 0.296590
0.600 0.296320
0.605 0.295400
0.610 0.293560
0.615 0.291370
0.620 0.289540
0.625 0.288540
0.630 0.288380
0.635 0.288360
0.640 0.287300
0.645 0.284740
0.650 0.281690
0.655 0.278670
0.660 0.274790
0.665 0.270240
0.670 0.266980
0.675 0.265930
0.680 0.266810
0.685 0.270900
0.690 0.281820
0.695 0.302540
0.700 0.332920
0.705 0.370670
0.710 0.410680
0.715 0.448930
0.720 0.483420
0.725 0.513340
0.730 0.538200
0.735 0.558260
0.740 0.574090
0.745 0.586750
0.750 0.596480
0.755 0.604040
0.760 0.609790
0.765 0.614490
0.770 0.618340
0.775 0.621870
0.780 0.625030
0.785 0.628040
0.790 0.630730
0.795 0.633380
0.800 0.635910
0.805 0.638590
0.810 0.641010
0.815 0.643590
0.820 0.646050
0.825 0.648780
0.830 0.651570
0.835 0.654480
0.840 0.657050
0.845 0.659880
0.850 0.662560
0.855 0.665110
0.860 0.667430
0.865 0.669460
0.870 0.671330
0.875 0.673290
0.880 0.675660
0.885 0.677890
0.890 0.679850
0.895 0.681750
0.900 0.683220
0.905 0.684790
0.910 0.686100
0.915 0.687610
0.920 0.689440
0.925 0.691500
0.930 0.693600
0.935 0.695550
0.940 0.697060
0.945 0.697780
0.950 0.699810
0.955 0.702170
0.960 0.703780
0.965 0.704860
0.970 0.705230
0.975 0.705120
0.980 0.704600
0.985 0.704010
0.990 0.704090
0.995 0.704420
1.000 0.704420
1.005 0.705330
1.010 0.706910
1.015 0.707760
1.020 0.710120
1.025 0.711900
1.030 0.714130
1.035 0.716050
1.040 0.718420
1.045 0.720400
1.050 0.722210
1.055 0.724490
1.060 0.726390
1.065 0.728320
1.070 0.730460
1.075 0.732430
1.080 0.734610
1.085 0.735710
1.090 0.737300
1.095 0.738430
1.100 0.739080
1.105 0.738830
1.110 0.737890
1.115 0.736750
1.120 0.734720
1.125 0.731840
1.130 0.727610
1.135 0.722740
1.140 0.718060
1.145 0.714580
1.150 0.711610
1.155 0.707910
1.160 0.702730
1.165 0.696950
1.170 0.690800
1.175 0.684100
1.180 0.676770
1.185 0.670220
1.190 0.666820
1.195 0.666740
1.200 0.668520
1.205 0.670950
1.210 0.674050
1.215 0.678770
1.220 0.684890
1.225 0.691760
1.230 0.698570
1.235 0.704340
1.240 0.709460
1.245 0.714010
1.250 0.717910
1.255 0.721020
1.260 0.723550
1.265 0.725800
1.270 0.727640
1.275 0.729160
1.280 0.731020
1.285 0.733010
1.290 0.735320
1.295 0.737250
1.300 0.738800
1.305 0.739740
1.310 0.740090
1.315 0.739420
1.320 0.737070
1.325 0.733240
1.330 0.728370
1.335 0.722730
1.340 0.716170
1.345 0.707560
1.350 0.697120
1.355 0.685620
1.360 0.674740
1.365 0.665290
1.370 0.657260
1.375 0.650020
1.380 0.642670
1.385 0.634280
1.390 0.624480
1.395 0.612650
1.400 0.598280
1.405 0.580530
1.410 0.559840
1.415 0.538170
1.420 0.517730
1.425 0.499820
1.430 0.485430
1.435 0.474680
1.440 0.467170
1.445 0.462250
1.450 0.459110
1.455 0.457270
1.460 0.456250
1.465 0.455630
1.470 0.455630
1.475 0.456540
1.480 0.458190
1.485 0.460100
1.490 0.462110
1.495 0.464430
1.500 0.467150
1.505 0.469930
1.510 0.472760
1.515 0.475450
1.520 0.478010
1.525 0.480150
1.530 0.481790
1.535 0.483080
1.540 0.484060
1.545 0.485050
1.550 0.485860
1.555 0.486600
1.560 0.487240
1.565 0.487660
1.570 0.488170
1.575 0.489030
1.580 0.490100
1.585 0.491320
1.590 0.493180
1.595 0.495140
1.600 0.497310
1.605 0.499370
1.610 0.500180
1.615 0.498350
1.620 0.493830
1.625 0.490300
1.630 0.491050
1.635 0.493400
1.640 0.493890
1.645 0.491930
1.650 0.488790
1.655 0.485200
1.660 0.482010
1.665 0.478610
1.670 0.474910
1.675 0.470260
1.680 0.463760
1.685 0.456060
1.690 0.449170
1.695 0.443950
1.700 0.440090
1.705 0.438350
1.710 0.437770
1.715 0.436830
1.720 0.434890
1.725 0.432670
1.730 0.431710
1.735 0.432700
1.740 0.435070
1.745 0.436780
1.750 0.438520
1.755 0.440940
1.760 0.443900
1.765 0.447110
1.770 0.450880
1.775 0.455070
1.780 0.458330
1.785 0.460820
1.790 0.463180
1.795 0.464790
1.800 0.465850
1.805 0.464310
1.810 0.465450
1.815 0.466450
1.820 0.467750
1.825 0.469360
1.830 0.470920
1.835 0.472440
1.840 0.474140
1.845 0.476020
1.850 0.477460
1.855 0.478360
1.860 0.478320
1.865 0.476810
1.870 0.473640
1.875 0.468350
1.880 0.460540
1.885 0.448550
1.890 0.431800
1.895 0.410850
1.900 0.387980
1.905 0.366480
1.910 0.349560
1.915 0.337330
1.920 0.329770
1.925 0.325730
1.930 0.324510
1.935 0.325950
1.940 0.328990
1.945 0.333240
1.950 0.338070
1.955 0.343230
1.960 0.348330
1.965 0.353290
1.970 0.357990
1.975 0.362650
1.980 0.366980
1.985 0.370800
1.990 0.374090
1.995 0.376490
2.000 0.377960
2.005 0.378600
2.010 0.378000
2.015 0.376050
2.020 0.372870
2.025 0.368560
2.030 0.363040
2.035 0.356850
2.040 0.350450
2.045 0.343860
2.050 0.337290
2.055 0.331360
2.060 0.325980
2.065 0.321460
2.070 0.317190
2.075 0.313280
2.080 0.309720
2.085 0.306490
2.090 0.303120
2.095 0.300170
2.100 0.298160
2.105 0.297370
2.110 0.297170
2.115 0.297340
2.120 0.297680
2.125 0.298060
2.130 0.298360
2.135 0.298590
2.140 0.299310
2.145 0.300350
2.150 0.301990
2.155 0.303860
2.160 0.305880
2.165 0.307920
2.170 0.309920
2.175 0.311870
2.180 0.313520
2.185 0.314760
2.190 0.315550
2.195 0.315950
2.200 0.316160
2.205 0.315860
2.210 0.315440
2.215 0.314480
2.220 0.312920
2.225 0.310750
2.230 0.308180
2.235 0.306420
2.240 0.304650
2.245 0.301370
2.250 0.296550
2.255 0.290120
2.260 0.283310
2.265 0.276710
2.270 0.270530
2.275 0.265970
2.280 0.262400
2.285 0.259870
2.290 0.256890
2.295 0.253670
2.300 0.250520
2.305 0.248410
2.310 0.248090
2.315 0.249930
2.320 0.252590
2.325 0.253920
2.330 0.253580
2.335 0.252380
2.340 0.250810
2.345 0.249350
2.350 0.249220
2.355 0.250760
2.360 0.252960
2.365 0.254640
2.370 0.255660
2.375 0.256350
2.380 0.256660
2.385 0.256160
2.390 0.255790
2.395 0.255250
2.400 0.255160
2.405 0.254760
2.410 0.255010
2.415 0.254480
2.420 0.253160
2.425 0.251190
2.430 0.248780
2.435 0.245920
2.440 0.241420
2.445 0.237800
2.450 0.232920
2.455 0.228020
2.460 0.224760
2.465 0.221330
2.470 0.218100
2.475 0.215900
2.480 0.213100
2.485 0.212890
2.490 0.215600
2.495 0.211920
2.500 0.211480
