0.350 0.019811
0.355 0.021792
0.360 0.023773
0.365 0.025754
0.370 0.027735
0.375 0.029717
0.380 0.031698
0.385 0.033679
0.390 0.035660
0.395 0.037641
0.400 0.039622
0.405 0.041386
0.410 0.037690
0.415 0.041029
0.420 0.039090
0.425 0.040137
0.430 0.040552
0.435 0.040153
0.440 0.039357
0.445 0.039591
0.450 0.040888
0.455 0.041766
0.460 0.042396
0.465 0.042188
0.470 0.042215
0.475 0.042528
0.480 0.042235
0.485 0.042573
0.490 0.043227
0.495 0.044072
0.500 0.046893
0.505 0.050986
0.510 0.057573
0.515 0.068502
0.520 0.083928
0.525 0.102260
0.530 0.118300
0.535 0.129590
0.540 0.136590
0.545 0.140670
0.550 0.144150
0.555 0.145300
0.560 0.141580
0.565 0.133090
0.570 0.121460
0.575 0.109180
0.580 0.099583
0.585 0.092678
0.590 0.087534
0.595 0.084766
0.600 0.083108
0.605 0.081782
0.610 0.077581
0.615 0.072443
0.620 0.068308
0.625 0.066204
0.630 0.065177
0.635 0.064051
0.640 0.060601
0.645 0.055827
0.650 0.051855
0.655 0.049943
0.660 0.047591
0.665 0.044973
0.670 0.043922
0.675 0.044239
0.680 0.046115
0.685 0.050021
0.690 0.060396
0.695 0.089507
0.700 0.144130
0.705 0.217970
0.710 0.299300
0.715 0.384470
0.720 0.469950
0.725 0.550750
0.730 0.621210
0.735 0.677950
0.740 0.721590
0.745 0.752900
0.750 0.774640
0.755 0.789000
0.760 0.798480
0.765 0.804700
0.770 0.809020
0.775 0.812370
0.780 0.815300
0.785 0.818050
0.790 0.820620
0.795 0.823130
0.800 0.825510
0.805 0.828090
0.810 0.830560
0.815 0.833050
0.820 0.835100
0.825 0.837650
0.830 0.839940
0.835 0.841660
0.840 0.844050
0.845 0.846310
0.850 0.848660
0.855 0.850400
0.860 0.852270
0.865 0.853880
0.870 0.855330
0.875 0.856940
0.880 0.858250
0.885 0.859350
0.890 0.860380
0.895 0.861600
0.900 0.862450
0.905 0.863410
0.910 0.864260
0.915 0.864800
0.920 0.865440
0.925 0.865510
0.930 0.865310
0.935 0.864590
0.940 0.863690
0.945 0.862310
0.950 0.859440
0.955 0.855450
0.960 0.851940
0.965 0.849870
0.970 0.849960
0.975 0.850610
0.980 0.851670
0.985 0.853390
0.990 0.855660
0.995 0.858660
1.000 0.861160
1.005 0.862560
1.010 0.865340
1.015 0.866670
1.020 0.869470
1.025 0.872390
1.030 0.877330
1.035 0.877820
1.040 0.879460
1.045 0.881180
1.050 0.882240
1.055 0.884500
1.060 0.886280
1.065 0.887150
1.070 0.887270
1.075 0.887220
1.080 0.889680
1.085 0.888950
1.090 0.888690
1.095 0.887660
1.100 0.888890
1.105 0.887020
1.110 0.886430
1.115 0.884960
1.120 0.882630
1.125 0.879100
1.130 0.874390
1.135 0.867570
1.140 0.857950
1.145 0.846160
1.150 0.836450
1.155 0.828210
1.160 0.823540
1.165 0.821250
1.170 0.820850
1.175 0.820770
1.180 0.820440
1.185 0.819680
1.190 0.819730
1.195 0.820380
1.200 0.820210
1.205 0.822260
1.210 0.823260
1.215 0.826010
1.220 0.828410
1.225 0.831880
1.230 0.834200
1.235 0.836230
1.240 0.838930
1.245 0.840190
1.250 0.841510
1.255 0.842840
1.260 0.843900
1.265 0.843890
1.270 0.843790
1.275 0.843520
1.280 0.841890
1.285 0.840750
1.290 0.838080
1.295 0.834980
1.300 0.830910
1.305 0.825590
1.310 0.819140
1.315 0.810530
1.320 0.801320
1.325 0.790110
1.330 0.777660
1.335 0.764910
1.340 0.751920
1.345 0.739540
1.350 0.726960
1.355 0.715180
1.360 0.701850
1.365 0.687020
1.370 0.665520
1.375 0.637260
1.380 0.596330
1.385 0.545090
1.390 0.486650
1.395 0.427680
1.400 0.373860
1.405 0.330720
1.410 0.298620
1.415 0.277640
1.420 0.263900
1.425 0.256160
1.430 0.252680
1.435 0.251590
1.440 0.252450
1.445 0.253860
1.450 0.256220
1.455 0.259370
1.460 0.264030
1.465 0.270390
1.470 0.279480
1.475 0.290480
1.480 0.302170
1.485 0.315610
1.490 0.328730
1.495 0.341940
1.500 0.355390
1.505 0.368890
1.510 0.382100
1.515 0.395160
1.520 0.407330
1.525 0.419510
1.530 0.431300
1.535 0.442990
1.540 0.453670
1.545 0.464090
1.550 0.474070
1.555 0.483610
1.560 0.492340
1.565 0.500600
1.570 0.508320
1.575 0.516060
1.580 0.522950
1.585 0.529790
1.590 0.536710
1.595 0.543430
1.600 0.549650
1.605 0.555780
1.610 0.560880
1.615 0.567010
1.620 0.571470
1.625 0.575750
1.630 0.580090
1.635 0.582610
1.640 0.585000
1.645 0.585860
1.650 0.585390
1.655 0.584140
1.660 0.583160
1.665 0.583120
1.670 0.583100
1.675 0.583100
1.680 0.582860
1.685 0.580790
1.690 0.578710
1.695 0.575430
1.700 0.571000
1.705 0.566130
1.710 0.561030
1.715 0.556560
1.720 0.551440
1.725 0.546590
1.730 0.543050
1.735 0.539330
1.740 0.534360
1.745 0.529310
1.750 0.523860
1.755 0.517140
1.760 0.511560
1.765 0.506140
1.770 0.501190
1.775 0.496940
1.780 0.494010
1.785 0.491990
1.790 0.489880
1.795 0.489440
1.800 0.488380
1.805 0.480920
1.810 0.481290
1.815 0.481000
1.820 0.480230
1.825 0.478960
1.830 0.476190
1.835 0.472270
1.840 0.465240
1.845 0.455530
1.850 0.440640
1.855 0.420080
1.860 0.391870
1.865 0.356010
1.870 0.310840
1.875 0.260030
1.880 0.208560
1.885 0.160430
1.890 0.120480
1.895 0.091076
1.900 0.072440
1.905 0.061520
1.910 0.055787
1.915 0.053167
1.920 0.052183
1.925 0.052439
1.930 0.053593
1.935 0.055346
1.940 0.057709
1.945 0.060629
1.950 0.063939
1.955 0.067833
1.960 0.072097
1.965 0.076807
1.970 0.082067
1.975 0.087725
1.980 0.093932
1.985 0.100110
1.990 0.106690
1.995 0.113390
2.000 0.120370
2.005 0.127180
2.010 0.134140
2.015 0.141000
2.020 0.147410
2.025 0.153710
2.030 0.159410
2.035 0.164690
2.040 0.169660
2.045 0.174110
2.050 0.178680
2.055 0.182830
2.060 0.187240
2.065 0.191340
2.070 0.195620
2.075 0.199670
2.080 0.203820
2.085 0.207720
2.090 0.211460
2.095 0.214990
2.100 0.218380
2.105 0.221660
2.110 0.224710
2.115 0.227150
2.120 0.229690
2.125 0.231860
2.130 0.234310
2.135 0.236710
2.140 0.239460
2.145 0.242340
2.150 0.245480
2.155 0.248540
2.160 0.251760
2.165 0.254830
2.170 0.258070
2.175 0.261150
2.180 0.264040
2.185 0.267140
2.190 0.270190
2.195 0.273080
2.200 0.275660
2.205 0.277350
2.210 0.279130
2.215 0.280260
2.220 0.280660
2.225 0.279990
2.230 0.278050
2.235 0.274770
2.240 0.270690
2.245 0.265390
2.250 0.259860
2.255 0.254260
2.260 0.248410
2.265 0.242870
2.270 0.237750
2.275 0.233300
2.280 0.228940
2.285 0.224620
2.290 0.219720
2.295 0.214200
2.300 0.208640
2.305 0.203570
2.310 0.199490
2.315 0.196470
2.320 0.193950
2.325 0.190050
2.330 0.185580
2.335 0.180850
2.340 0.176430
2.345 0.172420
2.350 0.168970
2.355 0.165960
2.360 0.162590
2.365 0.158390
2.370 0.154850
2.375 0.150600
2.380 0.146340
2.385 0.142130
2.390 0.137990
2.395 0.133880
2.400 0.129310
2.405 0.125690
2.410 0.120810
2.415 0.116720
2.420 0.111380
2.425 0.106610
2.430 0.101650
2.435 0.098182
2.440 0.092696
2.445 0.089216
2.450 0.084785
2.455 0.081168
2.460 0.076523
2.465 0.073594
2.470 0.070167
2.475 0.068428
2.480 0.066769
2.485 0.064946
2.490 0.062221
2.495 0.060493
2.500 0.062426
