0.350 0.015620
0.355 0.017182
0.360 0.018744
0.365 0.020306
0.370 0.021868
0.375 0.023430
0.380 0.024992
0.385 0.026554
0.390 0.028116
0.395 0.029678
0.400 0.031240
0.405 0.037083
0.410 0.038698
0.415 0.041702
0.420 0.045684
0.425 0.048351
0.430 0.051502
0.435 0.057532
0.440 0.060378
0.445 0.061713
0.450 0.063479
0.455 0.070320
0.460 0.074147
0.465 0.072876
0.470 0.073108
0.475 0.080191
0.480 0.081155
0.485 0.081694
0.490 0.084279
0.495 0.085797
0.500 0.091308
0.505 0.093378
0.510 0.096505
0.515 0.101720
0.520 0.103150
0.525 0.103020
0.530 0.106730
0.535 0.110520
0.540 0.114470
0.545 0.113160
0.550 0.120060
0.555 0.121810
0.560 0.127050
0.565 0.129910
0.570 0.137150
0.575 0.138520
0.580 0.141400
0.585 0.147680
0.590 0.149330
0.595 0.152460
0.600 0.153980
0.605 0.156560
0.610 0.157930
0.615 0.160190
0.620 0.160840
0.625 0.162140
0.630 0.164690
0.635 0.166560
0.640 0.172260
0.645 0.175840
0.650 0.176690
0.655 0.179500
0.660 0.180710
0.665 0.188850
0.670 0.191060
0.675 0.193620
0.680 0.195160
0.685 0.200490
0.690 0.204750
0.695 0.206690
0.700 0.212130
0.705 0.216570
0.710 0.219780
0.715 0.223430
0.720 0.230470
0.725 0.233300
0.730 0.232730
0.735 0.238630
0.740 0.240380
0.745 0.245200
0.750 0.249430
0.755 0.251210
0.760 0.253490
0.765 0.257080
0.770 0.258470
0.775 0.260100
0.780 0.261290
0.785 0.267490
0.790 0.271720
0.795 0.271700
0.800 0.277230
0.805 0.280280
0.810 0.283190
0.815 0.286000
0.820 0.286000
0.825 0.287140
0.830 0.290770
0.835 0.292890
0.840 0.293340
0.845 0.297170
0.850 0.298460
0.855 0.300380
0.860 0.300690
0.865 0.304900
0.870 0.305760
0.875 0.306800
0.880 0.309500
0.885 0.308630
0.890 0.308710
0.895 0.309920
0.900 0.311970
0.905 0.313440
0.910 0.315480
0.915 0.316540
0.920 0.319500
0.925 0.321040
0.930 0.323890
0.935 0.325720
0.940 0.326560
0.945 0.327920
0.950 0.329750
0.955 0.330640
0.960 0.331430
0.965 0.335060
0.970 0.336880
0.975 0.338320
0.980 0.341770
0.985 0.340450
0.990 0.341120
0.995 0.344430
1.000 0.345800
1.005 0.348730
1.010 0.350240
1.015 0.350960
1.020 0.354320
1.025 0.351650
1.030 0.354300
1.035 0.357620
1.040 0.358080
1.045 0.357720
1.050 0.359200
1.055 0.361460
1.060 0.364220
1.065 0.364140
1.070 0.363750
1.075 0.367190
1.080 0.368680
1.085 0.372570
1.090 0.373050
1.095 0.373250
1.100 0.373610
1.105 0.373290
1.110 0.372720
1.115 0.375280
1.120 0.381620
1.125 0.383740
1.130 0.383890
1.135 0.382580
1.140 0.382750
1.145 0.384810
1.150 0.385770
1.155 0.387310
1.160 0.387710
1.165 0.389000
1.170 0.389580
1.175 0.391700
1.180 0.395250
1.185 0.397500
1.190 0.397930
1.195 0.398580
1.200 0.400070
1.205 0.397410
1.210 0.397980
1.215 0.401310
1.220 0.405430
1.225 0.403650
1.230 0.405430
1.235 0.408660
1.240 0.410540
1.245 0.410630
1.250 0.410800
1.255 0.411580
1.260 0.413850
1.265 0.414600
1.270 0.415090
1.275 0.413800
1.280 0.414520
1.285 0.416060
1.290 0.416970
1.295 0.418510
1.300 0.416230
1.305 0.416050
1.310 0.416530
1.315 0.417700
1.320 0.422420
1.325 0.422830
1.330 0.424330
1.335 0.425410
1.340 0.424840
1.345 0.425140
1.350 0.426360
1.355 0.427020
1.360 0.424400
1.365 0.421950
1.370 0.423090
1.375 0.422710
1.380 0.414900
1.385 0.409070
1.390 0.405890
1.395 0.402350
1.400 0.399790
1.405 0.398120
1.410 0.397970
1.415 0.400990
1.420 0.407510
1.425 0.405390
1.430 0.408070
1.435 0.411250
1.440 0.413130
1.445 0.414530
1.450 0.414930
1.455 0.414120
1.460 0.412510
1.465 0.416350
1.470 0.416980
1.475 0.417070
1.480 0.420380
1.485 0.425150
1.490 0.426170
1.495 0.427190
1.500 0.427960
1.505 0.434760
1.510 0.437890
1.515 0.439510
1.520 0.440070
1.525 0.441130
1.530 0.440160
1.535 0.441480
1.540 0.447460
1.545 0.444500
1.550 0.444530
1.555 0.446200
1.560 0.447580
1.565 0.447220
1.570 0.447210
1.575 0.448600
1.580 0.450950
1.585 0.451950
1.590 0.453390
1.595 0.453860
1.600 0.453200
1.605 0.455700
1.610 0.454760
1.615 0.454800
1.620 0.455350
1.625 0.456330
1.630 0.455490
1.635 0.454940
1.640 0.456160
1.645 0.457900
1.650 0.458780
1.655 0.458180
1.660 0.455390
1.665 0.457670
1.670 0.458030
1.675 0.458070
1.680 0.459960
1.685 0.460400
1.690 0.461440
1.695 0.463560
1.700 0.469320
1.705 0.467070
1.710 0.465350
1.715 0.464840
1.720 0.464780
1.725 0.466950
1.730 0.466780
1.735 0.465980
1.740 0.463960
1.745 0.462920
1.750 0.464210
1.755 0.464870
1.760 0.464950
1.765 0.464300
1.770 0.462730
1.775 0.461920
1.780 0.467790
1.785 0.468250
1.790 0.466450
1.795 0.467860
1.800 0.468890
1.805 0.464390
1.810 0.464940
1.815 0.466160
1.820 0.467920
1.825 0.467120
1.830 0.465870
1.835 0.466040
1.840 0.467960
1.845 0.467460
1.850 0.466590
1.855 0.463810
1.860 0.459650
1.865 0.446960
1.870 0.438400
1.875 0.429650
1.880 0.415280
1.885 0.392120
1.890 0.375840
1.895 0.361240
1.900 0.341460
1.905 0.335740
1.910 0.335620
1.915 0.337760
1.920 0.342880
1.925 0.350350
1.930 0.355420
1.935 0.359880
1.940 0.365310
1.945 0.371570
1.950 0.374180
1.955 0.376670
1.960 0.383580
1.965 0.388410
1.970 0.390130
1.975 0.393820
1.980 0.399370
1.985 0.405150
1.990 0.407770
1.995 0.410090
2.000 0.414950
2.005 0.421870
2.010 0.421990
2.015 0.422240
2.020 0.425060
2.025 0.428210
2.030 0.429020
2.035 0.428090
2.040 0.428480
2.045 0.430990
2.050 0.431730
2.055 0.432070
2.060 0.431880
2.065 0.436890
2.070 0.434990
2.075 0.433350
2.080 0.433750
2.085 0.435150
2.090 0.435360
2.095 0.435550
2.100 0.436490
2.105 0.434600
2.110 0.434790
2.115 0.435310
2.120 0.435620
2.125 0.436400
2.130 0.435750
2.135 0.435840
2.140 0.434950
2.145 0.434300
2.150 0.434330
2.155 0.433880
2.160 0.431540
2.165 0.430720
2.170 0.431350
2.175 0.429280
2.180 0.426570
2.185 0.425240
2.190 0.422170
2.195 0.418840
2.200 0.415190
2.205 0.411000
2.210 0.409370
2.215 0.410590
2.220 0.413390
2.225 0.414350
2.230 0.415680
2.235 0.415000
2.240 0.413330
2.245 0.412290
2.250 0.412080
2.255 0.411250
2.260 0.410750
2.265 0.409940
2.270 0.410540
2.275 0.409410
2.280 0.409020
2.285 0.406990
2.290 0.405890
2.295 0.403250
2.300 0.402040
2.305 0.398950
2.310 0.399570
2.315 0.397950
2.320 0.398130
2.325 0.396360
2.330 0.392960
2.335 0.391130
2.340 0.388260
2.345 0.387540
2.350 0.386510
2.355 0.387180
2.360 0.387510
2.365 0.386990
2.370 0.385500
2.375 0.384830
2.380 0.383080
2.385 0.381410
2.390 0.380040
2.395 0.378600
2.400 0.376140
2.405 0.373640
2.410 0.371860
2.415 0.368600
2.420 0.364950
2.425 0.361120
2.430 0.358010
2.435 0.353100
2.440 0.349780
2.445 0.346200
2.450 0.342960
2.455 0.339780
2.460 0.336790
2.465 0.333580
2.470 0.331600
2.475 0.328940
2.480 0.325600
2.485 0.323420
2.490 0.321380
2.495 0.320190
2.500 0.319180
