0.350 0.023138
0.355 0.025451
0.360 0.027765
0.365 0.030079
0.370 0.032393
0.375 0.034706
0.380 0.037020
0.385 0.039334
0.390 0.041648
0.395 0.043961
0.400 0.046275
0.405 0.050376
0.410 0.053960
0.415 0.058320
0.420 0.062769
0.425 0.065296
0.430 0.067937
0.435 0.070930
0.440 0.075231
0.445 0.077227
0.450 0.082924
0.455 0.087917
0.460 0.086099
0.465 0.088428
0.470 0.090659
0.475 0.093967
0.480 0.097132
0.485 0.099121
0.490 0.103070
0.495 0.105030
0.500 0.105590
0.505 0.109420
0.510 0.111050
0.515 0.117500
0.520 0.117440
0.525 0.121990
0.530 0.123340
0.535 0.127820
0.540 0.133920
0.545 0.139030
0.550 0.140470
0.555 0.143520
0.560 0.151270
0.565 0.155480
0.570 0.158530
0.575 0.161540
0.580 0.165410
0.585 0.168750
0.590 0.172580
0.595 0.173080
0.600 0.176140
0.605 0.182060
0.610 0.181880
0.615 0.183810
0.620 0.190680
0.625 0.192020
0.630 0.197380
0.635 0.197490
0.640 0.199130
0.645 0.202270
0.650 0.204720
0.655 0.214170
0.660 0.210520
0.665 0.216370
0.670 0.219090
0.675 0.222160
0.680 0.224880
0.685 0.228280
0.690 0.230220
0.695 0.235190
0.700 0.237680
0.705 0.243110
0.710 0.246030
0.715 0.248780
0.720 0.249310
0.725 0.255890
0.730 0.257420
0.735 0.260990
0.740 0.263930
0.745 0.266730
0.750 0.269050
0.755 0.272000
0.760 0.273240
0.765 0.278310
0.770 0.279970
0.775 0.283060
0.780 0.284610
0.785 0.288700
0.790 0.291380
0.795 0.294410
0.800 0.297850
0.805 0.299800
0.810 0.301390
0.815 0.303880
0.820 0.304820
0.825 0.306650
0.830 0.308690
0.835 0.310260
0.840 0.311880
0.845 0.313060
0.850 0.313810
0.855 0.314700
0.860 0.315090
0.865 0.320690
0.870 0.320290
0.875 0.321870
0.880 0.323150
0.885 0.324780
0.890 0.323410
0.895 0.326700
0.900 0.331990
0.905 0.331370
0.910 0.332380
0.915 0.333270
0.920 0.334230
0.925 0.336760
0.930 0.339200
0.935 0.341010
0.940 0.345220
0.945 0.346500
0.950 0.347470
0.955 0.347290
0.960 0.347950
0.965 0.350110
0.970 0.352950
0.975 0.351880
0.980 0.355340
0.985 0.356690
0.990 0.356690
0.995 0.361160
1.000 0.364310
1.005 0.363980
1.010 0.363170
1.015 0.366800
1.020 0.370190
1.025 0.368790
1.030 0.368350
1.035 0.372540
1.040 0.374450
1.045 0.374900
1.050 0.372270
1.055 0.374680
1.060 0.378250
1.065 0.379310
1.070 0.379810
1.075 0.379030
1.080 0.382480
1.085 0.385010
1.090 0.384810
1.095 0.385240
1.100 0.384930
1.105 0.383990
1.110 0.387920
1.115 0.390570
1.120 0.392460
1.125 0.391920
1.130 0.392620
1.135 0.394230
1.140 0.393030
1.145 0.395940
1.150 0.395170
1.155 0.397870
1.160 0.400960
1.165 0.399940
1.170 0.401520
1.175 0.402110
1.180 0.403940
1.185 0.404640
1.190 0.405530
1.195 0.405820
1.200 0.406360
1.205 0.408300
1.210 0.409080
1.215 0.412840
1.220 0.417330
1.225 0.420900
1.230 0.418030
1.235 0.416500
1.240 0.417550
1.245 0.422000
1.250 0.421890
1.255 0.422360
1.260 0.422600
1.265 0.423560
1.270 0.426480
1.275 0.426760
1.280 0.427440
1.285 0.428570
1.290 0.430980
1.295 0.431280
1.300 0.430350
1.305 0.431400
1.310 0.431930
1.315 0.431800
1.320 0.432340
1.325 0.435960
1.330 0.435140
1.335 0.434380
1.340 0.432200
1.345 0.436910
1.350 0.435980
1.355 0.438100
1.360 0.430560
1.365 0.434610
1.370 0.433230
1.375 0.431190
1.380 0.428140
1.385 0.425690
1.390 0.422630
1.395 0.419140
1.400 0.416800
1.405 0.415830
1.410 0.417140
1.415 0.420450
1.420 0.423610
1.425 0.425020
1.430 0.425560
1.435 0.426610
1.440 0.427080
1.445 0.427370
1.450 0.429010
1.455 0.431920
1.460 0.434060
1.465 0.433820
1.470 0.433620
1.475 0.434170
1.480 0.435590
1.485 0.433240
1.490 0.433880
1.495 0.435680
1.500 0.441960
1.505 0.442020
1.510 0.444110
1.515 0.442990
1.520 0.446660
1.525 0.446640
1.530 0.446210
1.535 0.446720
1.540 0.449870
1.545 0.453900
1.550 0.453710
1.555 0.454390
1.560 0.454920
1.565 0.459670
1.570 0.460130
1.575 0.455360
1.580 0.454830
1.585 0.455880
1.590 0.453660
1.595 0.454210
1.600 0.455550
1.605 0.454120
1.610 0.452720
1.615 0.456520
1.620 0.458270
1.625 0.458020
1.630 0.458690
1.635 0.463020
1.640 0.461590
1.645 0.459060
1.650 0.460560
1.655 0.464230
1.660 0.462490
1.665 0.464880
1.670 0.462190
1.675 0.461930
1.680 0.465330
1.685 0.465530
1.690 0.463420
1.695 0.463770
1.700 0.464860
1.705 0.462950
1.710 0.464930
1.715 0.465400
1.720 0.466730
1.725 0.467070
1.730 0.466630
1.735 0.465320
1.740 0.466240
1.745 0.463880
1.750 0.466020
1.755 0.465700
1.760 0.465800
1.765 0.468350
1.770 0.467100
1.775 0.467690
1.780 0.466610
1.785 0.468410
1.790 0.467260
1.795 0.466340
1.800 0.468050
1.805 0.470580
1.810 0.471070
1.815 0.471300
1.820 0.470020
1.825 0.469570
1.830 0.468360
1.835 0.471590
1.840 0.471100
1.845 0.468460
1.850 0.467810
1.855 0.468530
1.860 0.466810
1.865 0.462440
1.870 0.453150
1.875 0.442200
1.880 0.437590
1.885 0.424870
1.890 0.410060
1.895 0.395950
1.900 0.386280
1.905 0.378340
1.910 0.377040
1.915 0.379020
1.920 0.383350
1.925 0.386310
1.930 0.390740
1.935 0.392450
1.940 0.394740
1.945 0.396370
1.950 0.400400
1.955 0.402630
1.960 0.405300
1.965 0.405490
1.970 0.409370
1.975 0.414610
1.980 0.417860
1.985 0.421500
1.990 0.426190
1.995 0.428420
2.000 0.428550
2.005 0.430020
2.010 0.434410
2.015 0.436160
2.020 0.437700
2.025 0.435670
2.030 0.437700
2.035 0.439160
2.040 0.438260
2.045 0.440360
2.050 0.443260
2.055 0.440990
2.060 0.442730
2.065 0.442980
2.070 0.443330
2.075 0.443440
2.080 0.443450
2.085 0.441670
2.090 0.441950
2.095 0.441240
2.100 0.442130
2.105 0.440660
2.110 0.440370
2.115 0.440610
2.120 0.440530
2.125 0.441450
2.130 0.440780
2.135 0.440470
2.140 0.440250
2.145 0.440180
2.150 0.437850
2.155 0.437640
2.160 0.435530
2.165 0.431620
2.170 0.432160
2.175 0.431740
2.180 0.427810
2.185 0.425060
2.190 0.422110
2.195 0.418990
2.200 0.415710
2.205 0.411610
2.210 0.412220
2.215 0.419230
2.220 0.420850
2.225 0.424550
2.230 0.425370
2.235 0.426260
2.240 0.424440
2.245 0.424810
2.250 0.424510
2.255 0.424010
2.260 0.424520
2.265 0.424000
2.270 0.424400
2.275 0.423000
2.280 0.422740
2.285 0.420760
2.290 0.420400
2.295 0.419020
2.300 0.416530
2.305 0.415240
2.310 0.414120
2.315 0.412500
2.320 0.412340
2.325 0.411560
2.330 0.410430
2.335 0.407330
2.340 0.405480
2.345 0.404550
2.350 0.402180
2.355 0.402290
2.360 0.403620
2.365 0.402970
2.370 0.403130
2.375 0.401590
2.380 0.399890
2.385 0.399090
2.390 0.399050
2.395 0.398690
2.400 0.398060
2.405 0.396990
2.410 0.396060
2.415 0.393280
2.420 0.390650
2.425 0.388920
2.430 0.386040
2.435 0.383580
2.440 0.380710
2.445 0.378100
2.450 0.376150
2.455 0.374650
2.460 0.372560
2.465 0.371450
2.470 0.370320
2.475 0.368320
2.480 0.366560
2.485 0.364730
2.490 0.364510
2.495 0.362960
2.500 0.362440
