0.350 0.016585
0.355 0.018243
0.360 0.019902
0.365 0.021560
0.370 0.023219
0.375 0.024877
0.380 0.026536
0.385 0.028195
0.390 0.029853
0.395 0.031512
0.400 0.033170
0.405 0.038033
0.410 0.043056
0.415 0.048325
0.420 0.053929
0.425 0.059788
0.430 0.064764
0.435 0.070516
0.440 0.074525
0.445 0.078646
0.450 0.084925
0.455 0.088898
0.460 0.091354
0.465 0.095151
0.470 0.098256
0.475 0.102110
0.480 0.104530
0.485 0.107260
0.490 0.109590
0.495 0.113220
0.500 0.116360
0.505 0.119850
0.510 0.123980
0.515 0.130270
0.520 0.137300
0.525 0.145200
0.530 0.151350
0.535 0.157130
0.540 0.161330
0.545 0.163210
0.550 0.165910
0.555 0.168370
0.560 0.168900
0.565 0.169640
0.570 0.167960
0.575 0.166300
0.580 0.166520
0.585 0.165180
0.590 0.166590
0.595 0.166590
0.600 0.167600
0.605 0.168810
0.610 0.168420
0.615 0.169520
0.620 0.170420
0.625 0.171080
0.630 0.171750
0.635 0.172910
0.640 0.173160
0.645 0.174070
0.650 0.174150
0.655 0.174640
0.660 0.175290
0.665 0.175730
0.670 0.175430
0.675 0.175930
0.680 0.177110
0.685 0.180000
0.690 0.183680
0.695 0.192650
0.700 0.207480
0.705 0.226480
0.710 0.246030
0.715 0.267910
0.720 0.292810
0.725 0.321680
0.730 0.353730
0.735 0.386010
0.740 0.417000
0.745 0.446010
0.750 0.468110
0.755 0.484690
0.760 0.497300
0.765 0.504510
0.770 0.510250
0.775 0.515230
0.780 0.516870
0.785 0.518300
0.790 0.520520
0.795 0.522600
0.800 0.523080
0.805 0.524770
0.810 0.525680
0.815 0.526710
0.820 0.528030
0.825 0.528270
0.830 0.528460
0.835 0.529540
0.840 0.530950
0.845 0.532200
0.850 0.532740
0.855 0.531810
0.860 0.530580
0.865 0.530230
0.870 0.530270
0.875 0.530260
0.880 0.530390
0.885 0.531170
0.890 0.532500
0.895 0.533170
0.900 0.532540
0.905 0.531670
0.910 0.531200
0.915 0.531000
0.920 0.530940
0.925 0.530940
0.930 0.530770
0.935 0.529550
0.940 0.527100
0.945 0.524170
0.950 0.520510
0.955 0.516050
0.960 0.512500
0.965 0.510970
0.970 0.510980
0.975 0.510270
0.980 0.510940
0.985 0.510980
0.990 0.511030
0.995 0.512820
1.000 0.514740
1.005 0.515630
1.010 0.515910
1.015 0.518590
1.020 0.521350
1.025 0.522700
1.030 0.524780
1.035 0.526700
1.040 0.528880
1.045 0.529550
1.050 0.530520
1.055 0.531160
1.060 0.532030
1.065 0.532480
1.070 0.532360
1.075 0.531730
1.080 0.533500
1.085 0.533800
1.090 0.532270
1.095 0.532620
1.100 0.531770
1.105 0.529880
1.110 0.530870
1.115 0.528720
1.120 0.527770
1.125 0.525360
1.130 0.521180
1.135 0.513910
1.140 0.503960
1.145 0.493740
1.150 0.486070
1.155 0.479460
1.160 0.474490
1.165 0.471680
1.170 0.469780
1.175 0.467130
1.180 0.465680
1.185 0.465000
1.190 0.464950
1.195 0.464040
1.200 0.463450
1.205 0.463570
1.210 0.463010
1.215 0.464740
1.220 0.466910
1.225 0.467100
1.230 0.468670
1.235 0.470020
1.240 0.471620
1.245 0.473150
1.250 0.474700
1.255 0.476380
1.260 0.476970
1.265 0.477260
1.270 0.477000
1.275 0.476560
1.280 0.476190
1.285 0.475630
1.290 0.473830
1.295 0.471870
1.300 0.469250
1.305 0.466110
1.310 0.461740
1.315 0.457080
1.320 0.450740
1.325 0.444260
1.330 0.437010
1.335 0.429650
1.340 0.422630
1.345 0.414080
1.350 0.406910
1.355 0.402210
1.360 0.395690
1.365 0.389190
1.370 0.381780
1.375 0.371480
1.380 0.358230
1.385 0.340650
1.390 0.319600
1.395 0.298450
1.400 0.280800
1.405 0.262770
1.410 0.249560
1.415 0.238700
1.420 0.229060
1.425 0.222370
1.430 0.216520
1.435 0.213550
1.440 0.210040
1.445 0.207570
1.450 0.207210
1.455 0.207000
1.460 0.207620
1.465 0.208670
1.470 0.207990
1.475 0.211410
1.480 0.213940
1.485 0.217740
1.490 0.220890
1.495 0.224900
1.500 0.228670
1.505 0.232330
1.510 0.235820
1.515 0.240550
1.520 0.245750
1.525 0.249570
1.530 0.254870
1.535 0.258000
1.540 0.262510
1.545 0.266210
1.550 0.270280
1.555 0.274500
1.560 0.277530
1.565 0.279800
1.570 0.282880
1.575 0.285790
1.580 0.288890
1.585 0.292390
1.590 0.295850
1.595 0.298850
1.600 0.302050
1.605 0.305600
1.610 0.308030
1.615 0.310970
1.620 0.314280
1.625 0.316160
1.630 0.318340
1.635 0.320460
1.640 0.321650
1.645 0.322610
1.650 0.324150
1.655 0.325480
1.660 0.325350
1.665 0.326070
1.670 0.326140
1.675 0.323920
1.680 0.321650
1.685 0.320360
1.690 0.320080
1.695 0.319420
1.700 0.318440
1.705 0.317660
1.710 0.314780
1.715 0.310210
1.720 0.308400
1.725 0.306830
1.730 0.303010
1.735 0.301550
1.740 0.301940
1.745 0.300470
1.750 0.298560
1.755 0.296820
1.760 0.293840
1.765 0.290860
1.770 0.289230
1.775 0.287860
1.780 0.287280
1.785 0.288610
1.790 0.288640
1.795 0.286700
1.800 0.286360
1.805 0.287260
1.810 0.287900
1.815 0.288060
1.820 0.287710
1.825 0.287370
1.830 0.287430
1.835 0.287250
1.840 0.286030
1.845 0.283610
1.850 0.279670
1.855 0.274380
1.860 0.267450
1.865 0.257860
1.870 0.244280
1.875 0.228800
1.880 0.213140
1.885 0.196850
1.890 0.179430
1.895 0.163180
1.900 0.150630
1.905 0.140570
1.910 0.132150
1.915 0.125740
1.920 0.122240
1.925 0.120670
1.930 0.120400
1.935 0.121110
1.940 0.122720
1.945 0.124330
1.950 0.125370
1.955 0.127470
1.960 0.132230
1.965 0.137200
1.970 0.139950
1.975 0.141800
1.980 0.144190
1.985 0.147050
1.990 0.150070
1.995 0.152680
2.000 0.154430
2.005 0.156320
2.010 0.159230
2.015 0.161510
2.020 0.161500
2.025 0.160840
2.030 0.161090
2.035 0.161150
2.040 0.159840
2.045 0.158570
2.050 0.158720
2.055 0.159160
2.060 0.158710
2.065 0.158150
2.070 0.158390
2.075 0.159530
2.080 0.161490
2.085 0.162650
2.090 0.161620
2.095 0.161100
2.100 0.163740
2.105 0.167210
2.110 0.169100
2.115 0.170440
2.120 0.172370
2.125 0.174210
2.130 0.175250
2.135 0.176710
2.140 0.179700
2.145 0.182200
2.150 0.182270
2.155 0.182320
2.160 0.184760
2.165 0.187730
2.170 0.189140
2.175 0.189510
2.180 0.189550
2.185 0.189930
2.190 0.191190
2.195 0.192540
2.200 0.193230
2.205 0.193830
2.210 0.194910
2.215 0.195850
2.220 0.195890
2.225 0.194750
2.230 0.192200
2.235 0.189580
2.240 0.187920
2.245 0.185460
2.250 0.180580
2.255 0.176330
2.260 0.175660
2.265 0.175420
2.270 0.172380
2.275 0.168700
2.280 0.166720
2.285 0.165750
2.290 0.164820
2.295 0.162930
2.300 0.159290
2.305 0.155800
2.310 0.154310
2.315 0.153430
2.320 0.151730
2.325 0.149830
2.330 0.148460
2.335 0.147100
2.340 0.145160
2.345 0.143050
2.350 0.141310
2.355 0.140430
2.360 0.140830
2.365 0.141340
2.370 0.140780
2.375 0.139390
2.380 0.137460
2.385 0.135510
2.390 0.134050
2.395 0.132860
2.400 0.131480
2.405 0.129530
2.410 0.127250
2.415 0.124860
2.420 0.122510
2.425 0.120260
2.430 0.118020
2.435 0.115760
2.440 0.113380
2.445 0.110810
2.450 0.108130
2.455 0.105440
2.460 0.102800
2.465 0.100340
2.470 0.098256
2.475 0.096441
2.480 0.094760
2.485 0.093178
2.490 0.091735
2.495 0.090585
2.500 0.089995
