0.350 0.018005
0.355 0.019806
0.360 0.021606
0.365 0.023406
0.370 0.025207
0.375 0.027007
0.380 0.028808
0.385 0.030609
0.390 0.032409
0.395 0.034210
0.400 0.036010
0.405 0.039930
0.410 0.043868
0.415 0.047521
0.420 0.051062
0.425 0.054334
0.430 0.057278
0.435 0.060074
0.440 0.062837
0.445 0.065416
0.450 0.067792
0.455 0.070106
0.460 0.072277
0.465 0.074425
0.470 0.076457
0.475 0.078621
0.480 0.080725
0.485 0.083010
0.490 0.085292
0.495 0.087773
0.500 0.090357
0.505 0.093077
0.510 0.095917
0.515 0.098861
0.520 0.101890
0.525 0.105030
0.530 0.108240
0.535 0.111550
0.540 0.114950
0.545 0.118480
0.550 0.122040
0.555 0.125740
0.560 0.129510
0.565 0.133360
0.570 0.137170
0.575 0.141140
0.580 0.145220
0.585 0.149480
0.590 0.153970
0.595 0.158800
0.600 0.163660
0.605 0.168300
0.610 0.172740
0.615 0.177380
0.620 0.181940
0.625 0.186490
0.630 0.191000
0.635 0.195570
0.640 0.200360
0.645 0.205070
0.650 0.209780
0.655 0.214610
0.660 0.219580
0.665 0.224630
0.670 0.229580
0.675 0.234460
0.680 0.239390
0.685 0.244310
0.690 0.249310
0.695 0.254360
0.700 0.259390
0.705 0.264420
0.710 0.269490
0.715 0.274560
0.720 0.279570
0.725 0.284640
0.730 0.289730
0.735 0.294760
0.740 0.299750
0.745 0.304700
0.750 0.309630
0.755 0.314580
0.760 0.319640
0.765 0.324670
0.770 0.329710
0.775 0.334690
0.780 0.339630
0.785 0.344530
0.790 0.349440
0.795 0.354340
0.800 0.359160
0.805 0.363860
0.810 0.368590
0.815 0.373270
0.820 0.377790
0.825 0.382240
0.830 0.386660
0.835 0.390930
0.840 0.395180
0.845 0.399410
0.850 0.403500
0.855 0.407580
0.860 0.411630
0.865 0.415560
0.870 0.419360
0.875 0.423070
0.880 0.426610
0.885 0.430230
0.890 0.433710
0.895 0.437060
0.900 0.440240
0.905 0.443200
0.910 0.446090
0.915 0.448850
0.920 0.451350
0.925 0.453870
0.930 0.456820
0.935 0.459310
0.940 0.461830
0.945 0.464100
0.950 0.466360
0.955 0.468720
0.960 0.471140
0.965 0.473420
0.970 0.475450
0.975 0.477210
0.980 0.479410
0.985 0.481440
0.990 0.483040
0.995 0.484670
1.000 0.485880
1.005 0.487560
1.010 0.489660
1.015 0.491220
1.020 0.493320
1.025 0.495340
1.030 0.497280
1.035 0.499410
1.040 0.501340
1.045 0.503320
1.050 0.505180
1.055 0.507060
1.060 0.508790
1.065 0.510520
1.070 0.512280
1.075 0.513970
1.080 0.515560
1.085 0.517060
1.090 0.518660
1.095 0.520050
1.100 0.521290
1.105 0.522480
1.110 0.523600
1.115 0.524800
1.120 0.525700
1.125 0.526350
1.130 0.526610
1.135 0.526630
1.140 0.526340
1.145 0.526100
1.150 0.526110
1.155 0.526420
1.160 0.526820
1.165 0.527450
1.170 0.528150
1.175 0.528760
1.180 0.529200
1.185 0.529750
1.190 0.530520
1.195 0.531320
1.200 0.532190
1.205 0.533080
1.210 0.533980
1.215 0.534980
1.220 0.536120
1.225 0.537290
1.230 0.538500
1.235 0.539900
1.240 0.541240
1.245 0.542420
1.250 0.543580
1.255 0.544800
1.260 0.545880
1.265 0.546900
1.270 0.547880
1.275 0.548870
1.280 0.549870
1.285 0.550830
1.290 0.551740
1.295 0.552590
1.300 0.553440
1.305 0.554100
1.310 0.554580
1.315 0.554970
1.320 0.555410
1.325 0.555700
1.330 0.555750
1.335 0.555740
1.340 0.555560
1.345 0.555090
1.350 0.554490
1.355 0.553660
1.360 0.552840
1.365 0.552140
1.370 0.551610
1.375 0.551320
1.380 0.550930
1.385 0.550460
1.390 0.549750
1.395 0.548680
1.400 0.547020
1.405 0.544480
1.410 0.540800
1.415 0.536080
1.420 0.530850
1.425 0.525780
1.430 0.521560
1.435 0.518330
1.440 0.515860
1.445 0.513790
1.450 0.512100
1.455 0.510620
1.460 0.509140
1.465 0.507680
1.470 0.506330
1.475 0.505130
1.480 0.504200
1.485 0.503530
1.490 0.503150
1.495 0.502950
1.500 0.503010
1.505 0.503160
1.510 0.503400
1.515 0.503680
1.520 0.503880
1.525 0.504000
1.530 0.504070
1.535 0.504100
1.540 0.504080
1.545 0.504090
1.550 0.504060
1.555 0.504160
1.560 0.504150
1.565 0.504120
1.570 0.504090
1.575 0.503990
1.580 0.503970
1.585 0.503970
1.590 0.504220
1.595 0.504560
1.600 0.505000
1.605 0.505340
1.610 0.505770
1.615 0.506070
1.620 0.506160
1.625 0.506110
1.630 0.505910
1.635 0.505610
1.640 0.505080
1.645 0.504230
1.650 0.503290
1.655 0.502200
1.660 0.501130
1.665 0.500140
1.670 0.499290
1.675 0.498510
1.680 0.497620
1.685 0.496600
1.690 0.495480
1.695 0.494330
1.700 0.493160
1.705 0.491930
1.710 0.490750
1.715 0.489480
1.720 0.488280
1.725 0.487360
1.730 0.486500
1.735 0.485790
1.740 0.484980
1.745 0.484280
1.750 0.483600
1.755 0.482920
1.760 0.482170
1.765 0.481540
1.770 0.480940
1.775 0.480320
1.780 0.479630
1.785 0.478920
1.790 0.478400
1.795 0.477860
1.800 0.477470
1.805 0.476920
1.810 0.477560
1.815 0.477530
1.820 0.477340
1.825 0.477040
1.830 0.476860
1.835 0.476810
1.840 0.476880
1.845 0.476820
1.850 0.476630
1.855 0.476230
1.860 0.475660
1.865 0.474660
1.870 0.473420
1.875 0.471840
1.880 0.469790
1.885 0.467120
1.890 0.463630
1.895 0.459140
1.900 0.453860
1.905 0.448340
1.910 0.442810
1.915 0.437760
1.920 0.433210
1.925 0.429200
1.930 0.425650
1.935 0.422400
1.940 0.419540
1.945 0.416870
1.950 0.414340
1.955 0.411960
1.960 0.409820
1.965 0.407870
1.970 0.406110
1.975 0.404460
1.980 0.403120
1.985 0.402100
1.990 0.401500
1.995 0.401310
2.000 0.401270
2.005 0.401380
2.010 0.401540
2.015 0.401830
2.020 0.402050
2.025 0.402080
2.030 0.401950
2.035 0.401450
2.040 0.400700
2.045 0.399890
2.050 0.398790
2.055 0.397510
2.060 0.396120
2.065 0.394880
2.070 0.393790
2.075 0.392830
2.080 0.392180
2.085 0.391800
2.090 0.391800
2.095 0.391950
2.100 0.392350
2.105 0.393030
2.110 0.393990
2.115 0.395190
2.120 0.396410
2.125 0.397580
2.130 0.398670
2.135 0.399600
2.140 0.400550
2.145 0.401330
2.150 0.401810
2.155 0.401980
2.160 0.401820
2.165 0.401560
2.170 0.401190
2.175 0.400740
2.180 0.400240
2.185 0.399690
2.190 0.398970
2.195 0.398220
2.200 0.397580
2.205 0.396890
2.210 0.396250
2.215 0.395370
2.220 0.394190
2.225 0.392580
2.230 0.390450
2.235 0.387800
2.240 0.384660
2.245 0.381220
2.250 0.377660
2.255 0.374060
2.260 0.370900
2.265 0.368560
2.270 0.367180
2.275 0.366900
2.280 0.367560
2.285 0.368580
2.290 0.369170
2.295 0.369040
2.300 0.368050
2.305 0.366850
2.310 0.365500
2.315 0.364150
2.320 0.362790
2.325 0.361210
2.330 0.359830
2.335 0.358780
2.340 0.358180
2.345 0.357770
2.350 0.357330
2.355 0.356490
2.360 0.355590
2.365 0.354240
2.370 0.352990
2.375 0.351610
2.380 0.350080
2.385 0.348750
2.390 0.347260
2.395 0.345840
2.400 0.344450
2.405 0.342500
2.410 0.340400
2.415 0.337860
2.420 0.335340
2.425 0.332670
2.430 0.329500
2.435 0.326300
2.440 0.322960
2.445 0.319810
2.450 0.316780
2.455 0.313170
2.460 0.310140
2.465 0.307520
2.470 0.303280
2.475 0.300170
2.480 0.297730
2.485 0.295320
2.490 0.293450
2.495 0.291440
2.500 0.291820
