0.350 0.067825
0.355 0.074607
0.360 0.081390
0.365 0.088172
0.370 0.094955
0.375 0.101740
0.380 0.108520
0.385 0.115300
0.390 0.122090
0.395 0.128870
0.400 0.135650
0.405 0.136750
0.410 0.137480
0.415 0.138350
0.420 0.139440
0.425 0.140510
0.430 0.141560
0.435 0.142650
0.440 0.144030
0.445 0.145640
0.450 0.147220
0.455 0.148520
0.460 0.149870
0.465 0.151890
0.470 0.154650
0.475 0.157370
0.480 0.159370
0.485 0.160790
0.490 0.161850
0.495 0.162810
0.500 0.163890
0.505 0.164920
0.510 0.165830
0.515 0.166580
0.520 0.167220
0.525 0.167730
0.530 0.168180
0.535 0.168610
0.540 0.168980
0.545 0.169410
0.550 0.169650
0.555 0.169900
0.560 0.170140
0.565 0.170360
0.570 0.170530
0.575 0.170720
0.580 0.170880
0.585 0.171020
0.590 0.171170
0.595 0.171320
0.600 0.171440
0.605 0.171500
0.610 0.171530
0.615 0.171560
0.620 0.171600
0.625 0.171650
0.630 0.171640
0.635 0.171550
0.640 0.171470
0.645 0.171410
0.650 0.171350
0.655 0.171290
0.660 0.171270
0.665 0.171250
0.670 0.171230
0.675 0.171260
0.680 0.171310
0.685 0.171440
0.690 0.171650
0.695 0.171870
0.700 0.172070
0.705 0.172210
0.710 0.172330
0.715 0.172410
0.720 0.172460
0.725 0.172490
0.730 0.172520
0.735 0.172540
0.740 0.172570
0.745 0.172590
0.750 0.172640
0.755 0.172700
0.760 0.172770
0.765 0.172850
0.770 0.172930
0.775 0.172990
0.780 0.173030
0.785 0.173050
0.790 0.173040
0.795 0.172990
0.800 0.172900
0.805 0.172770
0.810 0.172620
0.815 0.172410
0.820 0.172190
0.825 0.171950
0.830 0.171670
0.835 0.171370
0.840 0.171080
0.845 0.170770
0.850 0.170440
0.855 0.170120
0.860 0.169810
0.865 0.169480
0.870 0.169160
0.875 0.168860
0.880 0.168560
0.885 0.168280
0.890 0.167990
0.895 0.167720
0.900 0.167470
0.905 0.167240
0.910 0.167040
0.915 0.166850
0.920 0.166680
0.925 0.166520
0.930 0.166390
0.935 0.166250
0.940 0.165970
0.945 0.165640
0.950 0.165480
0.955 0.165370
0.960 0.165350
0.965 0.165290
0.970 0.165160
0.975 0.165000
0.980 0.164860
0.985 0.164720
0.990 0.164580
0.995 0.164430
1.000 0.164390
1.005 0.164410
1.010 0.164210
1.015 0.164020
1.020 0.163780
1.025 0.163530
1.030 0.163330
1.035 0.163170
1.040 0.163030
1.045 0.162830
1.050 0.162650
1.055 0.162470
1.060 0.162220
1.065 0.162020
1.070 0.161840
1.075 0.161680
1.080 0.161530
1.085 0.161380
1.090 0.161220
1.095 0.161090
1.100 0.160960
1.105 0.160790
1.110 0.160640
1.115 0.160470
1.120 0.160320
1.125 0.160120
1.130 0.159860
1.135 0.159590
1.140 0.159270
1.145 0.158930
1.150 0.158600
1.155 0.158250
1.160 0.157920
1.165 0.157610
1.170 0.157350
1.175 0.157090
1.180 0.156820
1.185 0.156590
1.190 0.156410
1.195 0.156250
1.200 0.156110
1.205 0.156000
1.210 0.155950
1.215 0.155950
1.220 0.155980
1.225 0.156070
1.230 0.156190
1.235 0.156320
1.240 0.156420
1.245 0.156490
1.250 0.156530
1.255 0.156540
1.260 0.156530
1.265 0.156450
1.270 0.156360
1.275 0.156270
1.280 0.156180
1.285 0.156150
1.290 0.156200
1.295 0.156290
1.300 0.156330
1.305 0.156290
1.310 0.156210
1.315 0.156100
1.320 0.155950
1.325 0.155740
1.330 0.155470
1.335 0.155100
1.340 0.154630
1.345 0.154020
1.350 0.153240
1.355 0.152360
1.360 0.151540
1.365 0.150830
1.370 0.149830
1.375 0.147620
1.380 0.144060
1.385 0.140510
1.390 0.138260
1.395 0.137440
1.400 0.137700
1.405 0.138470
1.410 0.138970
1.415 0.138780
1.420 0.137990
1.425 0.136970
1.430 0.136050
1.435 0.135360
1.440 0.134920
1.445 0.134650
1.450 0.134490
1.455 0.134390
1.460 0.134330
1.465 0.134310
1.470 0.134370
1.475 0.134470
1.480 0.134610
1.485 0.134770
1.490 0.134960
1.495 0.135180
1.500 0.135440
1.505 0.135720
1.510 0.136010
1.515 0.136310
1.520 0.136600
1.525 0.136840
1.530 0.137020
1.535 0.137140
1.540 0.137240
1.545 0.137300
1.550 0.137360
1.555 0.137450
1.560 0.137510
1.565 0.137530
1.570 0.137550
1.575 0.137610
1.580 0.137700
1.585 0.137820
1.590 0.138010
1.595 0.138250
1.600 0.138520
1.605 0.138790
1.610 0.139060
1.615 0.139280
1.620 0.139490
1.625 0.139660
1.630 0.139800
1.635 0.139910
1.640 0.139990
1.645 0.140030
1.650 0.139980
1.655 0.139810
1.660 0.139580
1.665 0.139270
1.670 0.138850
1.675 0.138340
1.680 0.137790
1.685 0.137210
1.690 0.136640
1.695 0.136110
1.700 0.135630
1.705 0.135200
1.710 0.134760
1.715 0.134280
1.720 0.133800
1.725 0.133460
1.730 0.133300
1.735 0.133280
1.740 0.133350
1.745 0.133380
1.750 0.133270
1.755 0.133100
1.760 0.132970
1.765 0.132870
1.770 0.132800
1.775 0.132840
1.780 0.132870
1.785 0.132820
1.790 0.132810
1.795 0.132790
1.800 0.132770
1.805 0.132770
1.810 0.132790
1.815 0.132830
1.820 0.132890
1.825 0.132960
1.830 0.133070
1.835 0.133190
1.840 0.133280
1.845 0.133340
1.850 0.133290
1.855 0.133120
1.860 0.132820
1.865 0.132400
1.870 0.131700
1.875 0.130480
1.880 0.128650
1.885 0.126260
1.890 0.123170
1.895 0.119560
1.900 0.115840
1.905 0.112490
1.910 0.109850
1.915 0.108080
1.920 0.107040
1.925 0.106640
1.930 0.106680
1.935 0.107010
1.940 0.107550
1.945 0.108160
1.950 0.108800
1.955 0.109440
1.960 0.110060
1.965 0.110640
1.970 0.111190
1.975 0.111710
1.980 0.112350
1.985 0.113010
1.990 0.113630
1.995 0.114130
2.000 0.114560
2.005 0.114800
2.010 0.114790
2.015 0.114550
2.020 0.114120
2.025 0.113530
2.030 0.112730
2.035 0.111840
2.040 0.110950
2.045 0.110120
2.050 0.109330
2.055 0.108570
2.060 0.107950
2.065 0.107330
2.070 0.106710
2.075 0.106080
2.080 0.105400
2.085 0.104730
2.090 0.104170
2.095 0.103810
2.100 0.103560
2.105 0.103430
2.110 0.103430
2.115 0.103600
2.120 0.103790
2.125 0.103880
2.130 0.103970
2.135 0.104200
2.140 0.104650
2.145 0.105120
2.150 0.105610
2.155 0.106000
2.160 0.106330
2.165 0.106610
2.170 0.106920
2.175 0.107140
2.180 0.107310
2.185 0.107420
2.190 0.107590
2.195 0.107730
2.200 0.107680
2.205 0.107690
2.210 0.107610
2.215 0.107250
2.220 0.106700
2.225 0.105760
2.230 0.104350
2.235 0.102560
2.240 0.100590
2.245 0.098694
2.250 0.097048
2.255 0.095632
2.260 0.094045
2.265 0.092216
2.270 0.090551
2.275 0.089432
2.280 0.088759
2.285 0.088155
2.290 0.087256
2.295 0.086100
2.300 0.084512
2.305 0.082585
2.310 0.080627
2.315 0.078930
2.320 0.077705
2.325 0.077153
2.330 0.077504
2.335 0.078394
2.340 0.079899
2.345 0.081952
2.350 0.084245
2.355 0.085833
2.360 0.086617
2.365 0.086625
2.370 0.086035
2.375 0.085210
2.380 0.084453
2.385 0.084171
2.390 0.084082
2.395 0.083885
2.400 0.083578
2.405 0.083036
2.410 0.082174
2.415 0.081317
2.420 0.080623
2.425 0.079943
2.430 0.079234
2.435 0.078349
2.440 0.077595
2.445 0.076708
2.450 0.075615
2.455 0.074826
2.460 0.074752
2.465 0.074706
2.470 0.073926
2.475 0.073496
2.480 0.072603
2.485 0.072188
2.490 0.071529
2.495 0.070368
2.500 0.071521
