0.350 0.014767
0.355 0.016244
0.360 0.017720
0.365 0.019197
0.370 0.020674
0.375 0.022150
0.380 0.023627
0.385 0.025104
0.390 0.026581
0.395 0.028057
0.400 0.029534
0.405 0.037083
0.410 0.038698
0.415 0.041702
0.420 0.045684
0.425 0.048351
0.430 0.051502
0.435 0.057532
0.440 0.060378
0.445 0.061713
0.450 0.063479
0.455 0.070320
0.460 0.074147
0.465 0.072876
0.470 0.073108
0.475 0.080191
0.480 0.081155
0.485 0.081694
0.490 0.084279
0.495 0.085797
0.500 0.091308
0.505 0.093378
0.510 0.096505
0.515 0.101720
0.520 0.103150
0.525 0.103020
0.530 0.106730
0.535 0.110520
0.540 0.114470
0.545 0.113160
0.550 0.120060
0.555 0.121810
0.560 0.127050
0.565 0.129910
0.570 0.137150
0.575 0.138520
0.580 0.141400
0.585 0.147680
0.590 0.149330
0.595 0.152460
0.600 0.153980
0.605 0.156560
0.610 0.157930
0.615 0.160190
0.620 0.160840
0.625 0.162140
0.630 0.164690
0.635 0.166560
0.640 0.172260
0.645 0.175840
0.650 0.176690
0.655 0.179500
0.660 0.180710
0.665 0.188850
0.670 0.191060
0.675 0.193620
0.680 0.195160
0.685 0.200490
0.690 0.204750
0.695 0.206690
0.700 0.212130
0.705 0.216570
0.710 0.219780
0.715 0.223430
0.720 0.230470
0.725 0.233300
0.730 0.232730
0.735 0.238630
0.740 0.240380
0.745 0.245200
0.750 0.249430
0.755 0.251210
0.760 0.253490
0.765 0.257080
0.770 0.258470
0.775 0.260100
0.780 0.261290
0.785 0.267490
0.790 0.271720
0.795 0.271700
0.800 0.277230
0.805 0.279500
0.810 0.283320
0.815 0.286290
0.820 0.286000
0.825 0.286040
0.830 0.291060
0.835 0.293080
0.840 0.293340
0.845 0.297000
0.850 0.298200
0.855 0.301430
0.860 0.300690
0.865 0.305120
0.870 0.305660
0.875 0.306930
0.880 0.309500
0.885 0.309080
0.890 0.308550
0.895 0.309900
0.900 0.311970
0.905 0.312450
0.910 0.315750
0.915 0.316670
0.920 0.319500
0.925 0.320310
0.930 0.324120
0.935 0.325760
0.940 0.326560
0.945 0.327400
0.950 0.329920
0.955 0.330610
0.960 0.331430
0.965 0.334850
0.970 0.336970
0.975 0.338260
0.980 0.341770
0.985 0.340840
0.990 0.340630
0.995 0.345520
1.000 0.345800
1.005 0.347880
1.010 0.350440
1.015 0.351170
1.020 0.354320
1.025 0.350600
1.030 0.354240
1.035 0.358800
1.040 0.358080
1.045 0.357860
1.050 0.359080
1.055 0.361670
1.060 0.364220
1.065 0.365040
1.070 0.362940
1.075 0.368820
1.080 0.368680
1.085 0.372580
1.090 0.373000
1.095 0.373460
1.100 0.373610
1.105 0.373900
1.110 0.372210
1.115 0.376190
1.120 0.381620
1.125 0.382940
1.130 0.384160
1.135 0.382520
1.140 0.382750
1.145 0.384770
1.150 0.385600
1.155 0.387960
1.160 0.387710
1.165 0.389050
1.170 0.389280
1.175 0.392560
1.180 0.395250
1.185 0.397200
1.190 0.397880
1.195 0.399020
1.200 0.400070
1.205 0.397290
1.210 0.397540
1.215 0.402670
1.220 0.405430
1.225 0.403450
1.230 0.405210
1.235 0.409520
1.240 0.410540
1.245 0.410810
1.250 0.410720
1.255 0.411630
1.260 0.413850
1.265 0.414470
1.270 0.415480
1.275 0.412690
1.280 0.414520
1.285 0.415910
1.290 0.416770
1.295 0.419380
1.300 0.416230
1.305 0.415940
1.310 0.416480
1.315 0.417930
1.320 0.422420
1.325 0.422640
1.330 0.424420
1.335 0.425310
1.340 0.424840
1.345 0.424670
1.350 0.426430
1.355 0.427340
1.360 0.424400
1.365 0.422030
1.370 0.423300
1.375 0.422060
1.380 0.414900
1.385 0.409290
1.390 0.406020
1.395 0.401650
1.400 0.399790
1.405 0.398740
1.410 0.397480
1.415 0.401740
1.420 0.407510
1.425 0.404540
1.430 0.408090
1.435 0.411970
1.440 0.413130
1.445 0.414340
1.450 0.415110
1.455 0.413820
1.460 0.412510
1.465 0.416310
1.470 0.417060
1.475 0.416890
1.480 0.420380
1.485 0.424940
1.490 0.426050
1.495 0.427900
1.500 0.427960
1.505 0.434860
1.510 0.438050
1.515 0.439050
1.520 0.440070
1.525 0.441680
1.530 0.439810
1.535 0.441910
1.540 0.447460
1.545 0.444560
1.550 0.444290
1.555 0.446770
1.560 0.447580
1.565 0.447590
1.570 0.446970
1.575 0.448930
1.580 0.450950
1.585 0.451470
1.590 0.453540
1.595 0.453900
1.600 0.453200
1.605 0.456650
1.610 0.454480
1.615 0.454770
1.620 0.455350
1.625 0.456690
1.630 0.455440
1.635 0.454770
1.640 0.456160
1.645 0.457590
1.650 0.458980
1.655 0.457920
1.660 0.455390
1.665 0.457760
1.670 0.458080
1.675 0.457820
1.680 0.459960
1.685 0.459900
1.690 0.461340
1.695 0.464270
1.700 0.469320
1.705 0.468220
1.710 0.465160
1.715 0.464210
1.720 0.464780
1.725 0.466310
1.730 0.466840
1.735 0.466490
1.740 0.463960
1.745 0.462250
1.750 0.464350
1.755 0.465070
1.760 0.464950
1.765 0.464540
1.770 0.462700
1.775 0.461660
1.780 0.467790
1.785 0.469470
1.790 0.465820
1.795 0.468570
1.800 0.468890
1.805 0.464000
1.810 0.464950
1.815 0.466400
1.820 0.467920
1.825 0.467270
1.830 0.465650
1.835 0.466510
1.840 0.467960
1.845 0.466880
1.850 0.466960
1.855 0.463240
1.860 0.459650
1.865 0.448860
1.870 0.438440
1.875 0.427610
1.880 0.415280
1.885 0.396660
1.890 0.375530
1.895 0.357630
1.900 0.341460
1.905 0.335790
1.910 0.335310
1.915 0.338540
1.920 0.342880
1.925 0.349070
1.930 0.355500
1.935 0.360960
1.940 0.365310
1.945 0.370820
1.950 0.374220
1.955 0.377290
1.960 0.383580
1.965 0.387800
1.970 0.389720
1.975 0.395690
1.980 0.399370
1.985 0.404500
1.990 0.407770
1.995 0.410790
2.000 0.414950
2.005 0.422250
2.010 0.421870
2.015 0.422310
2.020 0.425060
2.025 0.427490
2.030 0.429340
2.035 0.427880
2.040 0.428480
2.045 0.431090
2.050 0.431720
2.055 0.432050
2.060 0.431880
2.065 0.437270
2.070 0.434940
2.075 0.433090
2.080 0.432080
2.085 0.434900
2.090 0.435490
2.095 0.435810
2.100 0.436490
2.105 0.434540
2.110 0.434790
2.115 0.435260
2.120 0.435660
2.125 0.436370
2.130 0.435780
2.135 0.435830
2.140 0.434680
2.145 0.434310
2.150 0.434290
2.155 0.433790
2.160 0.431580
2.165 0.430640
2.170 0.431350
2.175 0.429260
2.180 0.426570
2.185 0.424990
2.190 0.422290
2.195 0.418700
2.200 0.414750
2.205 0.411050
2.210 0.409360
2.215 0.410830
2.220 0.413320
2.225 0.414350
2.230 0.415750
2.235 0.414910
2.240 0.413450
2.245 0.412300
2.250 0.412070
2.255 0.411250
2.260 0.410740
2.265 0.409930
2.270 0.410510
2.275 0.409390
2.280 0.408970
2.285 0.406940
2.290 0.405810
2.295 0.403210
2.300 0.402040
2.305 0.398970
2.310 0.399600
2.315 0.397950
2.320 0.398000
2.325 0.396290
2.330 0.392960
2.335 0.391220
2.340 0.388210
2.345 0.387460
2.350 0.386510
2.355 0.387130
2.360 0.387530
2.365 0.386990
2.370 0.385570
2.375 0.384820
2.380 0.383190
2.385 0.381320
2.390 0.380080
2.395 0.378480
2.400 0.376210
2.405 0.373480
2.410 0.371920
2.415 0.368350
2.420 0.365110
2.425 0.360990
2.430 0.357960
2.435 0.353100
2.440 0.349560
2.445 0.346490
2.450 0.342960
2.455 0.339520
2.460 0.337030
2.465 0.333650
2.470 0.331510
2.475 0.328630
2.480 0.325530
2.485 0.323480
2.490 0.321380
2.495 0.320180
2.500 0.318990
