0.350 0.017505
0.355 0.019256
0.360 0.021006
0.365 0.022756
0.370 0.024507
0.375 0.026258
0.380 0.028008
0.385 0.029758
0.390 0.031509
0.395 0.033259
0.400 0.035010
0.405 0.035116
0.410 0.035746
0.415 0.034937
0.420 0.035228
0.425 0.036066
0.430 0.035532
0.435 0.037058
0.440 0.035793
0.445 0.036502
0.450 0.036792
0.455 0.036985
0.460 0.037086
0.465 0.037817
0.470 0.037787
0.475 0.038163
0.480 0.038077
0.485 0.038652
0.490 0.038694
0.495 0.040055
0.500 0.041558
0.505 0.045373
0.510 0.052871
0.515 0.065395
0.520 0.083519
0.525 0.105750
0.530 0.126690
0.535 0.141290
0.540 0.149880
0.545 0.155020
0.550 0.159160
0.555 0.160550
0.560 0.155710
0.565 0.144940
0.570 0.129840
0.575 0.114520
0.580 0.102620
0.585 0.094282
0.590 0.088532
0.595 0.084935
0.600 0.082545
0.605 0.079804
0.610 0.075240
0.615 0.069700
0.620 0.065386
0.625 0.062617
0.630 0.061289
0.635 0.060159
0.640 0.056254
0.645 0.051205
0.650 0.047346
0.655 0.045444
0.660 0.043220
0.665 0.041053
0.670 0.040031
0.675 0.040385
0.680 0.041520
0.685 0.044489
0.690 0.054219
0.695 0.086049
0.700 0.148610
0.705 0.233740
0.710 0.327490
0.715 0.425510
0.720 0.522310
0.725 0.611220
0.730 0.685660
0.735 0.743390
0.740 0.785840
0.745 0.815270
0.750 0.835020
0.755 0.847400
0.760 0.854900
0.765 0.859930
0.770 0.862630
0.775 0.864870
0.780 0.866070
0.785 0.867550
0.790 0.868800
0.795 0.869910
0.800 0.871400
0.805 0.872490
0.810 0.873940
0.815 0.875430
0.820 0.876540
0.825 0.878270
0.830 0.879650
0.835 0.880870
0.840 0.882430
0.845 0.884110
0.850 0.885400
0.855 0.886770
0.860 0.887990
0.865 0.889000
0.870 0.889940
0.875 0.891020
0.880 0.891670
0.885 0.892370
0.890 0.892780
0.895 0.893550
0.900 0.893650
0.905 0.894390
0.910 0.894580
0.915 0.894860
0.920 0.895100
0.925 0.894580
0.930 0.893800
0.935 0.892410
0.940 0.890850
0.945 0.888300
0.950 0.885090
0.955 0.880490
0.960 0.876360
0.965 0.873450
0.970 0.873580
0.975 0.873920
0.980 0.874960
0.985 0.876770
0.990 0.879100
0.995 0.881610
1.000 0.884120
1.005 0.872820
1.010 0.874430
1.015 0.876410
1.020 0.881170
1.025 0.884530
1.030 0.886660
1.035 0.889180
1.040 0.890180
1.045 0.893090
1.050 0.894200
1.055 0.896300
1.060 0.897180
1.065 0.897570
1.070 0.901050
1.075 0.898560
1.080 0.899950
1.085 0.899850
1.090 0.900880
1.095 0.899620
1.100 0.898330
1.105 0.896670
1.110 0.895060
1.115 0.892700
1.120 0.890940
1.125 0.888100
1.130 0.882650
1.135 0.873960
1.140 0.864800
1.145 0.852810
1.150 0.843470
1.155 0.834680
1.160 0.830870
1.165 0.828630
1.170 0.827010
1.175 0.827330
1.180 0.826910
1.185 0.826720
1.190 0.827150
1.195 0.826820
1.200 0.827440
1.205 0.828780
1.210 0.830140
1.215 0.833350
1.220 0.836030
1.225 0.838470
1.230 0.841370
1.235 0.843870
1.240 0.846190
1.245 0.847540
1.250 0.849680
1.255 0.850320
1.260 0.851070
1.265 0.851490
1.270 0.851740
1.275 0.850990
1.280 0.850030
1.285 0.847620
1.290 0.844940
1.295 0.840750
1.300 0.836810
1.305 0.829980
1.310 0.822330
1.315 0.814150
1.320 0.803910
1.325 0.792000
1.330 0.780180
1.335 0.766430
1.340 0.753220
1.345 0.740770
1.350 0.728720
1.355 0.716950
1.360 0.704660
1.365 0.689720
1.370 0.669560
1.375 0.640590
1.380 0.599290
1.385 0.547100
1.390 0.488690
1.395 0.429300
1.400 0.376260
1.405 0.334110
1.410 0.303100
1.415 0.281980
1.420 0.268150
1.425 0.259960
1.430 0.255470
1.435 0.253960
1.440 0.253530
1.445 0.255100
1.450 0.257410
1.455 0.260520
1.460 0.265060
1.465 0.272220
1.470 0.281310
1.475 0.292360
1.480 0.304570
1.485 0.317720
1.490 0.331170
1.495 0.345500
1.500 0.359370
1.505 0.373620
1.510 0.387250
1.515 0.401220
1.520 0.414580
1.525 0.427610
1.530 0.439800
1.535 0.452120
1.540 0.463450
1.545 0.474740
1.550 0.485650
1.555 0.495820
1.560 0.505340
1.565 0.514390
1.570 0.523550
1.575 0.532040
1.580 0.540600
1.585 0.548190
1.590 0.556220
1.595 0.563850
1.600 0.570410
1.605 0.577100
1.610 0.583620
1.615 0.588770
1.620 0.594400
1.625 0.600180
1.630 0.604190
1.635 0.608080
1.640 0.610960
1.645 0.613620
1.650 0.614520
1.655 0.614570
1.660 0.614470
1.665 0.614620
1.670 0.615240
1.675 0.614840
1.680 0.613430
1.685 0.610960
1.690 0.608700
1.695 0.605350
1.700 0.601180
1.705 0.596800
1.710 0.592510
1.715 0.587800
1.720 0.582810
1.725 0.577420
1.730 0.572900
1.735 0.567540
1.740 0.562160
1.745 0.555380
1.750 0.548710
1.755 0.541340
1.760 0.534910
1.765 0.529450
1.770 0.524220
1.775 0.519280
1.780 0.516200
1.785 0.513230
1.790 0.511840
1.795 0.511580
1.800 0.511660
1.805 0.512730
1.810 0.513240
1.815 0.513280
1.820 0.512510
1.825 0.510960
1.830 0.508000
1.835 0.503040
1.840 0.495390
1.845 0.483930
1.850 0.467360
1.855 0.444320
1.860 0.413450
1.865 0.374150
1.870 0.325640
1.875 0.271880
1.880 0.218560
1.885 0.169530
1.890 0.128980
1.895 0.099532
1.900 0.081019
1.905 0.070206
1.910 0.064541
1.915 0.061596
1.920 0.060469
1.925 0.060434
1.930 0.061052
1.935 0.062631
1.940 0.064673
1.945 0.067419
1.950 0.070831
1.955 0.074628
1.960 0.078835
1.965 0.083677
1.970 0.088876
1.975 0.094545
1.980 0.100580
1.985 0.106900
1.990 0.113670
1.995 0.120600
2.000 0.127690
2.005 0.134650
2.010 0.141550
2.015 0.148510
2.020 0.154990
2.025 0.161380
2.030 0.167380
2.035 0.173020
2.040 0.178410
2.045 0.183440
2.050 0.188500
2.055 0.193610
2.060 0.198870
2.065 0.204220
2.070 0.209590
2.075 0.214830
2.080 0.220080
2.085 0.225130
2.090 0.230250
2.095 0.235290
2.100 0.240110
2.105 0.245030
2.110 0.249890
2.115 0.254440
2.120 0.258880
2.125 0.263100
2.130 0.267180
2.135 0.270900
2.140 0.274540
2.145 0.278040
2.150 0.281440
2.155 0.284670
2.160 0.287930
2.165 0.290980
2.170 0.294020
2.175 0.297170
2.180 0.300230
2.185 0.303180
2.190 0.306280
2.195 0.308980
2.200 0.311350
2.205 0.313370
2.210 0.314890
2.215 0.315440
2.220 0.315610
2.225 0.314800
2.230 0.312800
2.235 0.309530
2.240 0.305400
2.245 0.300550
2.250 0.294570
2.255 0.288170
2.260 0.280980
2.265 0.274350
2.270 0.267330
2.275 0.261430
2.280 0.255690
2.285 0.250430
2.290 0.245430
2.295 0.239920
2.300 0.234600
2.305 0.229570
2.310 0.224980
2.315 0.221370
2.320 0.218390
2.325 0.214480
2.330 0.209910
2.335 0.205450
2.340 0.200230
2.345 0.195500
2.350 0.190910
2.355 0.187140
2.360 0.182900
2.365 0.179010
2.370 0.174210
2.375 0.169900
2.380 0.165630
2.385 0.160580
2.390 0.156330
2.395 0.151530
2.400 0.147030
2.405 0.142290
2.410 0.136780
2.415 0.132370
2.420 0.127280
2.425 0.122570
2.430 0.117270
2.435 0.112670
2.440 0.107280
2.445 0.103630
2.450 0.099290
2.455 0.095144
2.460 0.091123
2.465 0.087230
2.470 0.084715
2.475 0.081999
2.480 0.079978
2.485 0.076707
2.490 0.077209
2.495 0.070854
2.500 0.073001
