0.350 0.034510
0.355 0.037961
0.360 0.041412
0.365 0.044863
0.370 0.048314
0.375 0.051765
0.380 0.055216
0.385 0.058667
0.390 0.062118
0.395 0.065569
0.400 0.069020
0.405 0.072615
0.410 0.073924
0.415 0.079159
0.420 0.082921
0.425 0.086258
0.430 0.089176
0.435 0.091241
0.440 0.096375
0.445 0.101650
0.450 0.103250
0.455 0.104850
0.460 0.110500
0.465 0.111970
0.470 0.111260
0.475 0.116800
0.480 0.116360
0.485 0.120580
0.490 0.123310
0.495 0.124850
0.500 0.129250
0.505 0.131030
0.510 0.135380
0.515 0.137830
0.520 0.141540
0.525 0.147250
0.530 0.146450
0.535 0.147810
0.540 0.151660
0.545 0.156830
0.550 0.159880
0.555 0.162460
0.560 0.170070
0.565 0.176580
0.570 0.180120
0.575 0.181590
0.580 0.183130
0.585 0.185420
0.590 0.192000
0.595 0.193290
0.600 0.189730
0.605 0.194550
0.610 0.195860
0.615 0.199540
0.620 0.205020
0.625 0.206160
0.630 0.210510
0.635 0.208950
0.640 0.217600
0.645 0.218630
0.650 0.219030
0.655 0.225550
0.660 0.224570
0.665 0.224060
0.670 0.227750
0.675 0.234320
0.680 0.242240
0.685 0.236970
0.690 0.242990
0.695 0.251050
0.700 0.250000
0.705 0.249970
0.710 0.253980
0.715 0.256460
0.720 0.260910
0.725 0.262440
0.730 0.267330
0.735 0.269990
0.740 0.274310
0.745 0.274180
0.750 0.275590
0.755 0.281430
0.760 0.282930
0.765 0.287860
0.770 0.289250
0.775 0.290570
0.780 0.295060
0.785 0.298630
0.790 0.297150
0.795 0.301540
0.800 0.308230
0.805 0.306090
0.810 0.312920
0.815 0.313540
0.820 0.315770
0.825 0.317500
0.830 0.320340
0.835 0.323790
0.840 0.326710
0.845 0.329100
0.850 0.327720
0.855 0.326060
0.860 0.329370
0.865 0.328640
0.870 0.331860
0.875 0.334820
0.880 0.337570
0.885 0.338880
0.890 0.340700
0.895 0.341590
0.900 0.342440
0.905 0.345540
0.910 0.346780
0.915 0.346920
0.920 0.352160
0.925 0.350650
0.930 0.353670
0.935 0.352850
0.940 0.356840
0.945 0.357390
0.950 0.360530
0.955 0.364220
0.960 0.363980
0.965 0.367280
0.970 0.369100
0.975 0.370980
0.980 0.371760
0.985 0.372510
0.990 0.373700
0.995 0.377360
1.000 0.377440
1.005 0.382270
1.010 0.383250
1.015 0.385950
1.020 0.382660
1.025 0.384770
1.030 0.388130
1.035 0.389770
1.040 0.390770
1.045 0.398210
1.050 0.399190
1.055 0.398420
1.060 0.390360
1.065 0.384650
1.070 0.392340
1.075 0.396440
1.080 0.400040
1.085 0.402390
1.090 0.404840
1.095 0.405960
1.100 0.407320
1.105 0.409970
1.110 0.410790
1.115 0.406550
1.120 0.413810
1.125 0.417960
1.130 0.415900
1.135 0.417970
1.140 0.421040
1.145 0.417470
1.150 0.421540
1.155 0.422030
1.160 0.422580
1.165 0.422200
1.170 0.426330
1.175 0.425670
1.180 0.426010
1.185 0.428040
1.190 0.429560
1.195 0.430350
1.200 0.431770
1.205 0.434150
1.210 0.434760
1.215 0.439710
1.220 0.437570
1.225 0.436720
1.230 0.441970
1.235 0.441560
1.240 0.444510
1.245 0.445170
1.250 0.445370
1.255 0.445490
1.260 0.447490
1.265 0.450330
1.270 0.457670
1.275 0.456820
1.280 0.457390
1.285 0.458650
1.290 0.458900
1.295 0.459450
1.300 0.458120
1.305 0.459600
1.310 0.461980
1.315 0.460600
1.320 0.458270
1.325 0.459220
1.330 0.460610
1.335 0.461490
1.340 0.464070
1.345 0.462940
1.350 0.463510
1.355 0.459780
1.360 0.463160
1.365 0.465790
1.370 0.461670
1.375 0.456680
1.380 0.452390
1.385 0.449130
1.390 0.445310
1.395 0.440620
1.400 0.433300
1.405 0.433070
1.410 0.437710
1.415 0.443500
1.420 0.443990
1.425 0.447310
1.430 0.450520
1.435 0.451330
1.440 0.453520
1.445 0.456060
1.450 0.458430
1.455 0.458730
1.460 0.461980
1.465 0.464940
1.470 0.464970
1.475 0.467280
1.480 0.467640
1.485 0.467390
1.490 0.469450
1.495 0.469390
1.500 0.473660
1.505 0.473470
1.510 0.474650
1.515 0.478380
1.520 0.479070
1.525 0.480400
1.530 0.481650
1.535 0.483920
1.540 0.485270
1.545 0.484720
1.550 0.483790
1.555 0.482750
1.560 0.482290
1.565 0.480570
1.570 0.481350
1.575 0.488770
1.580 0.492210
1.585 0.492040
1.590 0.489140
1.595 0.487540
1.600 0.488830
1.605 0.489800
1.610 0.493900
1.615 0.492890
1.620 0.494530
1.625 0.493850
1.630 0.494170
1.635 0.493310
1.640 0.495140
1.645 0.494750
1.650 0.495990
1.655 0.497120
1.660 0.495020
1.665 0.497960
1.670 0.497320
1.675 0.496410
1.680 0.496170
1.685 0.496930
1.690 0.497670
1.695 0.501790
1.700 0.496970
1.705 0.497390
1.710 0.500980
1.715 0.498700
1.720 0.500880
1.725 0.500280
1.730 0.500900
1.735 0.500750
1.740 0.502290
1.745 0.497040
1.750 0.499860
1.755 0.500540
1.760 0.502290
1.765 0.502050
1.770 0.501670
1.775 0.504750
1.780 0.502170
1.785 0.504620
1.790 0.507470
1.795 0.504690
1.800 0.504920
1.805 0.503400
1.810 0.503690
1.815 0.505020
1.820 0.505710
1.825 0.504360
1.830 0.507600
1.835 0.509480
1.840 0.506570
1.845 0.502940
1.850 0.501140
1.855 0.499990
1.860 0.497400
1.865 0.490050
1.870 0.482470
1.875 0.469730
1.880 0.453940
1.885 0.439810
1.890 0.420510
1.895 0.404210
1.900 0.392590
1.905 0.391570
1.910 0.392300
1.915 0.396170
1.920 0.396720
1.925 0.404740
1.930 0.411780
1.935 0.416040
1.940 0.419470
1.945 0.422640
1.950 0.427560
1.955 0.430430
1.960 0.434130
1.965 0.434780
1.970 0.436630
1.975 0.439310
1.980 0.446200
1.985 0.450890
1.990 0.451460
1.995 0.458190
2.000 0.461770
2.005 0.460970
2.010 0.463420
2.015 0.468530
2.020 0.469040
2.025 0.474570
2.030 0.475040
2.035 0.473930
2.040 0.474060
2.045 0.476100
2.050 0.472150
2.055 0.476320
2.060 0.480560
2.065 0.479940
2.070 0.478450
2.075 0.475020
2.080 0.475900
2.085 0.476260
2.090 0.476630
2.095 0.475860
2.100 0.477010
2.105 0.475860
2.110 0.476680
2.115 0.475760
2.120 0.476990
2.125 0.477070
2.130 0.476740
2.135 0.475960
2.140 0.475730
2.145 0.476000
2.150 0.473610
2.155 0.471680
2.160 0.469830
2.165 0.467870
2.170 0.465750
2.175 0.464670
2.180 0.461510
2.185 0.458460
2.190 0.454270
2.195 0.449870
2.200 0.445930
2.205 0.440980
2.210 0.437970
2.215 0.443420
2.220 0.446310
2.225 0.447970
2.230 0.451030
2.235 0.451040
2.240 0.451230
2.245 0.451820
2.250 0.452010
2.255 0.452710
2.260 0.453460
2.265 0.453700
2.270 0.454390
2.275 0.453880
2.280 0.453750
2.285 0.452180
2.290 0.450840
2.295 0.449990
2.300 0.448520
2.305 0.447120
2.310 0.445270
2.315 0.444090
2.320 0.443850
2.325 0.442110
2.330 0.439990
2.335 0.438290
2.340 0.435990
2.345 0.433750
2.350 0.432110
2.355 0.431090
2.360 0.430940
2.365 0.430000
2.370 0.428920
2.375 0.427150
2.380 0.425770
2.385 0.423740
2.390 0.423630
2.395 0.422200
2.400 0.421240
2.405 0.419940
2.410 0.418320
2.415 0.414970
2.420 0.412560
2.425 0.409490
2.430 0.406480
2.435 0.402410
2.440 0.399570
2.445 0.397180
2.450 0.394600
2.455 0.392510
2.460 0.390240
2.465 0.388450
2.470 0.386490
2.475 0.384810
2.480 0.382800
2.485 0.380630
2.490 0.378930
2.495 0.377480
2.500 0.376680
