0.350 0.116910
0.355 0.118320
0.360 0.121650
0.365 0.119750
0.370 0.118690
0.375 0.120320
0.380 0.120910
0.385 0.122570
0.390 0.126000
0.395 0.129010
0.400 0.133040
0.405 0.137270
0.410 0.140840
0.415 0.143730
0.420 0.146320
0.425 0.148500
0.430 0.150500
0.435 0.152770
0.440 0.154920
0.445 0.156700
0.450 0.158650
0.455 0.159870
0.460 0.161340
0.465 0.162380
0.470 0.163120
0.475 0.164080
0.480 0.164750
0.485 0.165530
0.490 0.166340
0.495 0.167110
0.500 0.168440
0.505 0.169840
0.510 0.171660
0.515 0.173890
0.520 0.176720
0.525 0.179530
0.530 0.181980
0.535 0.183790
0.540 0.184680
0.545 0.185570
0.550 0.186060
0.555 0.186550
0.560 0.186320
0.565 0.185740
0.570 0.184570
0.575 0.183380
0.580 0.182060
0.585 0.181200
0.590 0.179790
0.595 0.178670
0.600 0.177130
0.605 0.175740
0.610 0.174750
0.615 0.173670
0.620 0.172750
0.625 0.172170
0.630 0.171610
0.635 0.171230
0.640 0.170510
0.645 0.169570
0.650 0.168160
0.655 0.167620
0.660 0.166160
0.665 0.165020
0.670 0.164420
0.675 0.164090
0.680 0.163760
0.685 0.163750
0.690 0.164980
0.695 0.168150
0.700 0.173120
0.705 0.179240
0.710 0.185910
0.715 0.193000
0.720 0.200760
0.725 0.209460
0.730 0.216280
0.735 0.222750
0.740 0.229470
0.745 0.235670
0.750 0.239670
0.755 0.242150
0.760 0.243360
0.765 0.244100
0.770 0.244410
0.775 0.244410
0.780 0.244020
0.785 0.244500
0.790 0.245010
0.795 0.245490
0.800 0.246330
0.805 0.246690
0.810 0.247600
0.815 0.247870
0.820 0.247360
0.825 0.245960
0.830 0.243020
0.835 0.240420
0.840 0.238790
0.845 0.237220
0.850 0.235470
0.855 0.233460
0.860 0.231350
0.865 0.228800
0.870 0.226020
0.875 0.223700
0.880 0.221470
0.885 0.218990
0.890 0.216560
0.895 0.214300
0.900 0.212840
0.905 0.211470
0.910 0.209840
0.915 0.208160
0.920 0.206400
0.925 0.203810
0.930 0.200250
0.935 0.196390
0.940 0.191780
0.945 0.186440
0.950 0.179500
0.955 0.172740
0.960 0.167700
0.965 0.164280
0.970 0.161360
0.975 0.160340
0.980 0.157910
0.985 0.156440
0.990 0.155740
0.995 0.155260
1.000 0.155120
1.005 0.155680
1.010 0.155850
1.015 0.156900
1.020 0.158430
1.025 0.159880
1.030 0.161620
1.035 0.162470
1.040 0.164400
1.045 0.166660
1.050 0.168970
1.055 0.171510
1.060 0.172970
1.065 0.174350
1.070 0.175910
1.075 0.176970
1.080 0.177510
1.085 0.176180
1.090 0.175820
1.095 0.174710
1.100 0.173020
1.105 0.172060
1.110 0.170070
1.115 0.168330
1.120 0.166210
1.125 0.163480
1.130 0.159540
1.135 0.153870
1.140 0.146690
1.145 0.139480
1.150 0.133810
1.155 0.128900
1.160 0.125310
1.165 0.122270
1.170 0.120080
1.175 0.117950
1.180 0.116850
1.185 0.115400
1.190 0.113130
1.195 0.111830
1.200 0.111020
1.205 0.110330
1.210 0.110410
1.215 0.110600
1.220 0.111730
1.225 0.113130
1.230 0.114080
1.235 0.114900
1.240 0.115830
1.245 0.116740
1.250 0.117390
1.255 0.118070
1.260 0.117840
1.265 0.118280
1.270 0.118770
1.275 0.118770
1.280 0.118290
1.285 0.118310
1.290 0.117980
1.295 0.117050
1.300 0.115900
1.305 0.114800
1.310 0.113120
1.315 0.110680
1.320 0.108550
1.325 0.105860
1.330 0.102120
1.335 0.098985
1.340 0.096428
1.345 0.092977
1.350 0.090450
1.355 0.088073
1.360 0.085444
1.365 0.083734
1.370 0.081357
1.375 0.078384
1.380 0.073209
1.385 0.067574
1.390 0.061164
1.395 0.054431
1.400 0.048192
1.405 0.043022
1.410 0.039183
1.415 0.035864
1.420 0.033516
1.425 0.031901
1.430 0.030963
1.435 0.030333
1.440 0.028938
1.445 0.028884
1.450 0.028774
1.455 0.028464
1.460 0.029076
1.465 0.028488
1.470 0.028880
1.475 0.029986
1.480 0.030508
1.485 0.031116
1.490 0.031762
1.495 0.032444
1.500 0.033238
1.505 0.034443
1.510 0.035414
1.515 0.036195
1.520 0.037364
1.525 0.038459
1.530 0.039124
1.535 0.039902
1.540 0.040951
1.545 0.041268
1.550 0.041994
1.555 0.043014
1.560 0.044004
1.565 0.044792
1.570 0.045277
1.575 0.046238
1.580 0.047038
1.585 0.047427
1.590 0.047974
1.595 0.048578
1.600 0.049291
1.605 0.050116
1.610 0.050786
1.615 0.051507
1.620 0.052152
1.625 0.052616
1.630 0.053248
1.635 0.053617
1.640 0.053643
1.645 0.054142
1.650 0.054749
1.655 0.054983
1.660 0.054829
1.665 0.054705
1.670 0.054676
1.675 0.054545
1.680 0.054158
1.685 0.053602
1.690 0.053055
1.695 0.052661
1.700 0.052171
1.705 0.051251
1.710 0.050242
1.715 0.049411
1.720 0.048847
1.725 0.048076
1.730 0.046907
1.735 0.046656
1.740 0.047203
1.745 0.047361
1.750 0.047082
1.755 0.046681
1.760 0.046462
1.765 0.046099
1.770 0.045431
1.775 0.045235
1.780 0.045358
1.785 0.045244
1.790 0.045385
1.795 0.045717
1.800 0.045789
1.805 0.045815
1.810 0.045618
1.815 0.045852
1.820 0.046067
1.825 0.046358
1.830 0.046161
1.835 0.046048
1.840 0.046103
1.845 0.045995
1.850 0.045084
1.855 0.043952
1.860 0.042549
1.865 0.040438
1.870 0.037151
1.875 0.033229
1.880 0.029665
1.885 0.026081
1.890 0.022486
1.895 0.019176
1.900 0.016966
1.905 0.015758
1.910 0.015257
1.915 0.014746
1.920 0.014073
1.925 0.013504
1.930 0.013706
1.935 0.013736
1.940 0.013401
1.945 0.013329
1.950 0.014098
1.955 0.014610
1.960 0.014302
1.965 0.013917
1.970 0.014347
1.975 0.015033
1.980 0.015254
1.985 0.015452
1.990 0.016111
1.995 0.016727
2.000 0.017027
2.005 0.017145
2.010 0.017303
2.015 0.017616
2.020 0.017956
2.025 0.018624
2.030 0.019093
2.035 0.019369
2.040 0.019366
2.045 0.019424
2.050 0.019377
2.055 0.019708
2.060 0.019819
2.065 0.020112
2.070 0.020566
2.075 0.020833
2.080 0.020873
2.085 0.021025
2.090 0.021339
2.095 0.021619
2.100 0.021416
2.105 0.021244
2.110 0.021744
2.115 0.022190
2.120 0.022576
2.125 0.022759
2.130 0.023518
2.135 0.023950
2.140 0.024330
2.145 0.024213
2.150 0.023939
2.155 0.023654
2.160 0.023898
2.165 0.024521
2.170 0.024873
2.175 0.025132
2.180 0.025688
2.185 0.026205
2.190 0.025889
2.195 0.025642
2.200 0.025874
2.205 0.026485
2.210 0.026608
2.215 0.026556
2.220 0.026715
2.225 0.026796
2.230 0.026613
2.235 0.026099
2.240 0.025905
2.245 0.025310
2.250 0.024479
2.255 0.023669
2.260 0.023348
2.265 0.023030
2.270 0.021801
2.275 0.020674
2.280 0.020904
2.285 0.021324
2.290 0.020284
2.295 0.019306
2.300 0.020047
2.305 0.020796
2.310 0.019024
2.315 0.017331
2.320 0.018066
2.325 0.019147
2.330 0.018801
2.335 0.017794
2.340 0.017650
2.345 0.017507
2.350 0.017199
2.355 0.016682
2.360 0.016335
2.365 0.016709
2.370 0.016788
2.375 0.016642
2.380 0.016326
2.385 0.016190
2.390 0.015791
2.395 0.015881
2.400 0.015463
2.405 0.015497
2.410 0.015272
2.415 0.014707
2.420 0.014211
2.425 0.013827
2.430 0.014063
2.435 0.014237
2.440 0.014242
2.445 0.013966
2.450 0.014012
2.455 0.014380
2.460 0.015115
2.465 0.014719
2.470 0.014161
2.475 0.014644
2.480 0.015329
2.485 0.015304
2.490 0.016135
2.495 0.015701
2.500 0.018106
