0.350 0.481420
0.355 0.481990
0.360 0.485380
0.365 0.489910
0.370 0.493680
0.375 0.498570
0.380 0.502000
0.385 0.505720
0.390 0.510100
0.395 0.515000
0.400 0.518480
0.405 0.522430
0.410 0.526710
0.415 0.530700
0.420 0.534100
0.425 0.537820
0.430 0.541250
0.435 0.544560
0.440 0.547680
0.445 0.550250
0.450 0.552510
0.455 0.554590
0.460 0.556140
0.465 0.557620
0.470 0.559020
0.475 0.560300
0.480 0.561590
0.485 0.563010
0.490 0.564520
0.495 0.565940
0.500 0.567180
0.505 0.568490
0.510 0.569660
0.515 0.570770
0.520 0.572000
0.525 0.573140
0.530 0.574160
0.535 0.575140
0.540 0.576000
0.545 0.576740
0.550 0.577440
0.555 0.577990
0.560 0.578400
0.565 0.578790
0.570 0.579010
0.575 0.578980
0.580 0.578990
0.585 0.578690
0.590 0.578020
0.595 0.576510
0.600 0.575010
0.605 0.573760
0.610 0.573010
0.615 0.572390
0.620 0.571320
0.625 0.570100
0.630 0.568840
0.635 0.567440
0.640 0.566110
0.645 0.564650
0.650 0.563240
0.655 0.561830
0.660 0.560280
0.665 0.559030
0.670 0.558070
0.675 0.556900
0.680 0.555660
0.685 0.553980
0.690 0.551920
0.695 0.549010
0.700 0.545180
0.705 0.540500
0.710 0.535460
0.715 0.529660
0.720 0.523180
0.725 0.515970
0.730 0.506260
0.735 0.496110
0.740 0.489680
0.745 0.485190
0.750 0.480370
0.755 0.474930
0.760 0.468860
0.765 0.462640
0.770 0.456540
0.775 0.450710
0.780 0.445410
0.785 0.441140
0.790 0.437980
0.795 0.436210
0.800 0.435540
0.805 0.435600
0.810 0.436090
0.815 0.436610
0.820 0.436330
0.825 0.433610
0.830 0.427370
0.835 0.421530
0.840 0.416700
0.845 0.410650
0.850 0.403090
0.855 0.394360
0.860 0.384830
0.865 0.374380
0.870 0.363480
0.875 0.352000
0.880 0.340760
0.885 0.330190
0.890 0.321310
0.895 0.313950
0.900 0.308130
0.905 0.303460
0.910 0.299280
0.915 0.294910
0.920 0.289390
0.925 0.281410
0.930 0.270870
0.935 0.257990
0.940 0.244550
0.945 0.228160
0.950 0.209360
0.955 0.188490
0.960 0.171880
0.965 0.162160
0.970 0.154010
0.975 0.147510
0.980 0.141660
0.985 0.136650
0.990 0.132330
0.995 0.128240
1.000 0.125510
1.005 0.123700
1.010 0.122490
1.015 0.122130
1.020 0.122900
1.025 0.124640
1.030 0.127520
1.035 0.131460
1.040 0.136370
1.045 0.142500
1.050 0.149230
1.055 0.156520
1.060 0.163860
1.065 0.170670
1.070 0.176160
1.075 0.179780
1.080 0.181510
1.085 0.181130
1.090 0.179080
1.095 0.175650
1.100 0.171570
1.105 0.167100
1.110 0.162500
1.115 0.157770
1.120 0.152090
1.125 0.144810
1.130 0.135200
1.135 0.123030
1.140 0.110170
1.145 0.098070
1.150 0.088218
1.155 0.080651
1.160 0.074751
1.165 0.069864
1.170 0.065530
1.175 0.061660
1.180 0.058161
1.185 0.054924
1.190 0.052063
1.195 0.049542
1.200 0.047364
1.205 0.045504
1.210 0.043918
1.215 0.042676
1.220 0.041579
1.225 0.040740
1.230 0.040043
1.235 0.039566
1.240 0.039243
1.245 0.039007
1.250 0.038941
1.255 0.038937
1.260 0.039153
1.265 0.039394
1.270 0.039598
1.275 0.039891
1.280 0.040056
1.285 0.040054
1.290 0.039863
1.295 0.039524
1.300 0.039055
1.305 0.038444
1.310 0.037706
1.315 0.036892
1.320 0.035922
1.325 0.034900
1.330 0.033870
1.335 0.032826
1.340 0.031894
1.345 0.031046
1.350 0.030224
1.355 0.029391
1.360 0.028624
1.365 0.027772
1.370 0.026691
1.375 0.025321
1.380 0.023569
1.385 0.021548
1.390 0.019502
1.395 0.017525
1.400 0.015762
1.405 0.014298
1.410 0.013081
1.415 0.012022
1.420 0.011019
1.425 0.010112
1.430 0.009242
1.435 0.008451
1.440 0.007752
1.445 0.007130
1.450 0.006524
1.455 0.006125
1.460 0.005695
1.465 0.005368
1.470 0.005198
1.475 0.005090
1.480 0.005014
1.485 0.004917
1.490 0.004878
1.495 0.004842
1.500 0.004849
1.505 0.004898
1.510 0.004971
1.515 0.004998
1.520 0.005061
1.525 0.005073
1.530 0.005106
1.535 0.005198
1.540 0.005309
1.545 0.005374
1.550 0.005492
1.555 0.005584
1.560 0.005734
1.565 0.005854
1.570 0.005988
1.575 0.006163
1.580 0.006323
1.585 0.006502
1.590 0.006652
1.595 0.006793
1.600 0.006945
1.605 0.007049
1.610 0.007103
1.615 0.007249
1.620 0.007373
1.625 0.007485
1.630 0.007564
1.635 0.007676
1.640 0.007790
1.645 0.007904
1.650 0.008059
1.655 0.008185
1.660 0.008350
1.665 0.008496
1.670 0.008646
1.675 0.008774
1.680 0.008905
1.685 0.009068
1.690 0.009182
1.695 0.009316
1.700 0.009533
1.705 0.009650
1.710 0.009775
1.715 0.009817
1.720 0.009917
1.725 0.010047
1.730 0.010112
1.735 0.010223
1.740 0.010327
1.745 0.010277
1.750 0.010297
1.755 0.010331
1.760 0.010327
1.765 0.010383
1.770 0.010317
1.775 0.010394
1.780 0.010717
1.785 0.010718
1.790 0.010869
1.795 0.012439
1.800 0.012158
1.805 0.012037
1.810 0.011769
1.815 0.011969
1.820 0.011915
1.825 0.012098
1.830 0.012303
1.835 0.012209
1.840 0.011767
1.845 0.011440
1.850 0.011504
1.855 0.011044
1.860 0.010608
1.865 0.009630
1.870 0.008852
1.875 0.008002
1.880 0.007237
1.885 0.006149
1.890 0.005417
1.895 0.004857
1.900 0.004317
1.905 0.004271
1.910 0.003967
1.915 0.003953
1.920 0.003470
1.925 0.003618
1.930 0.003392
1.935 0.003353
1.940 0.003315
1.945 0.003213
1.950 0.003202
1.955 0.003362
1.960 0.003268
1.965 0.003341
1.970 0.003177
1.975 0.003128
1.980 0.002860
1.985 0.002955
1.990 0.003084
1.995 0.002678
2.000 0.002862
2.005 0.002944
2.010 0.003105
2.015 0.003138
2.020 0.003325
2.025 0.002883
2.030 0.003051
2.035 0.003220
2.040 0.002937
2.045 0.003158
2.050 0.003414
2.055 0.003567
2.060 0.003386
2.065 0.003494
2.070 0.003488
2.075 0.003446
2.080 0.004320
2.085 0.004340
2.090 0.004360
2.095 0.004151
2.100 0.004274
2.105 0.004469
2.110 0.004433
2.115 0.004659
2.120 0.004505
2.125 0.004378
2.130 0.004389
2.135 0.004703
2.140 0.004993
2.145 0.005143
2.150 0.005792
2.155 0.005687
2.160 0.005645
2.165 0.005622
2.170 0.006095
2.175 0.006092
2.180 0.006353
2.185 0.006852
2.190 0.006833
2.195 0.007055
2.200 0.007305
2.205 0.007315
2.210 0.007370
2.215 0.007287
2.220 0.007225
2.225 0.007229
2.230 0.007268
2.235 0.007294
2.240 0.007190
2.245 0.007072
2.250 0.007395
2.255 0.006856
2.260 0.007103
2.265 0.007191
2.270 0.007330
2.275 0.007064
2.280 0.006551
2.285 0.006210
2.290 0.005989
2.295 0.006462
2.300 0.005724
2.305 0.005040
2.310 0.005037
2.315 0.005012
2.320 0.004692
2.325 0.004609
2.330 0.004602
2.335 0.004295
2.340 0.004162
2.345 0.003812
2.350 0.003696
2.355 0.003444
2.360 0.003370
2.365 0.003215
2.370 0.003136
2.375 0.002829
2.380 0.002896
2.385 0.002798
2.390 0.002733
2.395 0.002924
2.400 0.001902
2.405 0.002723
2.410 0.003140
2.415 0.002336
2.420 0.002671
2.425 0.002882
2.430 0.003119
2.435 0.002771
2.440 0.003441
2.445 0.004129
2.450 0.004119
2.455 0.004081
2.460 0.004044
2.465 0.004006
2.470 0.003969
2.475 0.003931
2.480 0.003894
2.485 0.003856
2.490 0.003819
2.495 0.003782
2.500 0.003744
