0.350 0.023553
0.355 0.025908
0.360 0.028264
0.365 0.030619
0.370 0.032974
0.375 0.035330
0.380 0.037685
0.385 0.040040
0.390 0.042395
0.395 0.044751
0.400 0.047106
0.405 0.046214
0.410 0.045513
0.415 0.045195
0.420 0.045241
0.425 0.045894
0.430 0.047170
0.435 0.048971
0.440 0.050784
0.445 0.052669
0.450 0.054342
0.455 0.055765
0.460 0.056942
0.465 0.057966
0.470 0.059088
0.475 0.060199
0.480 0.061129
0.485 0.062114
0.490 0.063231
0.495 0.064999
0.500 0.067379
0.505 0.070602
0.510 0.074794
0.515 0.080146
0.520 0.086866
0.525 0.093859
0.530 0.099258
0.535 0.101490
0.540 0.102060
0.545 0.104750
0.550 0.109590
0.555 0.114090
0.560 0.116800
0.565 0.118110
0.570 0.118680
0.575 0.119180
0.580 0.119630
0.585 0.119880
0.590 0.119620
0.595 0.118730
0.600 0.116830
0.605 0.113790
0.610 0.110650
0.615 0.108730
0.620 0.108470
0.625 0.109500
0.630 0.110990
0.635 0.111620
0.640 0.109700
0.645 0.105390
0.650 0.100510
0.655 0.095970
0.660 0.090306
0.665 0.083191
0.670 0.077823
0.675 0.076585
0.680 0.079882
0.685 0.088827
0.690 0.106360
0.695 0.134050
0.700 0.168460
0.705 0.202720
0.710 0.231720
0.715 0.254210
0.720 0.271260
0.725 0.284590
0.730 0.295440
0.735 0.304490
0.740 0.312200
0.745 0.318980
0.750 0.325020
0.755 0.330530
0.760 0.335750
0.765 0.340820
0.770 0.345980
0.775 0.351020
0.780 0.356160
0.785 0.361170
0.790 0.366230
0.795 0.371280
0.800 0.376360
0.805 0.381460
0.810 0.386610
0.815 0.391730
0.820 0.396980
0.825 0.402300
0.830 0.407650
0.835 0.413060
0.840 0.418500
0.845 0.423840
0.850 0.429240
0.855 0.434420
0.860 0.439560
0.865 0.444590
0.870 0.449540
0.875 0.454350
0.880 0.459240
0.885 0.464080
0.890 0.468700
0.895 0.473170
0.900 0.477660
0.905 0.482060
0.910 0.486530
0.915 0.490940
0.920 0.495370
0.925 0.499830
0.930 0.504190
0.935 0.508450
0.940 0.512750
0.945 0.517970
0.950 0.522470
0.955 0.526000
0.960 0.529390
0.965 0.532480
0.970 0.535440
0.975 0.538020
0.980 0.540460
0.985 0.543160
0.990 0.545760
0.995 0.548790
1.000 0.551960
1.005 0.555080
1.010 0.558070
1.015 0.560000
1.020 0.562500
1.025 0.564990
1.030 0.568050
1.035 0.570420
1.040 0.573010
1.045 0.575300
1.050 0.577880
1.055 0.580250
1.060 0.583400
1.065 0.585350
1.070 0.587570
1.075 0.589790
1.080 0.591770
1.085 0.593900
1.090 0.595980
1.095 0.597850
1.100 0.599850
1.105 0.601220
1.110 0.602520
1.115 0.603540
1.120 0.603670
1.125 0.603620
1.130 0.603430
1.135 0.602630
1.140 0.601950
1.145 0.601230
1.150 0.600310
1.155 0.599040
1.160 0.597470
1.165 0.595080
1.170 0.593010
1.175 0.591130
1.180 0.588870
1.185 0.586360
1.190 0.584500
1.195 0.583620
1.200 0.583090
1.205 0.582950
1.210 0.583610
1.215 0.585540
1.220 0.588850
1.225 0.593200
1.230 0.597560
1.235 0.601150
1.240 0.604270
1.245 0.606740
1.250 0.608950
1.255 0.610790
1.260 0.612350
1.265 0.613570
1.270 0.614620
1.275 0.615770
1.280 0.616980
1.285 0.618270
1.290 0.619600
1.295 0.620780
1.300 0.621700
1.305 0.622370
1.310 0.622660
1.315 0.622790
1.320 0.622380
1.325 0.621500
1.330 0.620090
1.335 0.617520
1.340 0.613810
1.345 0.609140
1.350 0.603770
1.355 0.597700
1.360 0.591740
1.365 0.586640
1.370 0.582060
1.375 0.577400
1.380 0.572180
1.385 0.565820
1.390 0.558280
1.395 0.549110
1.400 0.537640
1.405 0.522920
1.410 0.504690
1.415 0.484410
1.420 0.464260
1.425 0.445980
1.430 0.430320
1.435 0.418020
1.440 0.409420
1.445 0.404000
1.450 0.400880
1.455 0.399580
1.460 0.399580
1.465 0.400380
1.470 0.401560
1.475 0.403340
1.480 0.405560
1.485 0.407700
1.490 0.409530
1.495 0.411600
1.500 0.414130
1.505 0.416630
1.510 0.418990
1.515 0.421510
1.520 0.424020
1.525 0.426230
1.530 0.428120
1.535 0.429910
1.540 0.431330
1.545 0.432300
1.550 0.433350
1.555 0.434370
1.560 0.435100
1.565 0.435620
1.570 0.436140
1.575 0.436830
1.580 0.437830
1.585 0.439150
1.590 0.440640
1.595 0.442510
1.600 0.444400
1.605 0.446360
1.610 0.448380
1.615 0.450060
1.620 0.451090
1.625 0.452280
1.630 0.453320
1.635 0.453610
1.640 0.453460
1.645 0.452430
1.650 0.449880
1.655 0.446290
1.660 0.442330
1.665 0.438650
1.670 0.434980
1.675 0.431840
1.680 0.429150
1.685 0.425640
1.690 0.421470
1.695 0.417740
1.700 0.414090
1.705 0.409790
1.710 0.405750
1.715 0.401790
1.720 0.397640
1.725 0.393770
1.730 0.392790
1.735 0.394920
1.740 0.398480
1.745 0.400930
1.750 0.402040
1.755 0.402350
1.760 0.403770
1.765 0.406570
1.770 0.409860
1.775 0.413670
1.780 0.416780
1.785 0.418380
1.790 0.419900
1.795 0.421470
1.800 0.422280
1.805 0.423820
1.810 0.424990
1.815 0.426230
1.820 0.427480
1.825 0.428570
1.830 0.430030
1.835 0.431730
1.840 0.433430
1.845 0.435240
1.850 0.437010
1.855 0.437930
1.860 0.438180
1.865 0.437060
1.870 0.434320
1.875 0.429710
1.880 0.422400
1.885 0.411060
1.890 0.394560
1.895 0.373310
1.900 0.348680
1.905 0.323850
1.910 0.302700
1.915 0.286760
1.920 0.276100
1.925 0.269960
1.930 0.267410
1.935 0.267960
1.940 0.270510
1.945 0.274340
1.950 0.278870
1.955 0.283650
1.960 0.288150
1.965 0.292410
1.970 0.296210
1.975 0.299830
1.980 0.303640
1.985 0.307120
1.990 0.310400
1.995 0.313040
2.000 0.314760
2.005 0.315300
2.010 0.314350
2.015 0.311990
2.020 0.307780
2.025 0.302340
2.030 0.295610
2.035 0.287870
2.040 0.279920
2.045 0.272060
2.050 0.264590
2.055 0.258330
2.060 0.253420
2.065 0.249710
2.070 0.246550
2.075 0.243600
2.080 0.240990
2.085 0.238300
2.090 0.235690
2.095 0.233460
2.100 0.231320
2.105 0.229520
2.110 0.227920
2.115 0.226420
2.120 0.224960
2.125 0.223350
2.130 0.221910
2.135 0.220830
2.140 0.220510
2.145 0.220870
2.150 0.222060
2.155 0.223490
2.160 0.225150
2.165 0.227170
2.170 0.229430
2.175 0.232030
2.180 0.234960
2.185 0.238220
2.190 0.241720
2.195 0.245400
2.200 0.248880
2.205 0.252500
2.210 0.255680
2.215 0.258110
2.220 0.259920
2.225 0.260920
2.230 0.260400
2.235 0.258260
2.240 0.254710
2.245 0.249160
2.250 0.242780
2.255 0.235350
2.260 0.227970
2.265 0.221150
2.270 0.215640
2.275 0.211180
2.280 0.207690
2.285 0.204230
2.290 0.200490
2.295 0.196270
2.300 0.191590
2.305 0.187250
2.310 0.185130
2.315 0.186540
2.320 0.191190
2.325 0.194450
2.330 0.194600
2.335 0.192980
2.340 0.190540
2.345 0.187650
2.350 0.186640
2.355 0.188540
2.360 0.191110
2.365 0.192800
2.370 0.193370
2.375 0.193460
2.380 0.193530
2.385 0.193220
2.390 0.192780
2.395 0.192390
2.400 0.191580
2.405 0.190900
2.410 0.189530
2.415 0.187480
2.420 0.185000
2.425 0.182250
2.430 0.179420
2.435 0.175570
2.440 0.171230
2.445 0.167140
2.450 0.163260
2.455 0.159420
2.460 0.156590
2.465 0.152660
2.470 0.148920
2.475 0.147630
2.480 0.143630
2.485 0.143460
2.490 0.144670
2.495 0.145440
2.500 0.141210
