0.350 0.032653
0.355 0.035919
0.360 0.039184
0.365 0.042450
0.370 0.045715
0.375 0.048980
0.380 0.052246
0.385 0.055511
0.390 0.058776
0.395 0.062042
0.400 0.065307
0.405 0.067379
0.410 0.069062
0.415 0.069937
0.420 0.071224
0.425 0.070644
0.430 0.071685
0.435 0.072034
0.440 0.071771
0.445 0.072498
0.450 0.072462
0.455 0.071706
0.460 0.071986
0.465 0.071443
0.470 0.070898
0.475 0.070776
0.480 0.070191
0.485 0.070083
0.490 0.070027
0.495 0.069032
0.500 0.068887
0.505 0.068690
0.510 0.068252
0.515 0.068113
0.520 0.067847
0.525 0.067644
0.530 0.067345
0.535 0.066695
0.540 0.066560
0.545 0.066167
0.550 0.065701
0.555 0.065437
0.560 0.064956
0.565 0.064421
0.570 0.063983
0.575 0.063405
0.580 0.062995
0.585 0.062441
0.590 0.061639
0.595 0.061087
0.600 0.060152
0.605 0.059393
0.610 0.059011
0.615 0.058436
0.620 0.058088
0.625 0.057696
0.630 0.056998
0.635 0.056832
0.640 0.056506
0.645 0.055923
0.650 0.055641
0.655 0.055097
0.660 0.054663
0.665 0.054285
0.670 0.053765
0.675 0.053539
0.680 0.053125
0.685 0.052625
0.690 0.052239
0.695 0.051578
0.700 0.050837
0.705 0.050139
0.710 0.048999
0.715 0.047758
0.720 0.046119
0.725 0.044299
0.730 0.041945
0.735 0.039723
0.740 0.038524
0.745 0.038182
0.750 0.037920
0.755 0.037643
0.760 0.037489
0.765 0.037225
0.770 0.037232
0.775 0.037379
0.780 0.037261
0.785 0.037652
0.790 0.037867
0.795 0.038035
0.800 0.038391
0.805 0.038310
0.810 0.038163
0.815 0.037762
0.820 0.036927
0.825 0.035562
0.830 0.033299
0.835 0.031844
0.840 0.031113
0.845 0.030497
0.850 0.029821
0.855 0.029448
0.860 0.028803
0.865 0.028407
0.870 0.027847
0.875 0.026903
0.880 0.026445
0.885 0.025648
0.890 0.024862
0.895 0.024460
0.900 0.023593
0.905 0.023099
0.910 0.022416
0.915 0.021222
0.920 0.020074
0.925 0.018534
0.930 0.016452
0.935 0.014876
0.940 0.013096
0.945 0.011447
0.950 0.010491
0.955 0.009110
0.960 0.008753
0.965 0.008526
0.970 0.007836
0.975 0.008398
0.980 0.008005
0.985 0.007586
0.990 0.007975
0.995 0.007906
1.000 0.008227
1.005 0.008693
1.010 0.008798
1.015 0.009307
1.020 0.009614
1.025 0.010458
1.030 0.010691
1.035 0.011153
1.040 0.011596
1.045 0.012089
1.050 0.012540
1.055 0.013073
1.060 0.013333
1.065 0.013364
1.070 0.013510
1.075 0.013424
1.080 0.013194
1.085 0.012771
1.090 0.012321
1.095 0.011844
1.100 0.011339
1.105 0.010985
1.110 0.010532
1.115 0.010009
1.120 0.009546
1.125 0.009135
1.130 0.008446
1.135 0.007682
1.140 0.007196
1.145 0.006829
1.150 0.006565
1.155 0.006480
1.160 0.006383
1.165 0.006265
1.170 0.006333
1.175 0.006232
1.180 0.006276
1.185 0.006257
1.190 0.006198
1.195 0.006257
1.200 0.006273
1.205 0.006230
1.210 0.006303
1.215 0.006241
1.220 0.006287
1.225 0.006247
1.230 0.006293
1.235 0.006307
1.240 0.006246
1.245 0.006419
1.250 0.006350
1.255 0.006408
1.260 0.006438
1.265 0.006379
1.270 0.006380
1.275 0.006448
1.280 0.006318
1.285 0.006221
1.290 0.006266
1.295 0.006271
1.300 0.006074
1.305 0.006037
1.310 0.006092
1.315 0.005955
1.320 0.005907
1.325 0.005833
1.330 0.005816
1.335 0.005824
1.340 0.005846
1.345 0.005768
1.350 0.005846
1.355 0.005760
1.360 0.005712
1.365 0.005620
1.370 0.005640
1.375 0.005618
1.380 0.005493
1.385 0.005526
1.390 0.005469
1.395 0.005498
1.400 0.005502
1.405 0.005399
1.410 0.005448
1.415 0.005437
1.420 0.005337
1.425 0.005338
1.430 0.005378
1.435 0.005350
1.440 0.005358
1.445 0.005290
1.450 0.005343
1.455 0.005351
1.460 0.005353
1.465 0.005302
1.470 0.005239
1.475 0.005283
1.480 0.005303
1.485 0.005348
1.490 0.005295
1.495 0.005211
1.500 0.005263
1.505 0.005309
1.510 0.005210
1.515 0.005256
1.520 0.005292
1.525 0.005349
1.530 0.005347
1.535 0.005274
1.540 0.005290
1.545 0.005253
1.550 0.005269
1.555 0.005208
1.560 0.005263
1.565 0.005268
1.570 0.005317
1.575 0.005315
1.580 0.005308
1.585 0.005322
1.590 0.005266
1.595 0.005274
1.600 0.005297
1.605 0.005248
1.610 0.005293
1.615 0.005213
1.620 0.005255
1.625 0.005221
1.630 0.005290
1.635 0.005251
1.640 0.005255
1.645 0.005227
1.650 0.005308
1.655 0.005247
1.660 0.005312
1.665 0.005233
1.670 0.005283
1.675 0.005263
1.680 0.005314
1.685 0.005245
1.690 0.005297
1.695 0.005250
1.700 0.005253
1.705 0.005249
1.710 0.005225
1.715 0.005287
1.720 0.005296
1.725 0.005338
1.730 0.005139
1.735 0.005220
1.740 0.005257
1.745 0.005245
1.750 0.005275
1.755 0.005193
1.760 0.005250
1.765 0.005404
1.770 0.005471
1.775 0.005600
1.780 0.005599
1.785 0.005597
1.790 0.005351
1.795 0.004607
1.800 0.004787
1.805 0.005151
1.810 0.005178
1.815 0.005132
1.820 0.005140
1.825 0.005261
1.830 0.005121
1.835 0.005052
1.840 0.005052
1.845 0.005244
1.850 0.005275
1.855 0.005175
1.860 0.005157
1.865 0.005214
1.870 0.005140
1.875 0.005049
1.880 0.005161
1.885 0.005137
1.890 0.005110
1.895 0.005259
1.900 0.005275
1.905 0.005154
1.910 0.005119
1.915 0.005145
1.920 0.005182
1.925 0.005192
1.930 0.005104
1.935 0.005196
1.940 0.005177
1.945 0.005151
1.950 0.005136
1.955 0.005114
1.960 0.005089
1.965 0.005093
1.970 0.005118
1.975 0.005134
1.980 0.005115
1.985 0.005101
1.990 0.005119
1.995 0.005227
2.000 0.005190
2.005 0.005152
2.010 0.005050
2.015 0.005099
2.020 0.005073
2.025 0.005130
2.030 0.005057
2.035 0.005027
2.040 0.005062
2.045 0.005066
2.050 0.004973
2.055 0.005037
2.060 0.005006
2.065 0.004977
2.070 0.005023
2.075 0.005027
2.080 0.005253
2.085 0.005103
2.090 0.005070
2.095 0.004992
2.100 0.005046
2.105 0.005066
2.110 0.004994
2.115 0.004999
2.120 0.004955
2.125 0.004908
2.130 0.005013
2.135 0.005054
2.140 0.004978
2.145 0.004998
2.150 0.005039
2.155 0.005082
2.160 0.005069
2.165 0.005111
2.170 0.005175
2.175 0.005264
2.180 0.005181
2.185 0.005069
2.190 0.005074
2.195 0.004984
2.200 0.004999
2.205 0.005104
2.210 0.005138
2.215 0.005131
2.220 0.005117
2.225 0.005155
2.230 0.005107
2.235 0.005314
2.240 0.005286
2.245 0.005220
2.250 0.005361
2.255 0.005419
2.260 0.005235
2.265 0.005295
2.270 0.005381
2.275 0.005244
2.280 0.005206
2.285 0.005043
2.290 0.005195
2.295 0.005249
2.300 0.005160
2.305 0.005114
2.310 0.005066
2.315 0.005316
2.320 0.005088
2.325 0.005033
2.330 0.004929
2.335 0.004937
2.340 0.004919
2.345 0.004979
2.350 0.004911
2.355 0.005087
2.360 0.005005
2.365 0.005076
2.370 0.004921
2.375 0.005019
2.380 0.005031
2.385 0.005117
2.390 0.004940
2.395 0.004774
2.400 0.004714
2.405 0.004779
2.410 0.004670
2.415 0.004963
2.420 0.004821
2.425 0.004942
2.430 0.005139
2.435 0.005145
2.440 0.005178
2.445 0.005239
2.450 0.004957
2.455 0.005002
2.460 0.004861
2.465 0.000000
2.470 0.000000
2.475 0.000000
2.480 0.000000
2.485 0.000000
2.490 0.000000
2.495 0.000000
2.500 0.000000
