0.350 0.014387
0.355 0.015826
0.360 0.017264
0.365 0.018703
0.370 0.020142
0.375 0.021581
0.380 0.023019
0.385 0.024458
0.390 0.025897
0.395 0.027335
0.400 0.028774
0.405 0.036195
0.410 0.037361
0.415 0.042622
0.420 0.046660
0.425 0.053792
0.430 0.057905
0.435 0.065168
0.440 0.072892
0.445 0.076627
0.450 0.079702
0.455 0.082333
0.460 0.092171
0.465 0.094827
0.470 0.100770
0.475 0.103640
0.480 0.104280
0.485 0.109560
0.490 0.116050
0.495 0.120310
0.500 0.127370
0.505 0.131300
0.510 0.137200
0.515 0.144540
0.520 0.148170
0.525 0.156370
0.530 0.158090
0.535 0.165910
0.540 0.172330
0.545 0.182210
0.550 0.187290
0.555 0.193410
0.560 0.204970
0.565 0.208680
0.570 0.217710
0.575 0.223150
0.580 0.228790
0.585 0.235690
0.590 0.240360
0.595 0.245860
0.600 0.250780
0.605 0.252080
0.610 0.255360
0.615 0.257210
0.620 0.266300
0.625 0.269560
0.630 0.275050
0.635 0.273770
0.640 0.279190
0.645 0.283910
0.650 0.286320
0.655 0.291140
0.660 0.290010
0.665 0.290970
0.670 0.298390
0.675 0.302890
0.680 0.307830
0.685 0.301990
0.690 0.307280
0.695 0.314980
0.700 0.311980
0.705 0.313350
0.710 0.317940
0.715 0.320420
0.720 0.326490
0.725 0.327040
0.730 0.331140
0.735 0.330970
0.740 0.335570
0.745 0.334230
0.750 0.337080
0.755 0.339650
0.760 0.343850
0.765 0.344440
0.770 0.347120
0.775 0.346330
0.780 0.350550
0.785 0.355210
0.790 0.352100
0.795 0.353640
0.800 0.355120
0.805 0.354180
0.810 0.354730
0.815 0.357590
0.820 0.356570
0.825 0.354480
0.830 0.353720
0.835 0.357010
0.840 0.356040
0.845 0.361190
0.850 0.357900
0.855 0.356650
0.860 0.355770
0.865 0.354540
0.870 0.356780
0.875 0.358500
0.880 0.355390
0.885 0.358410
0.890 0.359410
0.895 0.358410
0.900 0.360650
0.905 0.360600
0.910 0.361730
0.915 0.361950
0.920 0.361650
0.925 0.361320
0.930 0.361810
0.935 0.364130
0.940 0.365180
0.945 0.364700
0.950 0.368490
0.955 0.370180
0.960 0.369770
0.965 0.369260
0.970 0.370000
0.975 0.371260
0.980 0.372410
0.985 0.373500
0.990 0.375560
0.995 0.377080
1.000 0.376710
1.005 0.380040
1.010 0.378700
1.015 0.378410
1.020 0.378370
1.025 0.379110
1.030 0.378730
1.035 0.378330
1.040 0.383840
1.045 0.392810
1.050 0.385740
1.055 0.382080
1.060 0.383190
1.065 0.386110
1.070 0.386760
1.075 0.389220
1.080 0.383420
1.085 0.390360
1.090 0.391950
1.095 0.392680
1.100 0.395550
1.105 0.396070
1.110 0.391630
1.115 0.389230
1.120 0.394920
1.125 0.397150
1.130 0.389560
1.135 0.392820
1.140 0.397640
1.145 0.398490
1.150 0.400070
1.155 0.399550
1.160 0.400770
1.165 0.401040
1.170 0.402480
1.175 0.401370
1.180 0.402990
1.185 0.404830
1.190 0.405170
1.195 0.408290
1.200 0.408950
1.205 0.412760
1.210 0.411690
1.215 0.417450
1.220 0.417000
1.225 0.416810
1.230 0.420570
1.235 0.422300
1.240 0.422920
1.245 0.420770
1.250 0.421360
1.255 0.422000
1.260 0.421140
1.265 0.424040
1.270 0.429620
1.275 0.430180
1.280 0.429910
1.285 0.428960
1.290 0.431780
1.295 0.432490
1.300 0.430970
1.305 0.430900
1.310 0.433610
1.315 0.433460
1.320 0.429770
1.325 0.429790
1.330 0.432810
1.335 0.434360
1.340 0.436670
1.345 0.440560
1.350 0.435250
1.355 0.429570
1.360 0.434310
1.365 0.436580
1.370 0.433610
1.375 0.427220
1.380 0.423550
1.385 0.419980
1.390 0.416180
1.395 0.413340
1.400 0.406380
1.405 0.410420
1.410 0.417810
1.415 0.425210
1.420 0.429470
1.425 0.433520
1.430 0.434610
1.435 0.437760
1.440 0.439200
1.445 0.441320
1.450 0.439630
1.455 0.439420
1.460 0.441810
1.465 0.442590
1.470 0.442890
1.475 0.444270
1.480 0.444380
1.485 0.445470
1.490 0.446210
1.495 0.446040
1.500 0.450440
1.505 0.449880
1.510 0.451120
1.515 0.453940
1.520 0.454410
1.525 0.452020
1.530 0.452400
1.535 0.453510
1.540 0.460680
1.545 0.457040
1.550 0.454540
1.555 0.454350
1.560 0.455390
1.565 0.452450
1.570 0.458310
1.575 0.459190
1.580 0.460180
1.585 0.461970
1.590 0.458280
1.595 0.458180
1.600 0.460820
1.605 0.460990
1.610 0.466750
1.615 0.463030
1.620 0.464210
1.625 0.465770
1.630 0.466760
1.635 0.464640
1.640 0.466030
1.645 0.464760
1.650 0.465870
1.655 0.465770
1.660 0.463640
1.665 0.472080
1.670 0.469960
1.675 0.468890
1.680 0.470970
1.685 0.468500
1.690 0.469850
1.695 0.470250
1.700 0.469550
1.705 0.471190
1.710 0.472980
1.715 0.470150
1.720 0.470510
1.725 0.471040
1.730 0.470090
1.735 0.472860
1.740 0.474990
1.745 0.471250
1.750 0.471520
1.755 0.469730
1.760 0.473040
1.765 0.473750
1.770 0.473980
1.775 0.476670
1.780 0.473840
1.785 0.473660
1.790 0.476800
1.795 0.476180
1.800 0.475360
1.805 0.476410
1.810 0.476800
1.815 0.477520
1.820 0.478190
1.825 0.475120
1.830 0.475010
1.835 0.475750
1.840 0.478490
1.845 0.478390
1.850 0.475100
1.855 0.473800
1.860 0.473170
1.865 0.468750
1.870 0.462380
1.875 0.455970
1.880 0.447770
1.885 0.437940
1.890 0.425550
1.895 0.411140
1.900 0.403960
1.905 0.403220
1.910 0.404360
1.915 0.405840
1.920 0.409300
1.925 0.412850
1.930 0.417590
1.935 0.417430
1.940 0.420230
1.945 0.423560
1.950 0.426950
1.955 0.428150
1.960 0.432140
1.965 0.432540
1.970 0.435980
1.975 0.436460
1.980 0.440610
1.985 0.443330
1.990 0.444970
1.995 0.447170
2.000 0.451940
2.005 0.452200
2.010 0.450580
2.015 0.454460
2.020 0.455810
2.025 0.458670
2.030 0.464570
2.035 0.460500
2.040 0.464520
2.045 0.462360
2.050 0.460970
2.055 0.465420
2.060 0.462770
2.065 0.465070
2.070 0.463310
2.075 0.461380
2.080 0.464640
2.085 0.463670
2.090 0.464040
2.095 0.463300
2.100 0.462940
2.105 0.461880
2.110 0.460870
2.115 0.460670
2.120 0.459960
2.125 0.459910
2.130 0.459490
2.135 0.459170
2.140 0.457320
2.145 0.455090
2.150 0.451850
2.155 0.447250
2.160 0.442720
2.165 0.439780
2.170 0.436300
2.175 0.432450
2.180 0.427320
2.185 0.421320
2.190 0.414660
2.195 0.407750
2.200 0.402200
2.205 0.396340
2.210 0.396920
2.215 0.407090
2.220 0.413930
2.225 0.418950
2.230 0.423520
2.235 0.425310
2.240 0.424930
2.245 0.424460
2.250 0.424120
2.255 0.423670
2.260 0.425750
2.265 0.428630
2.270 0.429860
2.275 0.429420
2.280 0.427650
2.285 0.424800
2.290 0.420730
2.295 0.417080
2.300 0.412840
2.305 0.409490
2.310 0.404820
2.315 0.400470
2.320 0.396030
2.325 0.391080
2.330 0.386870
2.335 0.382800
2.340 0.379160
2.345 0.376830
2.350 0.376160
2.355 0.376870
2.360 0.379540
2.365 0.383300
2.370 0.386270
2.375 0.387020
2.380 0.385910
2.385 0.385490
2.390 0.386160
2.395 0.386050
2.400 0.386120
2.405 0.386250
2.410 0.384960
2.415 0.383110
2.420 0.381010
2.425 0.378190
2.430 0.375580
2.435 0.373340
2.440 0.370880
2.445 0.369490
2.450 0.368450
2.455 0.367590
2.460 0.366280
2.465 0.365210
2.470 0.364200
2.475 0.363150
2.480 0.362100
2.485 0.360980
2.490 0.359770
2.495 0.359270
2.500 0.358720
