0.350 0.028447
0.355 0.031292
0.360 0.034136
0.365 0.036981
0.370 0.039826
0.375 0.042670
0.380 0.045515
0.385 0.048360
0.390 0.051205
0.395 0.054049
0.400 0.056894
0.405 0.058938
0.410 0.062757
0.415 0.063184
0.420 0.065779
0.425 0.068811
0.430 0.070070
0.435 0.067943
0.440 0.072310
0.445 0.071954
0.450 0.075466
0.455 0.080531
0.460 0.079623
0.465 0.082164
0.470 0.080414
0.475 0.086401
0.480 0.084594
0.485 0.087995
0.490 0.089591
0.495 0.088808
0.500 0.090866
0.505 0.092413
0.510 0.091559
0.515 0.095086
0.520 0.095068
0.525 0.096187
0.530 0.098766
0.535 0.100500
0.540 0.104480
0.545 0.104480
0.550 0.107910
0.555 0.107020
0.560 0.110990
0.565 0.113230
0.570 0.112690
0.575 0.114750
0.580 0.118120
0.585 0.118930
0.590 0.119630
0.595 0.120670
0.600 0.123530
0.605 0.126230
0.610 0.127730
0.615 0.130550
0.620 0.133030
0.625 0.135110
0.630 0.139590
0.635 0.139900
0.640 0.141540
0.645 0.145420
0.650 0.149420
0.655 0.155360
0.660 0.156630
0.665 0.162290
0.670 0.164740
0.675 0.168200
0.680 0.173230
0.685 0.176180
0.690 0.182910
0.695 0.186660
0.700 0.190840
0.705 0.195370
0.710 0.201870
0.715 0.205020
0.720 0.209560
0.725 0.213980
0.730 0.220350
0.735 0.221390
0.740 0.228160
0.745 0.232500
0.750 0.235850
0.755 0.240430
0.760 0.244270
0.765 0.248070
0.770 0.253650
0.775 0.255330
0.780 0.260600
0.785 0.263690
0.790 0.267330
0.795 0.271760
0.800 0.283550
0.805 0.286750
0.810 0.288390
0.815 0.291040
0.820 0.295270
0.825 0.299310
0.830 0.300850
0.835 0.302180
0.840 0.307330
0.845 0.311590
0.850 0.312470
0.855 0.314600
0.860 0.315850
0.865 0.321880
0.870 0.323450
0.875 0.324440
0.880 0.329380
0.885 0.331510
0.890 0.331520
0.895 0.333410
0.900 0.339660
0.905 0.340990
0.910 0.342060
0.915 0.342610
0.920 0.343460
0.925 0.348750
0.930 0.350690
0.935 0.351240
0.940 0.354210
0.945 0.358200
0.950 0.358710
0.955 0.358740
0.960 0.358350
0.965 0.362620
0.970 0.363070
0.975 0.363420
0.980 0.368220
0.985 0.370040
0.990 0.370310
0.995 0.372150
1.000 0.374790
1.005 0.374800
1.010 0.377160
1.015 0.380120
1.020 0.382070
1.025 0.380200
1.030 0.382110
1.035 0.383510
1.040 0.385500
1.045 0.384160
1.050 0.386690
1.055 0.390130
1.060 0.389340
1.065 0.392580
1.070 0.392500
1.075 0.392680
1.080 0.393860
1.085 0.398440
1.090 0.401870
1.095 0.402610
1.100 0.400780
1.105 0.401450
1.110 0.403240
1.115 0.405100
1.120 0.407200
1.125 0.407410
1.130 0.406560
1.135 0.406680
1.140 0.408150
1.145 0.411630
1.150 0.413570
1.155 0.415000
1.160 0.415410
1.165 0.416610
1.170 0.417070
1.175 0.417830
1.180 0.419570
1.185 0.421110
1.190 0.422690
1.195 0.422850
1.200 0.424070
1.205 0.426140
1.210 0.426500
1.215 0.425550
1.220 0.426910
1.225 0.431020
1.230 0.433980
1.235 0.435120
1.240 0.435100
1.245 0.434810
1.250 0.432730
1.255 0.431840
1.260 0.433480
1.265 0.435900
1.270 0.438820
1.275 0.441560
1.280 0.443030
1.285 0.445470
1.290 0.445600
1.295 0.446210
1.300 0.447580
1.305 0.448700
1.310 0.449160
1.315 0.449220
1.320 0.449720
1.325 0.450830
1.330 0.451540
1.335 0.452380
1.340 0.451010
1.345 0.455120
1.350 0.456540
1.355 0.457910
1.360 0.454160
1.365 0.453520
1.370 0.454100
1.375 0.453960
1.380 0.450880
1.385 0.450260
1.390 0.450850
1.395 0.449690
1.400 0.448360
1.405 0.447640
1.410 0.446320
1.415 0.445680
1.420 0.445640
1.425 0.445320
1.430 0.444670
1.435 0.444820
1.440 0.444400
1.445 0.444720
1.450 0.444540
1.455 0.443940
1.460 0.444150
1.465 0.445590
1.470 0.446540
1.475 0.448530
1.480 0.452220
1.485 0.451620
1.490 0.452130
1.495 0.453250
1.500 0.454130
1.505 0.457260
1.510 0.458990
1.515 0.459470
1.520 0.460350
1.525 0.463240
1.530 0.464450
1.535 0.465200
1.540 0.466900
1.545 0.469000
1.550 0.468850
1.555 0.470390
1.560 0.471980
1.565 0.473200
1.570 0.474980
1.575 0.473910
1.580 0.472970
1.585 0.474030
1.590 0.474250
1.595 0.474250
1.600 0.474800
1.605 0.471920
1.610 0.470460
1.615 0.471150
1.620 0.475470
1.625 0.477550
1.630 0.480010
1.635 0.480440
1.640 0.478930
1.645 0.477500
1.650 0.477530
1.655 0.477520
1.660 0.477540
1.665 0.477300
1.670 0.474920
1.675 0.474350
1.680 0.475310
1.685 0.475520
1.690 0.475240
1.695 0.474180
1.700 0.474980
1.705 0.472720
1.710 0.473240
1.715 0.474290
1.720 0.474260
1.725 0.476080
1.730 0.475740
1.735 0.474560
1.740 0.476240
1.745 0.473780
1.750 0.475650
1.755 0.476960
1.760 0.476640
1.765 0.476860
1.770 0.477260
1.775 0.478840
1.780 0.478800
1.785 0.479980
1.790 0.479030
1.795 0.478600
1.800 0.479230
1.805 0.480620
1.810 0.481790
1.815 0.482000
1.820 0.479170
1.825 0.480910
1.830 0.481860
1.835 0.482340
1.840 0.481730
1.845 0.480300
1.850 0.480200
1.855 0.480200
1.860 0.478940
1.865 0.472660
1.870 0.466230
1.875 0.458810
1.880 0.449020
1.885 0.434900
1.890 0.423120
1.895 0.410300
1.900 0.393020
1.905 0.382440
1.910 0.378700
1.915 0.376250
1.920 0.373430
1.925 0.377530
1.930 0.379320
1.935 0.380990
1.940 0.386370
1.945 0.393000
1.950 0.396530
1.955 0.398250
1.960 0.400950
1.965 0.406070
1.970 0.409020
1.975 0.412350
1.980 0.416030
1.985 0.423750
1.990 0.428740
1.995 0.430870
2.000 0.432040
2.005 0.433190
2.010 0.435100
2.015 0.434780
2.020 0.434290
2.025 0.434630
2.030 0.434600
2.035 0.434780
2.040 0.436180
2.045 0.432010
2.050 0.430450
2.055 0.431610
2.060 0.433800
2.065 0.435400
2.070 0.434490
2.075 0.433320
2.080 0.431490
2.085 0.432160
2.090 0.431940
2.095 0.429290
2.100 0.430670
2.105 0.429200
2.110 0.429560
2.115 0.429860
2.120 0.430020
2.125 0.429500
2.130 0.427900
2.135 0.427590
2.140 0.426960
2.145 0.426880
2.150 0.426030
2.155 0.427540
2.160 0.427290
2.165 0.428430
2.170 0.429050
2.175 0.430600
2.180 0.430390
2.185 0.431110
2.190 0.431810
2.195 0.431520
2.200 0.431680
2.205 0.432580
2.210 0.433400
2.215 0.434620
2.220 0.434590
2.225 0.433890
2.230 0.433120
2.235 0.430790
2.240 0.427620
2.245 0.424260
2.250 0.419580
2.255 0.414590
2.260 0.411450
2.265 0.407630
2.270 0.404690
2.275 0.402120
2.280 0.401940
2.285 0.399030
2.290 0.396960
2.295 0.394730
2.300 0.391080
2.305 0.389810
2.310 0.387940
2.315 0.390660
2.320 0.395460
2.325 0.398440
2.330 0.397450
2.335 0.396330
2.340 0.395120
2.345 0.393470
2.350 0.391920
2.355 0.395760
2.360 0.398330
2.365 0.398220
2.370 0.398550
2.375 0.398530
2.380 0.398540
2.385 0.397410
2.390 0.396960
2.395 0.397150
2.400 0.396740
2.405 0.395860
2.410 0.395140
2.415 0.393120
2.420 0.390500
2.425 0.389080
2.430 0.385750
2.435 0.383230
2.440 0.379780
2.445 0.376570
2.450 0.373850
2.455 0.370250
2.460 0.365650
2.465 0.362930
2.470 0.360580
2.475 0.357850
2.480 0.356390
2.485 0.354470
2.490 0.353180
2.495 0.352820
2.500 0.351890
