0.350 0.002527
0.355 0.002780
0.360 0.003032
0.365 0.003285
0.370 0.003538
0.375 0.003790
0.380 0.004043
0.385 0.004296
0.390 0.004549
0.395 0.004801
0.400 0.005054
0.405 0.008255
0.410 0.011848
0.415 0.016209
0.420 0.020642
0.425 0.024504
0.430 0.029790
0.435 0.034092
0.440 0.038388
0.445 0.040364
0.450 0.048629
0.455 0.053614
0.460 0.053149
0.465 0.055447
0.470 0.056385
0.475 0.062288
0.480 0.065418
0.485 0.067390
0.490 0.073880
0.495 0.075872
0.500 0.080263
0.505 0.085309
0.510 0.088195
0.515 0.096023
0.520 0.099808
0.525 0.105510
0.530 0.110710
0.535 0.115270
0.540 0.125040
0.545 0.130140
0.550 0.137630
0.555 0.141440
0.560 0.153520
0.565 0.160020
0.570 0.164210
0.575 0.169670
0.580 0.176470
0.585 0.177080
0.590 0.183800
0.595 0.185350
0.600 0.186520
0.605 0.191460
0.610 0.194940
0.615 0.200930
0.620 0.206810
0.625 0.209030
0.630 0.216170
0.635 0.217460
0.640 0.218370
0.645 0.224380
0.650 0.227950
0.655 0.234100
0.660 0.232390
0.665 0.239640
0.670 0.245090
0.675 0.241510
0.680 0.250800
0.685 0.251110
0.690 0.255800
0.695 0.259450
0.700 0.262070
0.705 0.264760
0.710 0.271550
0.715 0.272770
0.720 0.278070
0.725 0.283140
0.730 0.286000
0.735 0.287130
0.740 0.294950
0.745 0.296250
0.750 0.301210
0.755 0.302570
0.760 0.307370
0.765 0.308800
0.770 0.313930
0.775 0.313510
0.780 0.318690
0.785 0.318890
0.790 0.324280
0.795 0.324690
0.800 0.325920
0.805 0.331040
0.810 0.330180
0.815 0.329880
0.820 0.331860
0.825 0.333610
0.830 0.333950
0.835 0.333370
0.840 0.333910
0.845 0.338660
0.850 0.338200
0.855 0.338840
0.860 0.339060
0.865 0.340490
0.870 0.339790
0.875 0.340370
0.880 0.343810
0.885 0.346190
0.890 0.345960
0.895 0.348390
0.900 0.351110
0.905 0.350850
0.910 0.351100
0.915 0.352040
0.920 0.353990
0.925 0.358120
0.930 0.360120
0.935 0.360780
0.940 0.366560
0.945 0.368890
0.950 0.368700
0.955 0.368450
0.960 0.370130
0.965 0.373120
0.970 0.372740
0.975 0.372920
0.980 0.377340
0.985 0.380940
0.990 0.378550
0.995 0.379440
1.000 0.381600
1.005 0.384770
1.010 0.387730
1.015 0.390890
1.020 0.393050
1.025 0.393700
1.030 0.394100
1.035 0.394720
1.040 0.392040
1.045 0.394730
1.050 0.398570
1.055 0.401590
1.060 0.402770
1.065 0.404290
1.070 0.404180
1.075 0.405110
1.080 0.406500
1.085 0.409300
1.090 0.413360
1.095 0.414070
1.100 0.415090
1.105 0.412850
1.110 0.416300
1.115 0.418870
1.120 0.422510
1.125 0.422610
1.130 0.422820
1.135 0.425100
1.140 0.425700
1.145 0.425240
1.150 0.428620
1.155 0.430680
1.160 0.432600
1.165 0.434630
1.170 0.435640
1.175 0.435880
1.180 0.437770
1.185 0.440080
1.190 0.442350
1.195 0.443780
1.200 0.445180
1.205 0.446780
1.210 0.447610
1.215 0.445590
1.220 0.446220
1.225 0.450540
1.230 0.452390
1.235 0.453530
1.240 0.451040
1.245 0.453100
1.250 0.454240
1.255 0.455360
1.260 0.455730
1.265 0.455850
1.270 0.458770
1.275 0.461490
1.280 0.462480
1.285 0.463610
1.290 0.465050
1.295 0.465920
1.300 0.465310
1.305 0.466340
1.310 0.467250
1.315 0.467710
1.320 0.468050
1.325 0.467330
1.330 0.468010
1.335 0.469260
1.340 0.473650
1.345 0.472080
1.350 0.473240
1.355 0.474200
1.360 0.472080
1.365 0.468540
1.370 0.467970
1.375 0.467140
1.380 0.462130
1.385 0.461690
1.390 0.462450
1.395 0.461350
1.400 0.459140
1.405 0.459960
1.410 0.462440
1.415 0.465640
1.420 0.468560
1.425 0.473790
1.430 0.476210
1.435 0.477130
1.440 0.477330
1.445 0.476490
1.450 0.475250
1.455 0.473830
1.460 0.473180
1.465 0.473470
1.470 0.474390
1.475 0.474220
1.480 0.478090
1.485 0.479130
1.490 0.480430
1.495 0.481790
1.500 0.481340
1.505 0.484470
1.510 0.486140
1.515 0.485990
1.520 0.485080
1.525 0.486490
1.530 0.488120
1.535 0.488380
1.540 0.490260
1.545 0.491500
1.550 0.492770
1.555 0.493890
1.560 0.496310
1.565 0.497880
1.570 0.499150
1.575 0.496780
1.580 0.496220
1.585 0.497790
1.590 0.497390
1.595 0.496310
1.600 0.495770
1.605 0.494880
1.610 0.493020
1.615 0.491450
1.620 0.494970
1.625 0.492740
1.630 0.493670
1.635 0.498520
1.640 0.500080
1.645 0.499230
1.650 0.499940
1.655 0.501160
1.660 0.501350
1.665 0.505330
1.670 0.502600
1.675 0.500470
1.680 0.501400
1.685 0.502740
1.690 0.503440
1.695 0.502770
1.700 0.501730
1.705 0.501570
1.710 0.503300
1.715 0.504500
1.720 0.506620
1.725 0.507040
1.730 0.505760
1.735 0.504620
1.740 0.505480
1.745 0.505240
1.750 0.505200
1.755 0.505260
1.760 0.504450
1.765 0.505370
1.770 0.504520
1.775 0.505990
1.780 0.506790
1.785 0.509600
1.790 0.508910
1.795 0.507300
1.800 0.507040
1.805 0.507310
1.810 0.508360
1.815 0.508630
1.820 0.505630
1.825 0.504930
1.830 0.504050
1.835 0.504900
1.840 0.505890
1.845 0.505490
1.850 0.505840
1.855 0.506620
1.860 0.508180
1.865 0.502100
1.870 0.496540
1.875 0.490540
1.880 0.485580
1.885 0.477670
1.890 0.469100
1.895 0.459790
1.900 0.450220
1.905 0.445120
1.910 0.443930
1.915 0.444410
1.920 0.445170
1.925 0.445930
1.930 0.448760
1.935 0.451690
1.940 0.454660
1.945 0.455610
1.950 0.457200
1.955 0.459040
1.960 0.461590
1.965 0.462500
1.970 0.464330
1.975 0.466980
1.980 0.469200
1.985 0.476110
1.990 0.478590
1.995 0.479910
2.000 0.482840
2.005 0.484370
2.010 0.485160
2.015 0.486100
2.020 0.487090
2.025 0.485060
2.030 0.486360
2.035 0.489180
2.040 0.491240
2.045 0.488400
2.050 0.488380
2.055 0.488680
2.060 0.491020
2.065 0.494480
2.070 0.493720
2.075 0.492700
2.080 0.493320
2.085 0.494070
2.090 0.495390
2.095 0.494070
2.100 0.492950
2.105 0.493360
2.110 0.494460
2.115 0.493300
2.120 0.494410
2.125 0.493520
2.130 0.493780
2.135 0.493220
2.140 0.490660
2.145 0.488730
2.150 0.487830
2.155 0.485670
2.160 0.483010
2.165 0.480760
2.170 0.478940
2.175 0.476640
2.180 0.473110
2.185 0.469320
2.190 0.465970
2.195 0.462730
2.200 0.458470
2.205 0.452890
2.210 0.452300
2.215 0.460390
2.220 0.465270
2.225 0.469320
2.230 0.472400
2.235 0.472960
2.240 0.475170
2.245 0.475730
2.250 0.474310
2.255 0.474220
2.260 0.475170
2.265 0.475070
2.270 0.476500
2.275 0.475440
2.280 0.475280
2.285 0.473850
2.290 0.472770
2.295 0.471550
2.300 0.469260
2.305 0.466820
2.310 0.465550
2.315 0.461860
2.320 0.461240
2.325 0.458260
2.330 0.456000
2.335 0.453240
2.340 0.451180
2.345 0.449530
2.350 0.448830
2.355 0.448490
2.360 0.448920
2.365 0.448770
2.370 0.448830
2.375 0.447810
2.380 0.446570
2.385 0.445580
2.390 0.445930
2.395 0.445590
2.400 0.444150
2.405 0.444710
2.410 0.442650
2.415 0.440770
2.420 0.439190
2.425 0.436480
2.430 0.434230
2.435 0.430280
2.440 0.428470
2.445 0.427610
2.450 0.426620
2.455 0.425280
2.460 0.423150
2.465 0.422330
2.470 0.422060
2.475 0.420540
2.480 0.419090
2.485 0.417480
2.490 0.416200
2.495 0.415260
2.500 0.414790
