0.350 0.048316
0.355 0.050886
0.360 0.053456
0.365 0.055917
0.370 0.059624
0.375 0.064775
0.380 0.070932
0.385 0.078021
0.390 0.086352
0.395 0.096518
0.400 0.107940
0.405 0.120780
0.410 0.133640
0.415 0.147650
0.420 0.161400
0.425 0.174280
0.430 0.188120
0.435 0.200470
0.440 0.212800
0.445 0.225650
0.450 0.238500
0.455 0.250800
0.460 0.262140
0.465 0.274950
0.470 0.286810
0.475 0.299620
0.480 0.311480
0.485 0.325320
0.490 0.338210
0.495 0.350040
0.500 0.361860
0.505 0.373700
0.510 0.386530
0.515 0.400370
0.520 0.413260
0.525 0.427000
0.530 0.441010
0.535 0.454750
0.540 0.468770
0.545 0.483160
0.550 0.497550
0.555 0.511430
0.560 0.525310
0.565 0.540180
0.570 0.554090
0.575 0.568480
0.580 0.582880
0.585 0.596750
0.590 0.610630
0.595 0.624510
0.600 0.638390
0.605 0.651240
0.610 0.664090
0.615 0.676940
0.620 0.689790
0.625 0.701620
0.630 0.713430
0.635 0.724750
0.640 0.736050
0.645 0.746330
0.650 0.756610
0.655 0.767000
0.660 0.776140
0.665 0.785020
0.670 0.793620
0.675 0.801330
0.680 0.809040
0.685 0.816200
0.690 0.822400
0.695 0.828950
0.700 0.835760
0.705 0.841420
0.710 0.847070
0.715 0.852210
0.720 0.857350
0.725 0.861460
0.730 0.865580
0.735 0.869050
0.740 0.872770
0.745 0.875340
0.750 0.877910
0.755 0.880480
0.760 0.883050
0.765 0.885110
0.770 0.887160
0.775 0.889260
0.780 0.892300
0.785 0.893880
0.790 0.896420
0.795 0.898570
0.800 0.899500
0.805 0.902230
0.810 0.904360
0.815 0.906120
0.820 0.907720
0.825 0.909320
0.830 0.910910
0.835 0.912450
0.840 0.913890
0.845 0.915210
0.850 0.916460
0.855 0.917710
0.860 0.919030
0.865 0.920460
0.870 0.921790
0.875 0.922770
0.880 0.923140
0.885 0.922710
0.890 0.921690
0.895 0.920370
0.900 0.919030
0.905 0.917890
0.910 0.917000
0.915 0.916340
0.920 0.915950
0.925 0.915790
0.930 0.915700
0.935 0.915480
0.940 0.914920
0.945 0.913820
0.950 0.912120
0.955 0.909780
0.960 0.906700
0.965 0.902870
0.970 0.898700
0.975 0.894670
0.980 0.891280
0.985 0.888930
0.990 0.887550
0.995 0.887000
1.000 0.887160
1.005 0.887940
1.010 0.889170
1.015 0.890670
1.020 0.892300
1.025 0.893940
1.030 0.895520
1.035 0.897040
1.040 0.898470
1.045 0.899790
1.050 0.901040
1.055 0.902300
1.060 0.903610
1.065 0.905030
1.070 0.906550
1.075 0.908140
1.080 0.909780
1.085 0.911430
1.090 0.912950
1.095 0.914170
1.100 0.914920
1.105 0.914990
1.110 0.914170
1.115 0.912190
1.120 0.908750
1.125 0.903630
1.130 0.897170
1.135 0.889830
1.140 0.882020
1.145 0.874100
1.150 0.866220
1.155 0.858540
1.160 0.851180
1.165 0.844280
1.170 0.837750
1.175 0.831510
1.180 0.825480
1.185 0.819660
1.190 0.814250
1.195 0.809570
1.200 0.805950
1.205 0.803680
1.210 0.802760
1.215 0.803170
1.220 0.804920
1.225 0.808010
1.230 0.811970
1.235 0.816250
1.240 0.820340
1.245 0.823830
1.250 0.826760
1.255 0.829330
1.260 0.831650
1.265 0.833870
1.270 0.836090
1.275 0.838400
1.280 0.840900
1.285 0.843630
1.290 0.846320
1.295 0.848620
1.300 0.850160
1.305 0.850600
1.310 0.849820
1.315 0.847680
1.320 0.843990
1.325 0.838580
1.330 0.831560
1.335 0.823060
1.340 0.813150
1.345 0.801970
1.350 0.790280
1.355 0.778970
1.360 0.768940
1.365 0.760810
1.370 0.753830
1.375 0.746950
1.380 0.739130
1.385 0.729420
1.390 0.717290
1.395 0.702240
1.400 0.683620
1.405 0.661170
1.410 0.636630
1.415 0.612190
1.420 0.590070
1.425 0.572040
1.430 0.557950
1.435 0.547280
1.440 0.539700
1.445 0.534890
1.450 0.532080
1.455 0.530510
1.460 0.529420
1.465 0.528300
1.470 0.527330
1.475 0.526880
1.480 0.527360
1.485 0.529070
1.490 0.531740
1.495 0.535050
1.500 0.538670
1.505 0.542340
1.510 0.545880
1.515 0.549160
1.520 0.552040
1.525 0.554400
1.530 0.556410
1.535 0.558290
1.540 0.560260
1.545 0.562460
1.550 0.564830
1.555 0.567220
1.560 0.569510
1.565 0.571630
1.570 0.573730
1.575 0.576030
1.580 0.578760
1.585 0.582120
1.590 0.586130
1.595 0.590820
1.600 0.596240
1.605 0.602390
1.610 0.608960
1.615 0.615600
1.620 0.621940
1.625 0.627640
1.630 0.632450
1.635 0.636140
1.640 0.638390
1.645 0.638980
1.650 0.638230
1.655 0.636550
1.660 0.634280
1.665 0.631720
1.670 0.629070
1.675 0.626440
1.680 0.624000
1.685 0.621820
1.690 0.619820
1.695 0.617860
1.700 0.615770
1.705 0.613490
1.710 0.611190
1.715 0.609130
1.720 0.607550
1.725 0.606640
1.730 0.606180
1.735 0.605890
1.740 0.605490
1.745 0.604760
1.750 0.603760
1.755 0.602600
1.760 0.601380
1.765 0.600210
1.770 0.599220
1.775 0.598530
1.780 0.598300
1.785 0.598620
1.790 0.599370
1.795 0.600350
1.800 0.601380
1.805 0.602330
1.810 0.603270
1.815 0.604280
1.820 0.605490
1.825 0.606970
1.830 0.608700
1.835 0.610620
1.840 0.612690
1.845 0.614780
1.850 0.616410
1.855 0.616960
1.860 0.615770
1.865 0.612140
1.870 0.605340
1.875 0.594560
1.880 0.578760
1.885 0.557290
1.890 0.531610
1.895 0.503570
1.900 0.474940
1.905 0.447380
1.910 0.422480
1.915 0.401910
1.920 0.387560
1.925 0.380790
1.930 0.380150
1.935 0.383680
1.940 0.389610
1.945 0.396540
1.950 0.404070
1.955 0.412070
1.960 0.420450
1.965 0.429090
1.970 0.437780
1.975 0.446290
1.980 0.454380
1.985 0.461790
1.990 0.468350
1.995 0.473840
2.000 0.478020
2.005 0.480630
2.010 0.481570
2.015 0.480770
2.020 0.478020
2.025 0.473200
2.030 0.466690
2.035 0.458920
2.040 0.450260
2.045 0.441090
2.050 0.431770
2.055 0.422700
2.060 0.414280
2.065 0.406870
2.070 0.400470
2.075 0.395050
2.080 0.390640
2.085 0.387260
2.090 0.384810
2.095 0.383210
2.100 0.382420
2.105 0.382380
2.110 0.382970
2.115 0.384040
2.120 0.385500
2.125 0.387260
2.130 0.389350
2.135 0.391820
2.140 0.394750
2.145 0.398200
2.150 0.402130
2.155 0.406470
2.160 0.411200
2.165 0.416250
2.170 0.421380
2.175 0.426310
2.180 0.430730
2.185 0.434420
2.190 0.437450
2.195 0.439950
2.200 0.442040
2.205 0.443730
2.210 0.444740
2.215 0.444660
2.220 0.443070
2.225 0.439520
2.230 0.433830
2.235 0.425810
2.240 0.415140
2.245 0.401810
2.250 0.387310
2.255 0.373500
2.260 0.362270
2.265 0.355070
2.270 0.351290
2.275 0.349960
2.280 0.350190
2.285 0.351190
2.290 0.352340
2.295 0.353010
2.300 0.352560
2.305 0.350530
2.310 0.347280
2.315 0.343340
2.320 0.339220
2.325 0.335380
2.330 0.332220
2.335 0.330180
2.340 0.329710
2.345 0.331120
2.350 0.333800
2.355 0.336930
2.360 0.339740
2.365 0.341610
2.370 0.342640
2.375 0.343070
2.380 0.343100
2.385 0.342910
2.390 0.342580
2.395 0.342140
2.400 0.341660
2.405 0.341100
2.410 0.340170
2.415 0.338480
2.420 0.335600
2.425 0.331210
2.430 0.325480
2.435 0.318670
2.440 0.311000
2.445 0.302670
2.450 0.293980
2.455 0.285230
2.460 0.276740
2.465 0.268830
2.470 0.261810
2.475 0.256050
2.480 0.251950
2.485 0.249820
2.490 0.249240
2.495 0.249680
2.500 0.250640
