0.350 0.180500
0.355 0.198550
0.360 0.216600
0.365 0.234650
0.370 0.252700
0.375 0.270750
0.380 0.288800
0.385 0.306850
0.390 0.324900
0.395 0.342950
0.400 0.361000
0.405 0.363330
0.410 0.367330
0.415 0.371670
0.420 0.376000
0.425 0.382670
0.430 0.388000
0.435 0.393670
0.440 0.398670
0.445 0.403670
0.450 0.406000
0.455 0.407330
0.460 0.409000
0.465 0.409000
0.470 0.413000
0.475 0.416330
0.480 0.419000
0.485 0.424670
0.490 0.427000
0.495 0.430000
0.500 0.433330
0.505 0.438000
0.510 0.442330
0.515 0.446000
0.520 0.452670
0.525 0.454330
0.530 0.463670
0.535 0.462330
0.540 0.467670
0.545 0.473000
0.550 0.473330
0.555 0.478000
0.560 0.483000
0.565 0.485330
0.570 0.489330
0.575 0.493670
0.580 0.498670
0.585 0.495670
0.590 0.496670
0.595 0.499670
0.600 0.503000
0.605 0.503330
0.610 0.505330
0.615 0.505670
0.620 0.507000
0.625 0.511000
0.630 0.511000
0.635 0.514330
0.640 0.516000
0.645 0.513670
0.650 0.520330
0.655 0.524330
0.660 0.524670
0.665 0.526000
0.670 0.527330
0.675 0.529000
0.680 0.533330
0.685 0.534000
0.690 0.535670
0.695 0.539000
0.700 0.539670
0.705 0.540000
0.710 0.544000
0.715 0.543000
0.720 0.546330
0.725 0.547330
0.730 0.550000
0.735 0.552000
0.740 0.554670
0.745 0.554000
0.750 0.556000
0.755 0.555670
0.760 0.557000
0.765 0.556670
0.770 0.558000
0.775 0.560000
0.780 0.560330
0.785 0.558330
0.790 0.559330
0.795 0.558670
0.800 0.564000
0.805 0.564730
0.810 0.565590
0.815 0.566080
0.820 0.566670
0.825 0.568030
0.830 0.566780
0.835 0.567540
0.840 0.567330
0.845 0.569850
0.850 0.568770
0.855 0.571140
0.860 0.569000
0.865 0.571920
0.870 0.571490
0.875 0.574210
0.880 0.574330
0.885 0.574680
0.890 0.576610
0.895 0.575790
0.900 0.577000
0.905 0.578770
0.910 0.579220
0.915 0.579070
0.920 0.580000
0.925 0.579570
0.930 0.579760
0.935 0.580810
0.940 0.581000
0.945 0.579670
0.950 0.581400
0.955 0.579510
0.960 0.582330
0.965 0.581750
0.970 0.580840
0.975 0.583120
0.980 0.581330
0.985 0.584950
0.990 0.585620
0.995 0.583220
1.000 0.584330
1.005 0.583190
1.010 0.583780
1.015 0.582290
1.020 0.587000
1.025 0.581020
1.030 0.583680
1.035 0.583590
1.040 0.584330
1.045 0.584260
1.050 0.586010
1.055 0.589530
1.060 0.591330
1.065 0.590470
1.070 0.590470
1.075 0.596100
1.080 0.598000
1.085 0.595580
1.090 0.596530
1.095 0.597730
1.100 0.601000
1.105 0.602450
1.110 0.603330
1.115 0.602410
1.120 0.601330
1.125 0.601410
1.130 0.604440
1.135 0.606420
1.140 0.606330
1.145 0.603990
1.150 0.607430
1.155 0.608610
1.160 0.611000
1.165 0.612690
1.170 0.611300
1.175 0.611930
1.180 0.612670
1.185 0.611490
1.190 0.612850
1.195 0.612590
1.200 0.613330
1.205 0.613850
1.210 0.614150
1.215 0.612880
1.220 0.612330
1.225 0.612790
1.230 0.612870
1.235 0.613840
1.240 0.610670
1.245 0.612880
1.250 0.614600
1.255 0.616840
1.260 0.619330
1.265 0.621300
1.270 0.618460
1.275 0.619480
1.280 0.623000
1.285 0.623970
1.290 0.624570
1.295 0.624480
1.300 0.625330
1.305 0.626470
1.310 0.629470
1.315 0.632660
1.320 0.632000
1.325 0.631370
1.330 0.631000
1.335 0.629110
1.340 0.629330
1.345 0.628360
1.350 0.627900
1.355 0.624690
1.360 0.620330
1.365 0.627510
1.370 0.619960
1.375 0.610110
1.380 0.606670
1.385 0.603890
1.390 0.606070
1.395 0.604200
1.400 0.601000
1.405 0.597730
1.410 0.597920
1.415 0.599130
1.420 0.598000
1.425 0.594330
1.430 0.594100
1.435 0.594800
1.440 0.595330
1.445 0.598020
1.450 0.598120
1.455 0.600030
1.460 0.600000
1.465 0.603330
1.470 0.605030
1.475 0.606280
1.480 0.608330
1.485 0.610840
1.490 0.612210
1.495 0.612890
1.500 0.613000
1.505 0.615020
1.510 0.617100
1.515 0.621790
1.520 0.627670
1.525 0.627360
1.530 0.623790
1.535 0.627600
1.540 0.629670
1.545 0.630970
1.550 0.635240
1.555 0.636990
1.560 0.637000
1.565 0.639400
1.570 0.638040
1.575 0.639500
1.580 0.641000
1.585 0.640950
1.590 0.640990
1.595 0.642770
1.600 0.642330
1.605 0.642870
1.610 0.642870
1.615 0.642650
1.620 0.645000
1.625 0.642650
1.630 0.641870
1.635 0.642570
1.640 0.642000
1.645 0.643880
1.650 0.645160
1.655 0.644360
1.660 0.641330
1.665 0.640270
1.670 0.639360
1.675 0.638280
1.680 0.638330
1.685 0.635850
1.690 0.635360
1.695 0.634710
1.700 0.633670
1.705 0.634650
1.710 0.632710
1.715 0.630080
1.720 0.629330
1.725 0.631200
1.730 0.631560
1.735 0.631150
1.740 0.631330
1.745 0.633130
1.750 0.635610
1.755 0.636740
1.760 0.636330
1.765 0.637370
1.770 0.635360
1.775 0.633070
1.780 0.633670
1.785 0.631710
1.790 0.628890
1.795 0.626980
1.800 0.622000
1.805 0.616270
1.810 0.611530
1.815 0.612920
1.820 0.605330
1.825 0.604990
1.830 0.601270
1.835 0.597650
1.840 0.592330
1.845 0.586040
1.850 0.582900
1.855 0.579520
1.860 0.579330
1.865 0.583350
1.870 0.582940
1.875 0.577140
1.880 0.567670
1.885 0.551970
1.890 0.538640
1.895 0.526010
1.900 0.516330
1.905 0.514130
1.910 0.512010
1.915 0.508010
1.920 0.506000
1.925 0.503610
1.930 0.502740
1.935 0.503130
1.940 0.504330
1.945 0.505720
1.950 0.507780
1.955 0.505130
1.960 0.504000
1.965 0.508620
1.970 0.511440
1.975 0.516550
1.980 0.522670
1.985 0.527870
1.990 0.533930
1.995 0.541230
2.000 0.551330
2.005 0.552350
2.010 0.557790
2.015 0.562240
2.020 0.564330
2.025 0.567240
2.030 0.569440
2.035 0.570750
2.040 0.575670
2.045 0.577310
2.050 0.575640
2.055 0.575800
2.060 0.576000
2.065 0.577750
2.070 0.578300
2.075 0.580460
2.080 0.578000
2.085 0.577790
2.090 0.576630
2.095 0.570740
2.100 0.575670
2.105 0.562770
2.110 0.564490
2.115 0.557170
2.120 0.553080
2.125 0.542990
2.130 0.538950
2.135 0.536490
2.140 0.533800
2.145 0.535560
2.150 0.532560
2.155 0.539210
2.160 0.538840
2.165 0.543970
2.170 0.545340
2.175 0.550040
2.180 0.544470
2.185 0.543130
2.190 0.534910
2.195 0.528670
2.200 0.522940
2.205 0.513870
2.210 0.504070
2.215 0.497290
2.220 0.488960
2.225 0.480060
2.230 0.470790
2.235 0.460640
2.240 0.446750
2.245 0.433730
2.250 0.418500
2.255 0.401420
2.260 0.388610
2.265 0.375040
2.270 0.363620
2.275 0.359650
2.280 0.354940
2.285 0.348920
2.290 0.340030
2.295 0.333690
2.300 0.324990
2.305 0.320150
2.310 0.314330
2.315 0.308880
2.320 0.303780
2.325 0.303580
2.330 0.307750
2.335 0.322990
2.340 0.340970
2.345 0.365250
2.350 0.398930
2.355 0.424570
2.360 0.444370
2.365 0.453220
2.370 0.463620
2.375 0.462210
2.380 0.454240
2.385 0.448250
2.390 0.445570
2.395 0.441040
2.400 0.431160
2.405 0.426410
2.410 0.417980
2.415 0.411050
2.420 0.395160
2.425 0.380890
2.430 0.364330
2.435 0.352430
2.440 0.336510
2.445 0.320900
2.450 0.307260
2.455 0.295260
2.460 0.290350
2.465 0.284800
2.470 0.280630
2.475 0.275940
2.480 0.271370
2.485 0.261600
2.490 0.252990
2.495 0.244650
2.500 0.238520
