0.350 0.006626
0.355 0.007288
0.360 0.007951
0.365 0.008613
0.370 0.009276
0.375 0.009938
0.380 0.010601
0.385 0.011263
0.390 0.011926
0.395 0.012588
0.400 0.013251
0.405 0.014966
0.410 0.019610
0.415 0.023896
0.420 0.026309
0.425 0.034590
0.430 0.040709
0.435 0.045449
0.440 0.052178
0.445 0.054846
0.450 0.061678
0.455 0.058788
0.460 0.063881
0.465 0.066923
0.470 0.066696
0.475 0.069357
0.480 0.077781
0.485 0.080906
0.490 0.084740
0.495 0.090945
0.500 0.091416
0.505 0.095685
0.510 0.103280
0.515 0.107250
0.520 0.113560
0.525 0.115860
0.530 0.120960
0.535 0.127520
0.540 0.130740
0.545 0.135780
0.550 0.139390
0.555 0.145400
0.560 0.149630
0.565 0.158740
0.570 0.157270
0.575 0.162080
0.580 0.169030
0.585 0.173280
0.590 0.171230
0.595 0.176270
0.600 0.177210
0.605 0.179630
0.610 0.181770
0.615 0.185620
0.620 0.189750
0.625 0.191840
0.630 0.191900
0.635 0.200380
0.640 0.196470
0.645 0.201310
0.650 0.206720
0.655 0.204250
0.660 0.210600
0.665 0.210040
0.670 0.215350
0.675 0.215830
0.680 0.220160
0.685 0.224230
0.690 0.223410
0.695 0.223710
0.700 0.229140
0.705 0.229300
0.710 0.232850
0.715 0.234580
0.720 0.237650
0.725 0.240640
0.730 0.242790
0.735 0.244240
0.740 0.248030
0.745 0.248940
0.750 0.248770
0.755 0.253750
0.760 0.253690
0.765 0.254720
0.770 0.260360
0.775 0.261910
0.780 0.261220
0.785 0.262220
0.790 0.262790
0.795 0.262960
0.800 0.265400
0.805 0.264030
0.810 0.268330
0.815 0.269970
0.820 0.272090
0.825 0.273970
0.830 0.273710
0.835 0.273360
0.840 0.273730
0.845 0.276290
0.850 0.276230
0.855 0.275580
0.860 0.277560
0.865 0.279390
0.870 0.279740
0.875 0.280450
0.880 0.283500
0.885 0.284070
0.890 0.285050
0.895 0.286540
0.900 0.287810
0.905 0.291070
0.910 0.291220
0.915 0.291120
0.920 0.293940
0.925 0.293680
0.930 0.296020
0.935 0.297680
0.940 0.298110
0.945 0.300340
0.950 0.300830
0.955 0.302320
0.960 0.301330
0.965 0.304880
0.970 0.306010
0.975 0.305920
0.980 0.306910
0.985 0.307750
0.990 0.311400
0.995 0.313280
1.000 0.313790
1.005 0.316540
1.010 0.317150
1.015 0.319860
1.020 0.320120
1.025 0.323180
1.030 0.321710
1.035 0.320300
1.040 0.323180
1.045 0.330360
1.050 0.331630
1.055 0.330880
1.060 0.325540
1.065 0.331250
1.070 0.334330
1.075 0.333660
1.080 0.332610
1.085 0.337290
1.090 0.336250
1.095 0.337100
1.100 0.343490
1.105 0.342520
1.110 0.342200
1.115 0.344000
1.120 0.344770
1.125 0.343630
1.130 0.343670
1.135 0.344850
1.140 0.347950
1.145 0.348410
1.150 0.347570
1.155 0.346800
1.160 0.348600
1.165 0.348520
1.170 0.349980
1.175 0.353980
1.180 0.358770
1.185 0.359170
1.190 0.359770
1.195 0.360370
1.200 0.359860
1.205 0.359680
1.210 0.362970
1.215 0.368270
1.220 0.370950
1.225 0.366300
1.230 0.363610
1.235 0.362960
1.240 0.363230
1.245 0.366640
1.250 0.369600
1.255 0.372700
1.260 0.375130
1.265 0.375200
1.270 0.374980
1.275 0.376550
1.280 0.378640
1.285 0.378660
1.290 0.377730
1.295 0.378230
1.300 0.379490
1.305 0.380110
1.310 0.381700
1.315 0.382250
1.320 0.382920
1.325 0.382430
1.330 0.381210
1.335 0.381770
1.340 0.380420
1.345 0.383170
1.350 0.382690
1.355 0.383330
1.360 0.383320
1.365 0.384790
1.370 0.383840
1.375 0.382410
1.380 0.384190
1.385 0.382970
1.390 0.381570
1.395 0.380670
1.400 0.380050
1.405 0.377790
1.410 0.374600
1.415 0.376560
1.420 0.379470
1.425 0.381900
1.430 0.381500
1.435 0.381930
1.440 0.383930
1.445 0.384430
1.450 0.385560
1.455 0.387520
1.460 0.387030
1.465 0.387230
1.470 0.387770
1.475 0.388530
1.480 0.391680
1.485 0.393750
1.490 0.394510
1.495 0.394950
1.500 0.395060
1.505 0.395800
1.510 0.395590
1.515 0.395270
1.520 0.392070
1.525 0.395010
1.530 0.399400
1.535 0.401140
1.540 0.397460
1.545 0.398430
1.550 0.399680
1.555 0.401250
1.560 0.402810
1.565 0.401400
1.570 0.401080
1.575 0.402040
1.580 0.402370
1.585 0.400870
1.590 0.401730
1.595 0.402360
1.600 0.401050
1.605 0.401470
1.610 0.401810
1.615 0.401700
1.620 0.405790
1.625 0.404240
1.630 0.405450
1.635 0.407390
1.640 0.407690
1.645 0.406010
1.650 0.405260
1.655 0.406550
1.660 0.407650
1.665 0.405020
1.670 0.406200
1.675 0.408010
1.680 0.408170
1.685 0.408020
1.690 0.409170
1.695 0.408600
1.700 0.409890
1.705 0.409610
1.710 0.408890
1.715 0.409060
1.720 0.410810
1.725 0.410750
1.730 0.410240
1.735 0.410310
1.740 0.410250
1.745 0.410070
1.750 0.412290
1.755 0.413460
1.760 0.411220
1.765 0.410730
1.770 0.410160
1.775 0.410750
1.780 0.412950
1.785 0.411800
1.790 0.411700
1.795 0.412240
1.800 0.413340
1.805 0.412020
1.810 0.413340
1.815 0.414190
1.820 0.413290
1.825 0.414670
1.830 0.414640
1.835 0.414340
1.840 0.414960
1.845 0.414360
1.850 0.413560
1.855 0.413070
1.860 0.415110
1.865 0.414190
1.870 0.410370
1.875 0.408220
1.880 0.405760
1.885 0.401160
1.890 0.398700
1.895 0.392210
1.900 0.383080
1.905 0.378480
1.910 0.378030
1.915 0.376030
1.920 0.376320
1.925 0.378430
1.930 0.379460
1.935 0.379950
1.940 0.385390
1.945 0.385220
1.950 0.385960
1.955 0.386690
1.960 0.386800
1.965 0.387310
1.970 0.389260
1.975 0.391750
1.980 0.394000
1.985 0.395530
1.990 0.397380
1.995 0.398930
2.000 0.400590
2.005 0.403340
2.010 0.404040
2.015 0.403910
2.020 0.403930
2.025 0.404240
2.030 0.404850
2.035 0.405430
2.040 0.405510
2.045 0.407360
2.050 0.408950
2.055 0.407900
2.060 0.408700
2.065 0.410290
2.070 0.408560
2.075 0.409380
2.080 0.410840
2.085 0.412550
2.090 0.410190
2.095 0.411480
2.100 0.411680
2.105 0.412620
2.110 0.411080
2.115 0.413580
2.120 0.412790
2.125 0.410380
2.130 0.409970
2.135 0.411530
2.140 0.410860
2.145 0.410360
2.150 0.409700
2.155 0.409950
2.160 0.409090
2.165 0.407890
2.170 0.403860
2.175 0.406160
2.180 0.404950
2.185 0.403690
2.190 0.402790
2.195 0.401920
2.200 0.399680
2.205 0.401470
2.210 0.399940
2.215 0.403530
2.220 0.406750
2.225 0.406550
2.230 0.406770
2.235 0.407460
2.240 0.406490
2.245 0.405720
2.250 0.406460
2.255 0.405750
2.260 0.403860
2.265 0.404220
2.270 0.403960
2.275 0.404790
2.280 0.403160
2.285 0.402540
2.290 0.403160
2.295 0.403200
2.300 0.401820
2.305 0.400170
2.310 0.399800
2.315 0.400290
2.320 0.398420
2.325 0.399760
2.330 0.398740
2.335 0.399120
2.340 0.395990
2.345 0.396590
2.350 0.395500
2.355 0.395030
2.360 0.394350
2.365 0.394930
2.370 0.394820
2.375 0.393410
2.380 0.394220
2.385 0.392680
2.390 0.392160
2.395 0.391590
2.400 0.391810
2.405 0.389540
2.410 0.390810
2.415 0.388560
2.420 0.389000
2.425 0.387700
2.430 0.385340
2.435 0.384360
2.440 0.382090
2.445 0.381970
2.450 0.381740
2.455 0.379310
2.460 0.379200
2.465 0.378560
2.470 0.377120
2.475 0.376290
2.480 0.374790
2.485 0.375530
2.490 0.373120
2.495 0.372490
2.500 0.372600
