0.350 0.018188
0.355 0.020007
0.360 0.021826
0.365 0.023644
0.370 0.025463
0.375 0.027282
0.380 0.029101
0.385 0.030920
0.390 0.032738
0.395 0.034557
0.400 0.036376
0.405 0.042662
0.410 0.049234
0.415 0.056104
0.420 0.063547
0.425 0.071519
0.430 0.078311
0.435 0.086210
0.440 0.091834
0.445 0.097505
0.450 0.104590
0.455 0.109920
0.460 0.113310
0.465 0.118730
0.470 0.122900
0.475 0.128370
0.480 0.131700
0.485 0.135470
0.490 0.138750
0.495 0.143400
0.500 0.147150
0.505 0.150930
0.510 0.155000
0.515 0.160830
0.520 0.166740
0.525 0.173390
0.530 0.178190
0.535 0.183800
0.540 0.188250
0.545 0.190500
0.550 0.193410
0.555 0.196930
0.560 0.198470
0.565 0.200990
0.570 0.201410
0.575 0.202090
0.580 0.204100
0.585 0.204420
0.590 0.206870
0.595 0.207760
0.600 0.209220
0.605 0.211480
0.610 0.211800
0.615 0.214230
0.620 0.216210
0.625 0.217890
0.630 0.219220
0.635 0.220950
0.640 0.222430
0.645 0.224600
0.650 0.225790
0.655 0.226970
0.660 0.228370
0.665 0.229760
0.670 0.229970
0.675 0.230820
0.680 0.232660
0.685 0.236150
0.690 0.238870
0.695 0.244910
0.700 0.254460
0.705 0.266310
0.710 0.278960
0.715 0.292680
0.720 0.308110
0.725 0.326340
0.730 0.346410
0.735 0.366160
0.740 0.385220
0.745 0.403230
0.750 0.416680
0.755 0.426980
0.760 0.435230
0.765 0.439700
0.770 0.443740
0.775 0.448010
0.780 0.448740
0.785 0.449560
0.790 0.451760
0.795 0.453700
0.800 0.453530
0.805 0.455180
0.810 0.455940
0.815 0.456830
0.820 0.457670
0.825 0.457950
0.830 0.458620
0.835 0.459750
0.840 0.460990
0.845 0.462080
0.850 0.462620
0.855 0.462050
0.860 0.461120
0.865 0.460680
0.870 0.460630
0.875 0.461010
0.880 0.461700
0.885 0.462680
0.890 0.463700
0.895 0.464010
0.900 0.463210
0.905 0.462260
0.910 0.461790
0.915 0.461800
0.920 0.462280
0.925 0.463010
0.930 0.463600
0.935 0.463050
0.940 0.461290
0.945 0.459570
0.950 0.457570
0.955 0.454810
0.960 0.452210
0.965 0.451400
0.970 0.452360
0.975 0.451390
0.980 0.451570
0.985 0.451670
0.990 0.451780
0.995 0.452940
1.000 0.453890
1.005 0.454280
1.010 0.454000
1.015 0.455780
1.020 0.458050
1.025 0.459290
1.030 0.460440
1.035 0.461730
1.040 0.463890
1.045 0.463440
1.050 0.464620
1.055 0.465150
1.060 0.465400
1.065 0.465880
1.070 0.465560
1.075 0.464970
1.080 0.466980
1.085 0.467890
1.090 0.466080
1.095 0.466400
1.100 0.466270
1.105 0.464870
1.110 0.466170
1.115 0.464590
1.120 0.463780
1.125 0.462600
1.130 0.459810
1.135 0.455050
1.140 0.447910
1.145 0.441570
1.150 0.437590
1.155 0.432840
1.160 0.429030
1.165 0.427170
1.170 0.425760
1.175 0.423320
1.180 0.422030
1.185 0.421590
1.190 0.421550
1.195 0.420880
1.200 0.420260
1.205 0.420210
1.210 0.419270
1.215 0.420610
1.220 0.422550
1.225 0.422300
1.230 0.423680
1.235 0.424780
1.240 0.425840
1.245 0.427230
1.250 0.428380
1.255 0.430050
1.260 0.430310
1.265 0.430620
1.270 0.430290
1.275 0.429990
1.280 0.430270
1.285 0.430180
1.290 0.429110
1.295 0.427590
1.300 0.426330
1.305 0.424570
1.310 0.421660
1.315 0.419270
1.320 0.415020
1.325 0.410840
1.330 0.406190
1.335 0.401150
1.340 0.396800
1.345 0.390170
1.350 0.384720
1.355 0.381310
1.360 0.376250
1.365 0.371780
1.370 0.366960
1.375 0.359850
1.380 0.351160
1.385 0.340690
1.390 0.325990
1.395 0.311580
1.400 0.299910
1.405 0.286060
1.410 0.275650
1.415 0.264970
1.420 0.255720
1.425 0.248910
1.430 0.242860
1.435 0.239800
1.440 0.236150
1.445 0.234030
1.450 0.233390
1.455 0.233150
1.460 0.233330
1.465 0.234300
1.470 0.232560
1.475 0.235120
1.480 0.236950
1.485 0.239910
1.490 0.241990
1.495 0.244840
1.500 0.247870
1.505 0.250410
1.510 0.252530
1.515 0.256150
1.520 0.259940
1.525 0.262360
1.530 0.266270
1.535 0.268270
1.540 0.272130
1.545 0.274310
1.550 0.276820
1.555 0.280190
1.560 0.282220
1.565 0.282920
1.570 0.284870
1.575 0.286780
1.580 0.288980
1.585 0.291650
1.590 0.294250
1.595 0.296420
1.600 0.299100
1.605 0.302390
1.610 0.304210
1.615 0.306370
1.620 0.309100
1.625 0.310810
1.630 0.312620
1.635 0.314380
1.640 0.315420
1.645 0.315900
1.650 0.316990
1.655 0.318000
1.660 0.317370
1.665 0.317840
1.670 0.317710
1.675 0.315120
1.680 0.312760
1.685 0.311660
1.690 0.311690
1.695 0.311310
1.700 0.310590
1.705 0.310120
1.710 0.307210
1.715 0.302370
1.720 0.301010
1.725 0.300320
1.730 0.297270
1.735 0.296280
1.740 0.297210
1.745 0.296920
1.750 0.296420
1.755 0.295780
1.760 0.293100
1.765 0.290490
1.770 0.289870
1.775 0.288880
1.780 0.288310
1.785 0.290400
1.790 0.290820
1.795 0.288510
1.800 0.288170
1.805 0.289360
1.810 0.290160
1.815 0.290270
1.820 0.289680
1.825 0.289240
1.830 0.289710
1.835 0.290340
1.840 0.290290
1.845 0.289360
1.850 0.287290
1.855 0.284230
1.860 0.279920
1.865 0.273630
1.870 0.264340
1.875 0.253590
1.880 0.242520
1.885 0.229970
1.890 0.214650
1.895 0.199170
1.900 0.186240
1.905 0.175260
1.910 0.165830
1.915 0.158400
1.920 0.153960
1.925 0.151800
1.930 0.151610
1.935 0.152820
1.940 0.155080
1.945 0.157310
1.950 0.158760
1.955 0.161170
1.960 0.166300
1.965 0.171770
1.970 0.175140
1.975 0.177340
1.980 0.179450
1.985 0.182120
1.990 0.185710
1.995 0.188820
2.000 0.190120
2.005 0.191230
2.010 0.193600
2.015 0.195300
2.020 0.194320
2.025 0.192580
2.030 0.191920
2.035 0.190990
2.040 0.188330
2.045 0.185460
2.050 0.183940
2.055 0.182790
2.060 0.181010
2.065 0.179240
2.070 0.178360
2.075 0.178630
2.080 0.180140
2.085 0.180620
2.090 0.178050
2.095 0.176020
2.100 0.178070
2.105 0.181270
2.110 0.182630
2.115 0.183330
2.120 0.184800
2.125 0.186540
2.130 0.187960
2.135 0.189690
2.140 0.192250
2.145 0.194130
2.150 0.193950
2.155 0.193980
2.160 0.196490
2.165 0.199600
2.170 0.201280
2.175 0.201850
2.180 0.201740
2.185 0.201750
2.190 0.202530
2.195 0.203580
2.200 0.204430
2.205 0.205310
2.210 0.206460
2.215 0.207280
2.220 0.207030
2.225 0.205630
2.230 0.202940
2.235 0.199900
2.240 0.197170
2.245 0.193890
2.250 0.189260
2.255 0.185320
2.260 0.184040
2.265 0.183100
2.270 0.180220
2.275 0.177090
2.280 0.175620
2.285 0.175340
2.290 0.175500
2.295 0.174520
2.300 0.171040
2.305 0.167390
2.310 0.165870
2.315 0.165120
2.320 0.163720
2.325 0.162220
2.330 0.161300
2.335 0.160310
2.340 0.158550
2.345 0.156650
2.350 0.155360
2.355 0.155070
2.360 0.156110
2.365 0.157250
2.370 0.157240
2.375 0.156310
2.380 0.154720
2.385 0.153120
2.390 0.152140
2.395 0.151510
2.400 0.150560
2.405 0.148780
2.410 0.146500
2.415 0.144060
2.420 0.141630
2.425 0.139290
2.430 0.136970
2.435 0.134620
2.440 0.132130
2.445 0.129400
2.450 0.126560
2.455 0.123690
2.460 0.120890
2.465 0.118290
2.470 0.116100
2.475 0.114210
2.480 0.112470
2.485 0.110850
2.490 0.109400
2.495 0.108290
2.500 0.107850
