0.350 0.016457
0.355 0.018103
0.360 0.019748
0.365 0.021394
0.370 0.023040
0.375 0.024686
0.380 0.026331
0.385 0.027977
0.390 0.029623
0.395 0.031268
0.400 0.032914
0.405 0.033759
0.410 0.033331
0.415 0.033689
0.420 0.033276
0.425 0.034013
0.430 0.031555
0.435 0.031913
0.440 0.031544
0.445 0.031560
0.450 0.032371
0.455 0.033304
0.460 0.032719
0.465 0.032851
0.470 0.032247
0.475 0.032269
0.480 0.032375
0.485 0.032170
0.490 0.032581
0.495 0.032821
0.500 0.033814
0.505 0.036053
0.510 0.040457
0.515 0.048391
0.520 0.059995
0.525 0.074847
0.530 0.089132
0.535 0.099527
0.540 0.105900
0.545 0.110040
0.550 0.113140
0.555 0.114440
0.560 0.111210
0.565 0.103550
0.570 0.093390
0.575 0.082745
0.580 0.074335
0.585 0.068709
0.590 0.064591
0.595 0.062222
0.600 0.060439
0.605 0.058705
0.610 0.055475
0.615 0.051692
0.620 0.048523
0.625 0.046736
0.630 0.046100
0.635 0.045286
0.640 0.042716
0.645 0.039280
0.650 0.036712
0.655 0.035368
0.660 0.033841
0.665 0.032524
0.670 0.031934
0.675 0.032348
0.680 0.033383
0.685 0.035529
0.690 0.042128
0.695 0.065123
0.700 0.114120
0.705 0.184470
0.710 0.263250
0.715 0.345020
0.720 0.424940
0.725 0.497790
0.730 0.559040
0.735 0.606680
0.740 0.642140
0.745 0.667520
0.750 0.684460
0.755 0.695780
0.760 0.702890
0.765 0.707640
0.770 0.710840
0.775 0.713210
0.780 0.715230
0.785 0.717130
0.790 0.718640
0.795 0.720350
0.800 0.721920
0.805 0.723730
0.810 0.725420
0.815 0.727420
0.820 0.728960
0.825 0.730820
0.830 0.732330
0.835 0.734090
0.840 0.735850
0.845 0.737600
0.850 0.739520
0.855 0.741250
0.860 0.742740
0.865 0.744160
0.870 0.745530
0.875 0.746740
0.880 0.747800
0.885 0.748720
0.890 0.749840
0.895 0.750510
0.900 0.751300
0.905 0.751980
0.910 0.752670
0.915 0.753460
0.920 0.753910
0.925 0.754040
0.930 0.753510
0.935 0.752660
0.940 0.751420
0.945 0.749730
0.950 0.746920
0.955 0.742300
0.960 0.738430
0.965 0.736080
0.970 0.735570
0.975 0.735850
0.980 0.736760
0.985 0.738870
0.990 0.740980
0.995 0.744060
1.000 0.747380
1.005 0.742950
1.010 0.746490
1.015 0.748800
1.020 0.754060
1.025 0.755170
1.030 0.759650
1.035 0.763480
1.040 0.765320
1.045 0.767650
1.050 0.770230
1.055 0.771800
1.060 0.772990
1.065 0.774780
1.070 0.776960
1.075 0.778430
1.080 0.778260
1.085 0.779570
1.090 0.779510
1.095 0.779220
1.100 0.777610
1.105 0.776920
1.110 0.776680
1.115 0.774650
1.120 0.772840
1.125 0.769650
1.130 0.764530
1.135 0.756840
1.140 0.745200
1.145 0.732690
1.150 0.721130
1.155 0.712870
1.160 0.706390
1.165 0.703050
1.170 0.700980
1.175 0.699980
1.180 0.698680
1.185 0.698270
1.190 0.697270
1.195 0.697920
1.200 0.697350
1.205 0.699540
1.210 0.701940
1.215 0.704990
1.220 0.708550
1.225 0.712270
1.230 0.715710
1.235 0.718730
1.240 0.721410
1.245 0.724130
1.250 0.726760
1.255 0.728450
1.260 0.729800
1.265 0.730340
1.270 0.730200
1.275 0.730070
1.280 0.729230
1.285 0.728150
1.290 0.725570
1.295 0.722210
1.300 0.717710
1.305 0.712370
1.310 0.705610
1.315 0.696780
1.320 0.687170
1.325 0.675410
1.330 0.661970
1.335 0.647730
1.340 0.633370
1.345 0.619340
1.350 0.605590
1.355 0.592450
1.360 0.578930
1.365 0.562540
1.370 0.542040
1.375 0.514620
1.380 0.475410
1.385 0.427020
1.390 0.373970
1.395 0.321040
1.400 0.274220
1.405 0.237060
1.410 0.210000
1.415 0.191420
1.420 0.179460
1.425 0.171940
1.430 0.167720
1.435 0.166070
1.440 0.165980
1.445 0.166970
1.450 0.168510
1.455 0.170570
1.460 0.173610
1.465 0.178390
1.470 0.184990
1.475 0.193240
1.480 0.202120
1.485 0.211960
1.490 0.222350
1.495 0.232980
1.500 0.243600
1.505 0.254300
1.510 0.265130
1.515 0.276040
1.520 0.286680
1.525 0.296900
1.530 0.307110
1.535 0.316460
1.540 0.325560
1.545 0.334690
1.550 0.343340
1.555 0.351850
1.560 0.359300
1.565 0.366710
1.570 0.374130
1.575 0.380920
1.580 0.387670
1.585 0.394850
1.590 0.401400
1.595 0.407530
1.600 0.413710
1.605 0.419330
1.610 0.424570
1.615 0.430110
1.620 0.435010
1.625 0.439760
1.630 0.443270
1.635 0.446830
1.640 0.449330
1.645 0.450880
1.650 0.451570
1.655 0.451160
1.660 0.450150
1.665 0.449640
1.670 0.448980
1.675 0.447550
1.680 0.445810
1.685 0.442980
1.690 0.439760
1.695 0.436060
1.700 0.431140
1.705 0.426350
1.710 0.421210
1.715 0.416230
1.720 0.410970
1.725 0.406360
1.730 0.401950
1.735 0.398260
1.740 0.394630
1.745 0.390320
1.750 0.385640
1.755 0.380550
1.760 0.376390
1.765 0.371450
1.770 0.368530
1.775 0.365150
1.780 0.362870
1.785 0.361050
1.790 0.360320
1.795 0.359380
1.800 0.359580
1.805 0.365060
1.810 0.365390
1.815 0.365630
1.820 0.365190
1.825 0.364430
1.830 0.362210
1.835 0.358690
1.840 0.353120
1.845 0.344700
1.850 0.331870
1.855 0.314220
1.860 0.290390
1.865 0.260040
1.870 0.223160
1.875 0.183090
1.880 0.144140
1.885 0.109310
1.890 0.081354
1.895 0.061413
1.900 0.049353
1.905 0.042351
1.910 0.038669
1.915 0.036903
1.920 0.036134
1.925 0.036081
1.930 0.036577
1.935 0.037251
1.940 0.038438
1.945 0.040037
1.950 0.041812
1.955 0.043930
1.960 0.046235
1.965 0.048964
1.970 0.051904
1.975 0.055079
1.980 0.058633
1.985 0.062396
1.990 0.066281
1.995 0.070338
2.000 0.074552
2.005 0.078760
2.010 0.083036
2.015 0.087072
2.020 0.091124
2.025 0.094832
2.030 0.098349
2.035 0.101430
2.040 0.104600
2.045 0.107520
2.050 0.110270
2.055 0.112980
2.060 0.115860
2.065 0.118580
2.070 0.121590
2.075 0.124350
2.080 0.127210
2.085 0.129870
2.090 0.132480
2.095 0.135090
2.100 0.137740
2.105 0.140070
2.110 0.142650
2.115 0.145020
2.120 0.147250
2.125 0.149320
2.130 0.151310
2.135 0.153560
2.140 0.155790
2.145 0.158160
2.150 0.160720
2.155 0.163450
2.160 0.166190
2.165 0.168980
2.170 0.171600
2.175 0.174160
2.180 0.176830
2.185 0.179600
2.190 0.182370
2.195 0.185020
2.200 0.187170
2.205 0.189230
2.210 0.190900
2.215 0.191930
2.220 0.192520
2.225 0.191780
2.230 0.190450
2.235 0.187600
2.240 0.183900
2.245 0.179180
2.250 0.174460
2.255 0.169560
2.260 0.164510
2.265 0.160270
2.270 0.155670
2.275 0.151550
2.280 0.147950
2.285 0.144640
2.290 0.140930
2.295 0.136950
2.300 0.133220
2.305 0.130070
2.310 0.127730
2.315 0.126510
2.320 0.124600
2.325 0.121870
2.330 0.118870
2.335 0.115830
2.340 0.112140
2.345 0.109370
2.350 0.106470
2.355 0.104550
2.360 0.102440
2.365 0.099762
2.370 0.097254
2.375 0.094663
2.380 0.092100
2.385 0.088954
2.390 0.086881
2.395 0.084102
2.400 0.081096
2.405 0.078899
2.410 0.076396
2.415 0.073346
2.420 0.070239
2.425 0.067700
2.430 0.065188
2.435 0.062451
2.440 0.060321
2.445 0.058511
2.450 0.054916
2.455 0.053109
2.460 0.051663
2.465 0.049623
2.470 0.048647
2.475 0.047084
2.480 0.046251
2.485 0.045286
2.490 0.043879
2.495 0.040767
2.500 0.044119
