0.350 0.165120
0.355 0.181630
0.360 0.198140
0.365 0.214650
0.370 0.231160
0.375 0.247670
0.380 0.264180
0.385 0.280690
0.390 0.297210
0.395 0.313720
0.400 0.330230
0.405 0.337340
0.410 0.338960
0.415 0.341580
0.420 0.346960
0.425 0.353770
0.430 0.359110
0.435 0.361900
0.440 0.365450
0.445 0.366440
0.450 0.370540
0.455 0.371210
0.460 0.371450
0.465 0.372760
0.470 0.376000
0.475 0.377950
0.480 0.380170
0.485 0.383720
0.490 0.386010
0.495 0.390190
0.500 0.390980
0.505 0.394400
0.510 0.394300
0.515 0.395490
0.520 0.398420
0.525 0.403110
0.530 0.403110
0.535 0.405270
0.540 0.405010
0.545 0.405810
0.550 0.409170
0.555 0.411810
0.560 0.426590
0.565 0.427170
0.570 0.430330
0.575 0.433300
0.580 0.432650
0.585 0.433290
0.590 0.437430
0.595 0.438200
0.600 0.437280
0.605 0.438970
0.610 0.440550
0.615 0.441710
0.620 0.442130
0.625 0.443550
0.630 0.445020
0.635 0.445020
0.640 0.445440
0.645 0.444030
0.650 0.444710
0.655 0.445590
0.660 0.447430
0.665 0.448450
0.670 0.449150
0.675 0.447590
0.680 0.448450
0.685 0.451570
0.690 0.454250
0.695 0.453980
0.700 0.454870
0.705 0.449270
0.710 0.453060
0.715 0.452450
0.720 0.456840
0.725 0.456230
0.730 0.457800
0.735 0.455820
0.740 0.457200
0.745 0.456370
0.750 0.460250
0.755 0.459510
0.760 0.459510
0.765 0.462930
0.770 0.463760
0.775 0.461090
0.780 0.464640
0.785 0.463090
0.790 0.465920
0.795 0.466000
0.800 0.472920
0.805 0.473030
0.810 0.474590
0.815 0.474950
0.820 0.474130
0.825 0.473820
0.830 0.474060
0.835 0.475310
0.840 0.473840
0.845 0.475310
0.850 0.475430
0.855 0.476520
0.860 0.478380
0.865 0.474870
0.870 0.476420
0.875 0.476890
0.880 0.476780
0.885 0.475360
0.890 0.476400
0.895 0.477000
0.900 0.476020
0.905 0.477180
0.910 0.477710
0.915 0.475690
0.920 0.478760
0.925 0.477530
0.930 0.477630
0.935 0.480360
0.940 0.479880
0.945 0.480290
0.950 0.480120
0.955 0.480680
0.960 0.479100
0.965 0.480490
0.970 0.480570
0.975 0.480910
0.980 0.481580
0.985 0.480750
0.990 0.477850
0.995 0.481660
1.000 0.480490
1.005 0.484340
1.010 0.482480
1.015 0.483260
1.020 0.482980
1.025 0.483650
1.030 0.481740
1.035 0.480010
1.040 0.479990
1.045 0.482460
1.050 0.482670
1.055 0.479490
1.060 0.479200
1.065 0.479810
1.070 0.480350
1.075 0.479900
1.080 0.480560
1.085 0.479530
1.090 0.478500
1.095 0.480260
1.100 0.481210
1.105 0.480260
1.110 0.480210
1.115 0.480920
1.120 0.479330
1.125 0.479210
1.130 0.481870
1.135 0.484110
1.140 0.481210
1.145 0.478700
1.150 0.480040
1.155 0.479590
1.160 0.475870
1.165 0.475790
1.170 0.475540
1.175 0.476420
1.180 0.474910
1.185 0.476960
1.190 0.476990
1.195 0.477590
1.200 0.478830
1.205 0.479380
1.210 0.480090
1.215 0.484440
1.220 0.484020
1.225 0.484660
1.230 0.483920
1.235 0.485110
1.240 0.487400
1.245 0.486610
1.250 0.484660
1.255 0.483220
1.260 0.477850
1.265 0.479910
1.270 0.484950
1.275 0.485670
1.280 0.486770
1.285 0.488810
1.290 0.489430
1.295 0.489330
1.300 0.488590
1.305 0.488220
1.310 0.486610
1.315 0.486850
1.320 0.483680
1.325 0.480190
1.330 0.482540
1.335 0.485880
1.340 0.487630
1.345 0.488510
1.350 0.487580
1.355 0.489140
1.360 0.486490
1.365 0.486740
1.370 0.484950
1.375 0.485830
1.380 0.487450
1.385 0.487740
1.390 0.487390
1.395 0.485260
1.400 0.485380
1.405 0.482210
1.410 0.484830
1.415 0.485490
1.420 0.485680
1.425 0.485890
1.430 0.486570
1.435 0.486940
1.440 0.486360
1.445 0.486250
1.450 0.487640
1.455 0.486770
1.460 0.484230
1.465 0.483820
1.470 0.482990
1.475 0.485430
1.480 0.484880
1.485 0.485370
1.490 0.486260
1.495 0.481980
1.500 0.487150
1.505 0.487470
1.510 0.488240
1.515 0.489370
1.520 0.492870
1.525 0.494270
1.530 0.493370
1.535 0.492420
1.540 0.493750
1.545 0.495210
1.550 0.494180
1.555 0.493860
1.560 0.494910
1.565 0.492680
1.570 0.494020
1.575 0.496270
1.580 0.493340
1.585 0.493610
1.590 0.495370
1.595 0.496970
1.600 0.497510
1.605 0.497980
1.610 0.495920
1.615 0.496130
1.620 0.496890
1.625 0.498570
1.630 0.497190
1.635 0.495720
1.640 0.497860
1.645 0.498030
1.650 0.497980
1.655 0.496030
1.660 0.497850
1.665 0.498340
1.670 0.498280
1.675 0.497430
1.680 0.497450
1.685 0.500140
1.690 0.498960
1.695 0.499340
1.700 0.500890
1.705 0.501000
1.710 0.501700
1.715 0.503890
1.720 0.501770
1.725 0.502010
1.730 0.502730
1.735 0.502500
1.740 0.500640
1.745 0.502090
1.750 0.502010
1.755 0.498860
1.760 0.497980
1.765 0.497200
1.770 0.495940
1.775 0.499570
1.780 0.498410
1.785 0.498370
1.790 0.497980
1.795 0.501660
1.800 0.500890
1.805 0.499670
1.810 0.500360
1.815 0.502260
1.820 0.502500
1.825 0.505730
1.830 0.505210
1.835 0.503690
1.840 0.503400
1.845 0.502090
1.850 0.503080
1.855 0.503640
1.860 0.504150
1.865 0.500520
1.870 0.498730
1.875 0.499670
1.880 0.499900
1.885 0.498060
1.890 0.495460
1.895 0.494730
1.900 0.492520
1.905 0.490510
1.910 0.490860
1.915 0.491680
1.920 0.491830
1.925 0.488370
1.930 0.492570
1.935 0.492240
1.940 0.492750
1.945 0.493930
1.950 0.494400
1.955 0.495560
1.960 0.495110
1.965 0.498280
1.970 0.500130
1.975 0.500110
1.980 0.498410
1.985 0.503180
1.990 0.505120
1.995 0.503740
2.000 0.505240
2.005 0.509910
2.010 0.507800
2.015 0.505870
2.020 0.511540
2.025 0.513110
2.030 0.511290
2.035 0.510000
2.040 0.513910
2.045 0.516920
2.050 0.519500
2.055 0.520240
2.060 0.521120
2.065 0.518220
2.070 0.519830
2.075 0.515910
2.080 0.515020
2.085 0.515490
2.090 0.514970
2.095 0.515020
2.100 0.514480
2.105 0.514500
2.110 0.513250
2.115 0.513530
2.120 0.513780
2.125 0.512810
2.130 0.512310
2.135 0.512450
2.140 0.511970
2.145 0.511930
2.150 0.511970
2.155 0.510720
2.160 0.510740
2.165 0.510350
2.170 0.509010
2.175 0.509050
2.180 0.508640
2.185 0.507250
2.190 0.506940
2.195 0.504140
2.200 0.505050
2.205 0.504660
2.210 0.503560
2.215 0.503780
2.220 0.503820
2.225 0.504300
2.230 0.503790
2.235 0.503420
2.240 0.502800
2.245 0.502140
2.250 0.501160
2.255 0.501730
2.260 0.502430
2.265 0.502550
2.270 0.501870
2.275 0.502400
2.280 0.502970
2.285 0.502550
2.290 0.501610
2.295 0.502620
2.300 0.501150
2.305 0.501610
2.310 0.500620
2.315 0.499660
2.320 0.499000
2.325 0.498760
2.330 0.498660
2.335 0.498820
2.340 0.496550
2.345 0.497430
2.350 0.496630
2.355 0.496920
2.360 0.497550
2.365 0.498890
2.370 0.498190
2.375 0.498980
2.380 0.498530
2.385 0.499240
2.390 0.498390
2.395 0.498640
2.400 0.498950
2.405 0.499590
2.410 0.498480
2.415 0.498730
2.420 0.498390
2.425 0.497460
2.430 0.497710
2.435 0.498070
2.440 0.498350
2.445 0.498430
2.450 0.498660
2.455 0.497600
2.460 0.498160
2.465 0.496970
2.470 0.498440
2.475 0.498670
2.480 0.497760
2.485 0.498050
2.490 0.498920
2.495 0.497710
2.500 0.497590
