0.350 0.020147
0.355 0.022161
0.360 0.024176
0.365 0.026190
0.370 0.028205
0.375 0.030220
0.380 0.032234
0.385 0.034249
0.390 0.036264
0.395 0.038278
0.400 0.040293
0.405 0.040756
0.410 0.037359
0.415 0.041510
0.420 0.039568
0.425 0.040519
0.430 0.040413
0.435 0.040175
0.440 0.039544
0.445 0.040277
0.450 0.040996
0.455 0.041675
0.460 0.042238
0.465 0.042007
0.470 0.041815
0.475 0.042012
0.480 0.041723
0.485 0.042463
0.490 0.042880
0.495 0.043638
0.500 0.046044
0.505 0.049280
0.510 0.054932
0.515 0.064538
0.520 0.078917
0.525 0.096123
0.530 0.111410
0.535 0.122080
0.540 0.128540
0.545 0.132190
0.550 0.135140
0.555 0.136020
0.560 0.132450
0.565 0.124600
0.570 0.113730
0.575 0.102420
0.580 0.093699
0.585 0.087584
0.590 0.083174
0.595 0.080720
0.600 0.079140
0.605 0.077006
0.610 0.073486
0.615 0.069168
0.620 0.065623
0.625 0.063766
0.630 0.062802
0.635 0.061765
0.640 0.058793
0.645 0.054761
0.650 0.051434
0.655 0.049786
0.660 0.047862
0.665 0.045920
0.670 0.045424
0.675 0.046075
0.680 0.048098
0.685 0.051859
0.690 0.060872
0.695 0.086403
0.700 0.135130
0.705 0.202360
0.710 0.277240
0.715 0.355710
0.720 0.434010
0.725 0.507690
0.730 0.571490
0.735 0.622650
0.740 0.661510
0.745 0.688910
0.750 0.707370
0.755 0.719000
0.760 0.726380
0.765 0.730830
0.770 0.733580
0.775 0.735680
0.780 0.737540
0.785 0.739130
0.790 0.740740
0.795 0.742480
0.800 0.743980
0.805 0.745660
0.810 0.747430
0.815 0.749050
0.820 0.750440
0.825 0.752140
0.830 0.753650
0.835 0.754740
0.840 0.756420
0.845 0.758070
0.850 0.759620
0.855 0.760890
0.860 0.762360
0.865 0.763470
0.870 0.764590
0.875 0.765900
0.880 0.766810
0.885 0.767690
0.890 0.768550
0.895 0.769580
0.900 0.770120
0.905 0.771040
0.910 0.771820
0.915 0.772320
0.920 0.772640
0.925 0.772540
0.930 0.772090
0.935 0.770950
0.940 0.769750
0.945 0.768140
0.950 0.764410
0.955 0.759790
0.960 0.756090
0.965 0.753880
0.970 0.753820
0.975 0.754200
0.980 0.755600
0.985 0.757210
0.990 0.759840
0.995 0.762940
1.000 0.765320
1.005 0.770010
1.010 0.772740
1.015 0.774530
1.020 0.778680
1.025 0.782090
1.030 0.785560
1.035 0.787720
1.040 0.789140
1.045 0.791310
1.050 0.792930
1.055 0.795270
1.060 0.797310
1.065 0.798100
1.070 0.799000
1.075 0.799830
1.080 0.801170
1.085 0.801260
1.090 0.801100
1.095 0.800150
1.100 0.799960
1.105 0.798770
1.110 0.797980
1.115 0.796670
1.120 0.794780
1.125 0.790980
1.130 0.786830
1.135 0.778680
1.140 0.767970
1.145 0.755710
1.150 0.744830
1.155 0.737100
1.160 0.733050
1.165 0.730740
1.170 0.730500
1.175 0.731130
1.180 0.731370
1.185 0.731280
1.190 0.731300
1.195 0.732330
1.200 0.733180
1.205 0.735180
1.210 0.736640
1.215 0.739090
1.220 0.741510
1.225 0.744820
1.230 0.746750
1.235 0.748420
1.240 0.751050
1.245 0.752600
1.250 0.754270
1.255 0.755010
1.260 0.756820
1.265 0.757150
1.270 0.756760
1.275 0.756390
1.280 0.754870
1.285 0.753520
1.290 0.750770
1.295 0.746810
1.300 0.742400
1.305 0.736620
1.310 0.729380
1.315 0.720040
1.320 0.710420
1.325 0.698080
1.330 0.685270
1.335 0.672760
1.340 0.659330
1.345 0.646090
1.350 0.633700
1.355 0.622100
1.360 0.609160
1.365 0.593890
1.370 0.572590
1.375 0.543770
1.380 0.503880
1.385 0.454120
1.390 0.399100
1.395 0.344550
1.400 0.296070
1.405 0.258180
1.410 0.230850
1.415 0.213170
1.420 0.202040
1.425 0.195790
1.430 0.192510
1.435 0.191530
1.440 0.192000
1.445 0.192950
1.450 0.194950
1.455 0.197710
1.460 0.201350
1.465 0.207130
1.470 0.215090
1.475 0.224760
1.480 0.234580
1.485 0.246230
1.490 0.258090
1.495 0.270060
1.500 0.281820
1.505 0.294030
1.510 0.306220
1.515 0.318090
1.520 0.329470
1.525 0.341110
1.530 0.352030
1.535 0.362910
1.540 0.373050
1.545 0.382800
1.550 0.392390
1.555 0.401560
1.560 0.410420
1.565 0.418310
1.570 0.426050
1.575 0.433330
1.580 0.440410
1.585 0.447150
1.590 0.453840
1.595 0.459730
1.600 0.465880
1.605 0.471630
1.610 0.476510
1.615 0.481830
1.620 0.486320
1.625 0.490110
1.630 0.493960
1.635 0.496300
1.640 0.499130
1.645 0.499900
1.650 0.499600
1.655 0.499260
1.660 0.498810
1.665 0.499730
1.670 0.500610
1.675 0.500660
1.680 0.500870
1.685 0.500030
1.690 0.498350
1.695 0.496340
1.700 0.492930
1.705 0.489900
1.710 0.486520
1.715 0.482720
1.720 0.478230
1.725 0.473360
1.730 0.468960
1.735 0.463780
1.740 0.457770
1.745 0.452270
1.750 0.446640
1.755 0.440200
1.760 0.433850
1.765 0.427890
1.770 0.422840
1.775 0.418240
1.780 0.415190
1.785 0.412240
1.790 0.410950
1.795 0.410090
1.800 0.409350
1.805 0.406300
1.810 0.406140
1.815 0.405650
1.820 0.404690
1.825 0.402860
1.830 0.400150
1.835 0.395760
1.840 0.388720
1.845 0.378900
1.850 0.364420
1.855 0.344610
1.860 0.318180
1.865 0.285060
1.870 0.244960
1.875 0.201110
1.880 0.158780
1.885 0.120920
1.890 0.091028
1.895 0.070376
1.900 0.058050
1.905 0.051200
1.910 0.047811
1.915 0.046239
1.920 0.045756
1.925 0.045922
1.930 0.046604
1.935 0.047608
1.940 0.048946
1.945 0.050700
1.950 0.052661
1.955 0.055051
1.960 0.057670
1.965 0.060632
1.970 0.063958
1.975 0.067749
1.980 0.071700
1.985 0.076010
1.990 0.080473
1.995 0.085246
2.000 0.090271
2.005 0.095263
2.010 0.100380
2.015 0.105450
2.020 0.110370
2.025 0.115270
2.030 0.120070
2.035 0.124250
2.040 0.128620
2.045 0.132550
2.050 0.136570
2.055 0.140290
2.060 0.144120
2.065 0.147950
2.070 0.151910
2.075 0.155440
2.080 0.159150
2.085 0.162700
2.090 0.165970
2.095 0.169340
2.100 0.172130
2.105 0.175140
2.110 0.177730
2.115 0.180150
2.120 0.182390
2.125 0.184650
2.130 0.186980
2.135 0.189250
2.140 0.191880
2.145 0.194580
2.150 0.197360
2.155 0.200230
2.160 0.202820
2.165 0.205280
2.170 0.207760
2.175 0.210180
2.180 0.212710
2.185 0.215340
2.190 0.217710
2.195 0.220160
2.200 0.222510
2.205 0.224020
2.210 0.225750
2.215 0.226860
2.220 0.227390
2.225 0.227340
2.230 0.226510
2.235 0.224470
2.240 0.222160
2.245 0.218560
2.250 0.214840
2.255 0.210860
2.260 0.206780
2.265 0.202750
2.270 0.199170
2.275 0.195600
2.280 0.192080
2.285 0.188690
2.290 0.185030
2.295 0.180770
2.300 0.176240
2.305 0.172100
2.310 0.168020
2.315 0.164960
2.320 0.162050
2.325 0.158350
2.330 0.154630
2.335 0.150720
2.340 0.147100
2.345 0.143210
2.350 0.140020
2.355 0.136640
2.360 0.133800
2.365 0.130410
2.370 0.126840
2.375 0.123270
2.380 0.119710
2.385 0.116350
2.390 0.113060
2.395 0.108700
2.400 0.105780
2.405 0.102240
2.410 0.098818
2.415 0.095508
2.420 0.091182
2.425 0.088868
2.430 0.085194
2.435 0.081999
2.440 0.078424
2.445 0.075929
2.450 0.073544
2.455 0.070019
2.460 0.066610
2.465 0.064966
2.470 0.063397
2.475 0.062205
2.480 0.061850
2.485 0.059513
2.490 0.060627
2.495 0.058916
2.500 0.057400
