0.350 0.015016
0.355 0.016518
0.360 0.018020
0.365 0.019521
0.370 0.021023
0.375 0.022525
0.380 0.024026
0.385 0.025528
0.390 0.027030
0.395 0.028531
0.400 0.030033
0.405 0.030043
0.410 0.029162
0.415 0.027666
0.420 0.028237
0.425 0.027030
0.430 0.027740
0.435 0.026835
0.440 0.027335
0.445 0.028300
0.450 0.027858
0.455 0.028647
0.460 0.028326
0.465 0.027740
0.470 0.027758
0.475 0.028052
0.480 0.028363
0.485 0.028314
0.490 0.027992
0.495 0.029274
0.500 0.030158
0.505 0.033141
0.510 0.036954
0.515 0.043793
0.520 0.053631
0.525 0.065048
0.530 0.075488
0.535 0.082831
0.540 0.087075
0.545 0.089190
0.550 0.091327
0.555 0.092415
0.560 0.090273
0.565 0.084754
0.570 0.076831
0.575 0.068481
0.580 0.062182
0.585 0.057947
0.590 0.054286
0.595 0.052118
0.600 0.050983
0.605 0.049924
0.610 0.047517
0.615 0.044699
0.620 0.042535
0.625 0.041592
0.630 0.040974
0.635 0.039945
0.640 0.037432
0.645 0.034389
0.650 0.032115
0.655 0.031221
0.660 0.030520
0.665 0.029795
0.670 0.029792
0.675 0.030844
0.680 0.032853
0.685 0.036349
0.690 0.043234
0.695 0.063340
0.700 0.104520
0.705 0.165500
0.710 0.239780
0.715 0.326070
0.720 0.419010
0.725 0.511050
0.730 0.592820
0.735 0.658800
0.740 0.708570
0.745 0.743760
0.750 0.767320
0.755 0.781980
0.760 0.791280
0.765 0.796980
0.770 0.800410
0.775 0.802800
0.780 0.804880
0.785 0.806700
0.790 0.808210
0.795 0.809980
0.800 0.811680
0.805 0.813260
0.810 0.814930
0.815 0.816700
0.820 0.818290
0.825 0.820330
0.830 0.822120
0.835 0.823730
0.840 0.826010
0.845 0.828480
0.850 0.830380
0.855 0.832370
0.860 0.834090
0.865 0.835320
0.870 0.836510
0.875 0.837810
0.880 0.838500
0.885 0.839230
0.890 0.839670
0.895 0.840260
0.900 0.840690
0.905 0.841150
0.910 0.841360
0.915 0.841440
0.920 0.840810
0.925 0.839470
0.930 0.836980
0.935 0.833590
0.940 0.829440
0.945 0.824270
0.950 0.816500
0.955 0.806790
0.960 0.798590
0.965 0.794280
0.970 0.794090
0.975 0.794340
0.980 0.796070
0.985 0.798340
0.990 0.802050
0.995 0.806440
1.000 0.810900
1.005 0.809620
1.010 0.814750
1.015 0.819630
1.020 0.823660
1.025 0.829570
1.030 0.833670
1.035 0.837830
1.040 0.842690
1.045 0.844450
1.050 0.847010
1.055 0.850710
1.060 0.851140
1.065 0.852040
1.070 0.853960
1.075 0.854030
1.080 0.853670
1.085 0.853880
1.090 0.852620
1.095 0.851440
1.100 0.850210
1.105 0.846500
1.110 0.843670
1.115 0.840940
1.120 0.836830
1.125 0.830140
1.130 0.819030
1.135 0.803040
1.140 0.782200
1.145 0.761360
1.150 0.741980
1.155 0.729300
1.160 0.720970
1.165 0.717730
1.170 0.716710
1.175 0.716260
1.180 0.715310
1.185 0.714270
1.190 0.713980
1.195 0.714170
1.200 0.715660
1.205 0.717190
1.210 0.719470
1.215 0.721960
1.220 0.725350
1.225 0.728640
1.230 0.731140
1.235 0.733460
1.240 0.735710
1.245 0.738370
1.250 0.739780
1.255 0.741860
1.260 0.742130
1.265 0.741970
1.270 0.741820
1.275 0.740790
1.280 0.738090
1.285 0.734320
1.290 0.729760
1.295 0.722980
1.300 0.715000
1.305 0.704950
1.310 0.693220
1.315 0.680380
1.320 0.664270
1.325 0.647130
1.330 0.629130
1.335 0.610960
1.340 0.593330
1.345 0.576070
1.350 0.559140
1.355 0.543480
1.360 0.527000
1.365 0.508410
1.370 0.483420
1.375 0.450350
1.380 0.406970
1.385 0.356220
1.390 0.302680
1.395 0.254410
1.400 0.214350
1.405 0.184790
1.410 0.164280
1.415 0.151520
1.420 0.142970
1.425 0.137460
1.430 0.134610
1.435 0.132940
1.440 0.132300
1.445 0.132830
1.450 0.133700
1.455 0.135380
1.460 0.137920
1.465 0.142260
1.470 0.148190
1.475 0.155450
1.480 0.163650
1.485 0.172690
1.490 0.182070
1.495 0.191970
1.500 0.202360
1.505 0.212920
1.510 0.223840
1.515 0.234760
1.520 0.245910
1.525 0.256990
1.530 0.268140
1.535 0.278700
1.540 0.289350
1.545 0.299700
1.550 0.309790
1.555 0.319340
1.560 0.328690
1.565 0.337640
1.570 0.346570
1.575 0.354810
1.580 0.362830
1.585 0.370260
1.590 0.377670
1.595 0.384450
1.600 0.391510
1.605 0.397640
1.610 0.403320
1.615 0.408890
1.620 0.413690
1.625 0.418520
1.630 0.423000
1.635 0.426750
1.640 0.430530
1.645 0.433800
1.650 0.436090
1.655 0.437670
1.660 0.439060
1.665 0.439850
1.670 0.440280
1.675 0.440280
1.680 0.440000
1.685 0.438730
1.690 0.437190
1.695 0.434800
1.700 0.431850
1.705 0.428860
1.710 0.425520
1.715 0.421530
1.720 0.416750
1.725 0.411660
1.730 0.406250
1.735 0.400280
1.740 0.393820
1.745 0.386830
1.750 0.380060
1.755 0.371790
1.760 0.364280
1.765 0.357820
1.770 0.351520
1.775 0.346860
1.780 0.342820
1.785 0.340060
1.790 0.338210
1.795 0.337150
1.800 0.337140
1.805 0.335870
1.810 0.335420
1.815 0.334400
1.820 0.333110
1.825 0.330600
1.830 0.326800
1.835 0.321360
1.840 0.313460
1.845 0.302600
1.850 0.287740
1.855 0.267690
1.860 0.241820
1.865 0.210680
1.870 0.175140
1.875 0.138770
1.880 0.105610
1.885 0.077730
1.890 0.057119
1.895 0.043362
1.900 0.035814
1.905 0.031777
1.910 0.029667
1.915 0.028570
1.920 0.028183
1.925 0.028123
1.930 0.028356
1.935 0.028843
1.940 0.029596
1.945 0.030473
1.950 0.031668
1.955 0.032900
1.960 0.034407
1.965 0.036100
1.970 0.038111
1.975 0.040316
1.980 0.042796
1.985 0.045411
1.990 0.048171
1.995 0.051349
2.000 0.054668
2.005 0.058003
2.010 0.061495
2.015 0.065058
2.020 0.068803
2.025 0.072508
2.030 0.076271
2.035 0.080021
2.040 0.083755
2.045 0.087613
2.050 0.091384
2.055 0.095287
2.060 0.099305
2.065 0.103400
2.070 0.107660
2.075 0.111920
2.080 0.116140
2.085 0.120420
2.090 0.124560
2.095 0.128780
2.100 0.132830
2.105 0.136860
2.110 0.140800
2.115 0.144500
2.120 0.148080
2.125 0.151500
2.130 0.154670
2.135 0.157730
2.140 0.160530
2.145 0.163270
2.150 0.165810
2.155 0.168200
2.160 0.170460
2.165 0.172460
2.170 0.174360
2.175 0.176280
2.180 0.177990
2.185 0.179590
2.190 0.181240
2.195 0.182640
2.200 0.183850
2.205 0.184510
2.210 0.185180
2.215 0.185320
2.220 0.185020
2.225 0.184360
2.230 0.183290
2.235 0.181500
2.240 0.179170
2.245 0.176430
2.250 0.173380
2.255 0.169860
2.260 0.166160
2.265 0.162580
2.270 0.158880
2.275 0.155240
2.280 0.152050
2.285 0.148310
2.290 0.144790
2.295 0.141210
2.300 0.136890
2.305 0.133120
2.310 0.129600
2.315 0.126120
2.320 0.123120
2.325 0.119440
2.330 0.115720
2.335 0.111910
2.340 0.108450
2.345 0.105120
2.350 0.101300
2.355 0.098114
2.360 0.094905
2.365 0.091882
2.370 0.088712
2.375 0.085948
2.380 0.082556
2.385 0.079671
2.390 0.076258
2.395 0.074107
2.400 0.070776
2.405 0.067842
2.410 0.065418
2.415 0.062098
2.420 0.059830
2.425 0.056881
2.430 0.054755
2.435 0.052227
2.440 0.049768
2.445 0.046846
2.450 0.046119
2.455 0.043732
2.460 0.041330
2.465 0.039486
2.470 0.038581
2.475 0.037095
2.480 0.035500
2.485 0.035057
2.490 0.033960
2.495 0.031718
2.500 0.033885
