0.350 0.019733
0.355 0.021706
0.360 0.023680
0.365 0.025653
0.370 0.027626
0.375 0.029600
0.380 0.031573
0.385 0.033546
0.390 0.035519
0.395 0.037493
0.400 0.039466
0.405 0.040416
0.410 0.040486
0.415 0.038904
0.420 0.040121
0.425 0.038953
0.430 0.039666
0.435 0.039157
0.440 0.039622
0.445 0.040888
0.450 0.040629
0.455 0.041482
0.460 0.041457
0.465 0.040781
0.470 0.040748
0.475 0.041158
0.480 0.041770
0.485 0.041771
0.490 0.041549
0.495 0.042574
0.500 0.043837
0.505 0.046598
0.510 0.050084
0.515 0.057039
0.520 0.066788
0.525 0.078807
0.530 0.090144
0.535 0.098433
0.540 0.103400
0.545 0.105960
0.550 0.108180
0.555 0.109210
0.560 0.106460
0.565 0.100520
0.570 0.092411
0.575 0.083961
0.580 0.077475
0.585 0.073115
0.590 0.069545
0.595 0.067585
0.600 0.066748
0.605 0.065441
0.610 0.062653
0.615 0.059389
0.620 0.057066
0.625 0.055991
0.630 0.055312
0.635 0.054407
0.640 0.052322
0.645 0.049575
0.650 0.047313
0.655 0.045979
0.660 0.044673
0.665 0.043234
0.670 0.042608
0.675 0.043107
0.680 0.044346
0.685 0.046848
0.690 0.052693
0.695 0.069834
0.700 0.105220
0.705 0.159500
0.710 0.227740
0.715 0.308620
0.720 0.396470
0.725 0.484170
0.730 0.562290
0.735 0.625240
0.740 0.672650
0.745 0.706210
0.750 0.729040
0.755 0.743700
0.760 0.753320
0.765 0.759540
0.770 0.763530
0.775 0.766430
0.780 0.768980
0.785 0.770990
0.790 0.772760
0.795 0.774730
0.800 0.776560
0.805 0.778200
0.810 0.780050
0.815 0.781930
0.820 0.783740
0.825 0.786080
0.830 0.788090
0.835 0.790010
0.840 0.792410
0.845 0.795040
0.850 0.797030
0.855 0.799270
0.860 0.801190
0.865 0.802630
0.870 0.804200
0.875 0.805730
0.880 0.806580
0.885 0.807670
0.890 0.808250
0.895 0.809140
0.900 0.809700
0.905 0.810350
0.910 0.810760
0.915 0.811340
0.920 0.811340
0.925 0.810720
0.930 0.809540
0.935 0.807650
0.940 0.805030
0.945 0.801830
0.950 0.796640
0.955 0.789650
0.960 0.783280
0.965 0.779650
0.970 0.779030
0.975 0.778870
0.980 0.780050
0.985 0.781750
0.990 0.784560
0.995 0.788050
1.000 0.792030
1.005 0.786400
1.010 0.790420
1.015 0.794560
1.020 0.798800
1.025 0.804030
1.030 0.807280
1.035 0.811510
1.040 0.814780
1.045 0.817030
1.050 0.819460
1.055 0.821730
1.060 0.823450
1.065 0.824020
1.070 0.826650
1.075 0.826900
1.080 0.827070
1.085 0.828110
1.090 0.826590
1.095 0.825660
1.100 0.824530
1.105 0.822210
1.110 0.819810
1.115 0.817640
1.120 0.814830
1.125 0.808890
1.130 0.800600
1.135 0.788240
1.140 0.771840
1.145 0.754820
1.150 0.738670
1.155 0.727050
1.160 0.718590
1.165 0.715670
1.170 0.713850
1.175 0.713030
1.180 0.712040
1.185 0.710620
1.190 0.710450
1.195 0.710170
1.200 0.711690
1.205 0.712970
1.210 0.714950
1.215 0.717810
1.220 0.721540
1.225 0.725060
1.230 0.728040
1.235 0.731030
1.240 0.733730
1.245 0.736390
1.250 0.737650
1.255 0.740330
1.260 0.741170
1.265 0.741110
1.270 0.741390
1.275 0.741140
1.280 0.739270
1.285 0.737180
1.290 0.733950
1.295 0.729030
1.300 0.722510
1.305 0.714110
1.310 0.704090
1.315 0.692820
1.320 0.678700
1.325 0.663300
1.330 0.647750
1.335 0.630980
1.340 0.614120
1.345 0.598550
1.350 0.583010
1.355 0.569240
1.360 0.554650
1.365 0.537060
1.370 0.515210
1.375 0.485280
1.380 0.445360
1.385 0.397550
1.390 0.346090
1.395 0.297900
1.400 0.256690
1.405 0.224970
1.410 0.202510
1.415 0.187630
1.420 0.177660
1.425 0.171310
1.430 0.167500
1.435 0.165620
1.440 0.164770
1.445 0.165020
1.450 0.166070
1.455 0.167800
1.460 0.170280
1.465 0.174110
1.470 0.180020
1.475 0.187000
1.480 0.194610
1.485 0.203280
1.490 0.212470
1.495 0.221610
1.500 0.231130
1.505 0.240910
1.510 0.250930
1.515 0.260780
1.520 0.270840
1.525 0.280520
1.530 0.290030
1.535 0.299140
1.540 0.308290
1.545 0.317150
1.550 0.325500
1.555 0.333470
1.560 0.341730
1.565 0.349390
1.570 0.356510
1.575 0.363450
1.580 0.370210
1.585 0.377080
1.590 0.383430
1.595 0.389610
1.600 0.395990
1.605 0.401760
1.610 0.407460
1.615 0.412830
1.620 0.417360
1.625 0.421400
1.630 0.425810
1.635 0.429430
1.640 0.433000
1.645 0.435830
1.650 0.437010
1.655 0.437390
1.660 0.437580
1.665 0.437650
1.670 0.437560
1.675 0.437030
1.680 0.436650
1.685 0.435160
1.690 0.432780
1.695 0.430190
1.700 0.427120
1.705 0.423730
1.710 0.420240
1.715 0.416060
1.720 0.412120
1.725 0.407430
1.730 0.402870
1.735 0.397830
1.740 0.392920
1.745 0.387250
1.750 0.381800
1.755 0.375600
1.760 0.369540
1.765 0.364540
1.770 0.359460
1.775 0.355750
1.780 0.352460
1.785 0.350560
1.790 0.349380
1.795 0.349030
1.800 0.348880
1.805 0.348630
1.810 0.348700
1.815 0.348250
1.820 0.347700
1.825 0.346150
1.830 0.343850
1.835 0.339910
1.840 0.333770
1.845 0.324830
1.850 0.312290
1.855 0.294810
1.860 0.271900
1.865 0.243540
1.870 0.210090
1.875 0.174420
1.880 0.140050
1.885 0.109720
1.890 0.085407
1.895 0.068165
1.900 0.057600
1.905 0.051589
1.910 0.048354
1.915 0.046725
1.920 0.045899
1.925 0.045745
1.930 0.046021
1.935 0.046786
1.940 0.047724
1.945 0.049053
1.950 0.050565
1.955 0.052402
1.960 0.054462
1.965 0.056784
1.970 0.059234
1.975 0.062114
1.980 0.065195
1.985 0.068503
1.990 0.072025
1.995 0.075623
2.000 0.079382
2.005 0.083256
2.010 0.087078
2.015 0.090940
2.020 0.094628
2.025 0.098247
2.030 0.101820
2.035 0.105160
2.040 0.108430
2.045 0.111470
2.050 0.114510
2.055 0.117600
2.060 0.120850
2.065 0.124100
2.070 0.127450
2.075 0.130760
2.080 0.134000
2.085 0.137250
2.090 0.140300
2.095 0.143380
2.100 0.146300
2.105 0.149350
2.110 0.152180
2.115 0.154970
2.120 0.157590
2.125 0.159880
2.130 0.162260
2.135 0.164330
2.140 0.166570
2.145 0.168710
2.150 0.170990
2.155 0.173090
2.160 0.175260
2.165 0.177270
2.170 0.179350
2.175 0.181410
2.180 0.183450
2.185 0.185410
2.190 0.187380
2.195 0.189360
2.200 0.191040
2.205 0.192320
2.210 0.193320
2.215 0.193910
2.220 0.194120
2.225 0.193600
2.230 0.192440
2.235 0.190180
2.240 0.187590
2.245 0.184220
2.250 0.180420
2.255 0.176200
2.260 0.172110
2.265 0.168440
2.270 0.164540
2.275 0.161560
2.280 0.158870
2.285 0.156140
2.290 0.153710
2.295 0.150830
2.300 0.147480
2.305 0.144010
2.310 0.140940
2.315 0.138210
2.320 0.135870
2.325 0.132940
2.330 0.129980
2.335 0.126930
2.340 0.124190
2.345 0.121110
2.350 0.118540
2.355 0.115730
2.360 0.113220
2.365 0.110640
2.370 0.107650
2.375 0.104960
2.380 0.102490
2.385 0.099647
2.390 0.097224
2.395 0.094413
2.400 0.091464
2.405 0.088535
2.410 0.085960
2.415 0.082660
2.420 0.080313
2.425 0.077565
2.430 0.075032
2.435 0.071909
2.440 0.069077
2.445 0.067318
2.450 0.065317
2.455 0.062507
2.460 0.059676
2.465 0.058484
2.470 0.057184
2.475 0.056616
2.480 0.054427
2.485 0.053747
2.490 0.051512
2.495 0.049744
2.500 0.047241
