0.350 0.013057
0.355 0.014363
0.360 0.015668
0.365 0.016974
0.370 0.018280
0.375 0.019585
0.380 0.020891
0.385 0.022197
0.390 0.023503
0.395 0.024808
0.400 0.026114
0.405 0.026099
0.410 0.026800
0.415 0.028381
0.420 0.030212
0.425 0.033023
0.430 0.036336
0.435 0.039124
0.440 0.041504
0.445 0.043290
0.450 0.045591
0.455 0.046621
0.460 0.048069
0.465 0.048323
0.470 0.048623
0.475 0.048632
0.480 0.049195
0.485 0.049056
0.490 0.049851
0.495 0.050898
0.500 0.052756
0.505 0.055942
0.510 0.061088
0.515 0.067197
0.520 0.076190
0.525 0.084397
0.530 0.091568
0.535 0.096725
0.540 0.098780
0.545 0.101110
0.550 0.102170
0.555 0.103500
0.560 0.101780
0.565 0.099382
0.570 0.094704
0.575 0.090152
0.580 0.086726
0.585 0.085003
0.590 0.081926
0.595 0.079656
0.600 0.078934
0.605 0.077569
0.610 0.074268
0.615 0.071038
0.620 0.069093
0.625 0.067513
0.630 0.067308
0.635 0.067106
0.640 0.065708
0.645 0.063355
0.650 0.059560
0.655 0.058753
0.660 0.055748
0.665 0.052930
0.670 0.050832
0.675 0.050128
0.680 0.049420
0.685 0.051024
0.690 0.058939
0.695 0.076386
0.700 0.102840
0.705 0.135570
0.710 0.172020
0.715 0.214530
0.720 0.260540
0.725 0.312130
0.730 0.361350
0.735 0.407990
0.740 0.445650
0.745 0.474980
0.750 0.496440
0.755 0.511630
0.760 0.521380
0.765 0.528970
0.770 0.534510
0.775 0.538370
0.780 0.539230
0.785 0.542630
0.790 0.544700
0.795 0.545660
0.800 0.547580
0.805 0.547480
0.810 0.550190
0.815 0.551380
0.820 0.551700
0.825 0.553460
0.830 0.554940
0.835 0.555320
0.840 0.555710
0.845 0.556150
0.850 0.556640
0.855 0.557390
0.860 0.557490
0.865 0.556270
0.870 0.555170
0.875 0.555750
0.880 0.557040
0.885 0.557060
0.890 0.555410
0.895 0.553800
0.900 0.552970
0.905 0.551670
0.910 0.549290
0.915 0.547510
0.920 0.547210
0.925 0.546730
0.930 0.545000
0.935 0.542820
0.940 0.540000
0.945 0.535010
0.950 0.528120
0.955 0.520470
0.960 0.514630
0.965 0.509810
0.970 0.505220
0.975 0.504320
0.980 0.502530
0.985 0.501370
0.990 0.500940
0.995 0.501480
1.000 0.505280
1.005 0.508130
1.010 0.508520
1.015 0.512360
1.020 0.516710
1.025 0.520110
1.030 0.524220
1.035 0.523660
1.040 0.526310
1.045 0.529980
1.050 0.533040
1.055 0.536660
1.060 0.536350
1.065 0.536340
1.070 0.538340
1.075 0.539880
1.080 0.541430
1.085 0.537200
1.090 0.538200
1.095 0.537320
1.100 0.534650
1.105 0.535090
1.110 0.531390
1.115 0.529110
1.120 0.525960
1.125 0.522020
1.130 0.515490
1.135 0.504050
1.140 0.487110
1.145 0.468720
1.150 0.454120
1.155 0.440440
1.160 0.430540
1.165 0.421980
1.170 0.416320
1.175 0.410540
1.180 0.408570
1.185 0.405000
1.190 0.398020
1.195 0.394510
1.200 0.392900
1.205 0.391500
1.210 0.392780
1.215 0.394380
1.220 0.399410
1.225 0.405650
1.230 0.409850
1.235 0.413400
1.240 0.417240
1.245 0.421020
1.250 0.423620
1.255 0.426260
1.260 0.425300
1.265 0.426830
1.270 0.428680
1.275 0.428560
1.280 0.426510
1.285 0.426770
1.290 0.425610
1.295 0.422400
1.300 0.418240
1.305 0.414420
1.310 0.408500
1.315 0.399600
1.320 0.391910
1.325 0.382170
1.330 0.368220
1.335 0.356520
1.340 0.347190
1.345 0.334120
1.350 0.324650
1.355 0.315840
1.360 0.306000
1.365 0.299720
1.370 0.290960
1.375 0.280050
1.380 0.260520
1.385 0.239140
1.390 0.214610
1.395 0.188480
1.400 0.164190
1.405 0.143920
1.410 0.128830
1.415 0.115820
1.420 0.106600
1.425 0.100330
1.430 0.096569
1.435 0.094147
1.440 0.088692
1.445 0.088417
1.450 0.088081
1.455 0.086900
1.460 0.089362
1.465 0.087178
1.470 0.088746
1.475 0.093161
1.480 0.095235
1.485 0.097637
1.490 0.100330
1.495 0.102930
1.500 0.106130
1.505 0.110970
1.510 0.114780
1.515 0.117910
1.520 0.122620
1.525 0.126930
1.530 0.129660
1.535 0.132740
1.540 0.136920
1.545 0.138090
1.550 0.141050
1.555 0.145130
1.560 0.149020
1.565 0.152160
1.570 0.154090
1.575 0.157940
1.580 0.161040
1.585 0.162630
1.590 0.164810
1.595 0.167190
1.600 0.170000
1.605 0.173280
1.610 0.175980
1.615 0.178750
1.620 0.181430
1.625 0.183230
1.630 0.185660
1.635 0.187220
1.640 0.187220
1.645 0.189240
1.650 0.191630
1.655 0.192580
1.660 0.191950
1.665 0.191450
1.670 0.191290
1.675 0.190760
1.680 0.189170
1.685 0.186960
1.690 0.184790
1.695 0.183120
1.700 0.181140
1.705 0.177470
1.710 0.173390
1.715 0.170020
1.720 0.167810
1.725 0.164760
1.730 0.160110
1.735 0.159220
1.740 0.161320
1.745 0.161850
1.750 0.160840
1.755 0.159260
1.760 0.158390
1.765 0.157000
1.770 0.154320
1.775 0.153520
1.780 0.154060
1.785 0.153460
1.790 0.154000
1.795 0.156040
1.800 0.156260
1.805 0.155350
1.810 0.155050
1.815 0.155590
1.820 0.157040
1.825 0.158090
1.830 0.157530
1.835 0.156770
1.840 0.157100
1.845 0.156740
1.850 0.153630
1.855 0.148880
1.860 0.143030
1.865 0.134540
1.870 0.121290
1.875 0.106250
1.880 0.092009
1.885 0.077959
1.890 0.063497
1.895 0.050680
1.900 0.042142
1.905 0.037105
1.910 0.035220
1.915 0.033816
1.920 0.030790
1.925 0.028246
1.930 0.028425
1.935 0.029001
1.940 0.027831
1.945 0.027413
1.950 0.030295
1.955 0.032920
1.960 0.031793
1.965 0.030415
1.970 0.032347
1.975 0.035036
1.980 0.035908
1.985 0.036682
1.990 0.039198
1.995 0.041868
2.000 0.043002
2.005 0.043475
2.010 0.044218
2.015 0.045402
2.020 0.047164
2.025 0.049206
2.030 0.051212
2.035 0.052569
2.040 0.052633
2.045 0.052358
2.050 0.052649
2.055 0.053339
2.060 0.054259
2.065 0.055402
2.070 0.056807
2.075 0.058082
2.080 0.058860
2.085 0.059651
2.090 0.060859
2.095 0.061429
2.100 0.060338
2.105 0.059629
2.110 0.061379
2.115 0.063893
2.120 0.065530
2.125 0.066979
2.130 0.069015
2.135 0.070954
2.140 0.071936
2.145 0.071846
2.150 0.070570
2.155 0.069694
2.160 0.070765
2.165 0.072493
2.170 0.073700
2.175 0.075109
2.180 0.077437
2.185 0.078996
2.190 0.078107
2.195 0.077312
2.200 0.079096
2.205 0.081227
2.210 0.081448
2.215 0.081285
2.220 0.082266
2.225 0.083018
2.230 0.082038
2.235 0.080565
2.240 0.079688
2.245 0.078111
2.250 0.074473
2.255 0.071072
2.260 0.070057
2.265 0.068594
2.270 0.063986
2.275 0.060254
2.280 0.061358
2.285 0.062228
2.290 0.058026
2.295 0.054691
2.300 0.058004
2.305 0.060169
2.310 0.053496
2.315 0.047035
2.320 0.049912
2.325 0.054436
2.330 0.052762
2.335 0.049294
2.340 0.048699
2.345 0.048833
2.350 0.047273
2.355 0.045271
2.360 0.044258
2.365 0.043926
2.370 0.043911
2.375 0.043749
2.380 0.043040
2.385 0.042157
2.390 0.041512
2.395 0.041006
2.400 0.040351
2.405 0.039303
2.410 0.038044
2.415 0.036741
2.420 0.035507
2.425 0.034381
2.430 0.033319
2.435 0.032332
2.440 0.031510
2.445 0.030979
2.450 0.030600
2.455 0.030263
2.460 0.029898
2.465 0.029404
2.470 0.028621
2.475 0.027641
2.480 0.026595
2.485 0.025546
2.490 0.024558
2.495 0.023751
2.500 0.023343
