0.350 0.991600
0.355 0.991760
0.360 0.991920
0.365 0.992080
0.370 0.992240
0.375 0.992400
0.380 0.992560
0.385 0.992720
0.390 0.992880
0.395 0.993040
0.400 0.993200
0.405 0.992600
0.410 0.993400
0.415 0.993760
0.420 0.992800
0.425 0.993000
0.430 0.993400
0.435 0.994500
0.440 0.993400
0.445 0.993030
0.450 0.994000
0.455 0.994710
0.460 0.993400
0.465 0.994960
0.470 0.996000
0.475 0.995450
0.480 0.994000
0.485 0.994920
0.490 0.994100
0.495 0.995020
0.500 0.994100
0.505 0.994590
0.510 0.994500
0.515 0.993790
0.520 0.994100
0.525 0.994970
0.530 0.995400
0.535 0.995350
0.540 0.992000
0.545 0.992580
0.550 0.992900
0.555 0.993530
0.560 0.992800
0.565 0.993000
0.570 0.993000
0.575 0.992080
0.580 0.993200
0.585 0.993310
0.590 0.992700
0.595 0.993150
0.600 0.992400
0.605 0.992420
0.610 0.991600
0.615 0.990890
0.620 0.990800
0.625 0.989410
0.630 0.989700
0.635 0.989060
0.640 0.988800
0.645 0.988820
0.650 0.988200
0.655 0.987500
0.660 0.986600
0.665 0.987070
0.670 0.985900
0.675 0.985720
0.680 0.985000
0.685 0.984950
0.690 0.984500
0.695 0.984030
0.700 0.983900
0.705 0.979040
0.710 0.979700
0.715 0.981080
0.720 0.981100
0.725 0.979730
0.730 0.978200
0.735 0.980230
0.740 0.979400
0.745 0.977270
0.750 0.977700
0.755 0.977170
0.760 0.974700
0.765 0.974390
0.770 0.973300
0.775 0.969620
0.780 0.971900
0.785 0.968370
0.790 0.968500
0.795 0.968780
0.800 0.964500
0.805 0.967170
0.810 0.966950
0.815 0.966080
0.820 0.965300
0.825 0.965040
0.830 0.964970
0.835 0.964880
0.840 0.964500
0.845 0.963340
0.850 0.961860
0.855 0.960290
0.860 0.958500
0.865 0.956150
0.870 0.953590
0.875 0.951050
0.880 0.948800
0.885 0.947340
0.890 0.946190
0.895 0.945140
0.900 0.944300
0.905 0.944000
0.910 0.943900
0.915 0.943800
0.920 0.943500
0.925 0.942660
0.930 0.941610
0.935 0.940450
0.940 0.938900
0.945 0.936360
0.950 0.933450
0.955 0.930490
0.960 0.927700
0.965 0.925350
0.970 0.923140
0.975 0.920860
0.980 0.918000
0.985 0.913610
0.990 0.908640
0.995 0.903650
1.000 0.899100
1.005 0.895750
1.010 0.892870
1.015 0.890100
1.020 0.887500
1.025 0.885300
1.030 0.883290
1.035 0.881570
1.040 0.881200
1.045 0.884330
1.050 0.888780
1.055 0.893280
1.060 0.896800
1.065 0.897630
1.070 0.897430
1.075 0.897070
1.080 0.896800
1.085 0.896870
1.090 0.897080
1.095 0.897340
1.100 0.897700
1.105 0.898330
1.110 0.899040
1.115 0.899660
1.120 0.899700
1.125 0.898210
1.130 0.896120
1.135 0.893860
1.140 0.891300
1.145 0.887980
1.150 0.884350
1.155 0.880550
1.160 0.876100
1.165 0.869990
1.170 0.863260
1.175 0.856470
1.180 0.850000
1.185 0.844410
1.190 0.839050
1.195 0.833070
1.200 0.823500
1.205 0.804560
1.210 0.782240
1.215 0.760490
1.220 0.745200
1.225 0.747070
1.230 0.755460
1.235 0.764650
1.240 0.771700
1.245 0.772640
1.250 0.771250
1.255 0.769570
1.260 0.768600
1.265 0.769680
1.270 0.771490
1.275 0.773070
1.280 0.772700
1.285 0.767180
1.290 0.759800
1.295 0.752650
1.300 0.748700
1.305 0.753220
1.310 0.760920
1.315 0.768830
1.320 0.774700
1.325 0.774960
1.330 0.773070
1.335 0.770840
1.340 0.768800
1.345 0.767480
1.350 0.766430
1.355 0.765410
1.360 0.764300
1.365 0.762920
1.370 0.761430
1.375 0.759950
1.380 0.758600
1.385 0.757580
1.390 0.756480
1.395 0.754260
1.400 0.745900
1.405 0.721520
1.410 0.690770
1.415 0.657610
1.420 0.617500
1.425 0.559870
1.430 0.495830
1.435 0.432370
1.440 0.378400
1.445 0.349770
1.450 0.330900
1.455 0.314010
1.460 0.298200
1.465 0.284410
1.470 0.271400
1.475 0.258710
1.480 0.246900
1.485 0.237370
1.490 0.228790
1.495 0.220840
1.500 0.215400
1.505 0.216420
1.510 0.219890
1.515 0.223610
1.520 0.226300
1.525 0.226080
1.530 0.224830
1.535 0.223820
1.540 0.225200
1.545 0.232900
1.550 0.243020
1.555 0.253580
1.560 0.264100
1.565 0.274310
1.570 0.284340
1.575 0.294090
1.580 0.302400
1.585 0.306980
1.590 0.310060
1.595 0.312510
1.600 0.313000
1.605 0.308530
1.610 0.302380
1.615 0.297060
1.620 0.298100
1.625 0.315820
1.630 0.339790
1.635 0.364050
1.640 0.383700
1.645 0.390770
1.650 0.393090
1.655 0.394960
1.660 0.399100
1.665 0.409550
1.670 0.422350
1.675 0.435140
1.680 0.445500
1.685 0.449330
1.690 0.450710
1.695 0.451880
1.700 0.454400
1.705 0.460630
1.710 0.468230
1.715 0.475680
1.720 0.481000
1.725 0.480660
1.730 0.478220
1.735 0.475860
1.740 0.476000
1.745 0.482830
1.750 0.492110
1.755 0.501220
1.760 0.506900
1.765 0.503460
1.770 0.496670
1.775 0.490140
1.780 0.488400
1.785 0.499400
1.790 0.515170
1.795 0.531110
1.800 0.543200
1.805 0.544880
1.810 0.542660
1.815 0.540300
1.820 0.541100
1.825 0.550450
1.830 0.562940
1.835 0.575170
1.840 0.582900
1.845 0.578580
1.850 0.569490
1.855 0.558790
1.860 0.543900
1.865 0.518520
1.870 0.489120
1.875 0.458930
1.880 0.428400
1.885 0.397350
1.890 0.366170
1.895 0.335290
1.900 0.306200
1.905 0.281800
1.910 0.259270
1.915 0.237490
1.920 0.218000
1.925 0.204290
1.930 0.192810
1.935 0.181770
1.940 0.170900
1.945 0.160320
1.950 0.149890
1.955 0.139750
1.960 0.131000
1.965 0.125900
1.970 0.122200
1.975 0.118810
1.980 0.115700
1.985 0.113210
1.990 0.110990
1.995 0.108950
2.000 0.107700
2.005 0.108480
2.010 0.110050
2.015 0.111880
2.020 0.114300
2.025 0.118210
2.030 0.122680
2.035 0.127130
2.040 0.131000
2.045 0.133290
2.050 0.134990
2.055 0.136740
2.060 0.139300
2.065 0.144020
2.070 0.149580
2.075 0.155370
2.080 0.161600
2.085 0.168890
2.090 0.176610
2.095 0.184470
2.100 0.192700
2.105 0.201870
2.110 0.211460
2.115 0.221440
2.120 0.233200
2.125 0.249530
2.130 0.267550
2.135 0.285520
2.140 0.301500
2.145 0.312150
2.150 0.320740
2.155 0.328850
2.160 0.336400
2.165 0.342690
2.170 0.348580
2.175 0.354850
2.180 0.363600
2.185 0.378830
2.190 0.396480
2.195 0.414110
2.200 0.429300
2.205 0.437900
2.210 0.443920
2.215 0.449190
2.220 0.452900
2.225 0.452770
2.230 0.451180
2.235 0.449410
2.240 0.448100
2.245 0.448100
2.250 0.447800
2.255 0.446100
2.260 0.444900
2.265 0.443600
2.270 0.441700
2.275 0.439000
2.280 0.435400
2.285 0.431500
2.290 0.427900
2.295 0.423700
2.300 0.418700
2.305 0.414700
2.310 0.411000
2.315 0.405100
2.320 0.399800
2.325 0.394600
2.330 0.389600
2.335 0.385100
2.340 0.379700
2.345 0.374300
2.350 0.370400
2.355 0.366500
2.360 0.363500
2.365 0.359900
2.370 0.357300
2.375 0.353900
2.380 0.350600
2.385 0.347700
2.390 0.345700
2.395 0.343100
2.400 0.341200
2.405 0.338700
2.410 0.336800
2.415 0.334500
2.420 0.332600
2.425 0.330100
2.430 0.327600
2.435 0.325200
2.440 0.324000
2.445 0.321600
2.450 0.319900
2.455 0.317000
2.460 0.314700
2.465 0.312200
2.470 0.310400
2.475 0.307200
2.480 0.305600
2.485 0.303300
2.490 0.301600
2.495 0.298700
2.500 0.296500
