0.350 0.013454
0.355 0.014800
0.360 0.016145
0.365 0.017491
0.370 0.018836
0.375 0.020182
0.380 0.021527
0.385 0.022873
0.390 0.024218
0.395 0.025564
0.400 0.026909
0.405 0.028842
0.410 0.032471
0.415 0.031545
0.420 0.034663
0.425 0.039566
0.430 0.041642
0.435 0.045048
0.440 0.048337
0.445 0.051224
0.450 0.054430
0.455 0.053048
0.460 0.058011
0.465 0.061183
0.470 0.059812
0.475 0.061134
0.480 0.067150
0.485 0.066837
0.490 0.069558
0.495 0.074078
0.500 0.073519
0.505 0.075668
0.510 0.081680
0.515 0.083030
0.520 0.084294
0.525 0.084829
0.530 0.086126
0.535 0.090027
0.540 0.091627
0.545 0.092286
0.550 0.096606
0.555 0.100860
0.560 0.101050
0.565 0.109730
0.570 0.108660
0.575 0.116560
0.580 0.116920
0.585 0.119030
0.590 0.116980
0.595 0.119490
0.600 0.124710
0.605 0.126380
0.610 0.124650
0.615 0.127870
0.620 0.134640
0.625 0.136910
0.630 0.137920
0.635 0.145020
0.640 0.143220
0.645 0.143140
0.650 0.150600
0.655 0.147130
0.660 0.152910
0.665 0.154360
0.670 0.157560
0.675 0.157110
0.680 0.162440
0.685 0.164610
0.690 0.163400
0.695 0.166550
0.700 0.170770
0.705 0.171250
0.710 0.174360
0.715 0.175620
0.720 0.179660
0.725 0.180470
0.730 0.183190
0.735 0.184450
0.740 0.185760
0.745 0.188450
0.750 0.190750
0.755 0.193260
0.760 0.193580
0.765 0.195870
0.770 0.199240
0.775 0.200660
0.780 0.203800
0.785 0.205300
0.790 0.203550
0.795 0.204840
0.800 0.212810
0.805 0.211270
0.810 0.215160
0.815 0.216150
0.820 0.219350
0.825 0.219180
0.830 0.219940
0.835 0.221010
0.840 0.223150
0.845 0.224070
0.850 0.224710
0.855 0.223860
0.860 0.226340
0.865 0.225850
0.870 0.226710
0.875 0.227810
0.880 0.229880
0.885 0.232190
0.890 0.231620
0.895 0.233000
0.900 0.234630
0.905 0.235990
0.910 0.236270
0.915 0.238590
0.920 0.240240
0.925 0.240300
0.930 0.241610
0.935 0.242820
0.940 0.242970
0.945 0.246640
0.950 0.247150
0.955 0.247530
0.960 0.249420
0.965 0.248310
0.970 0.252030
0.975 0.250850
0.980 0.251450
0.985 0.250590
0.990 0.254780
0.995 0.255680
1.000 0.257990
1.005 0.258530
1.010 0.258280
1.015 0.263570
1.020 0.261750
1.025 0.261480
1.030 0.263590
1.035 0.264790
1.040 0.265620
1.045 0.271330
1.050 0.274410
1.055 0.274900
1.060 0.271060
1.065 0.273660
1.070 0.276410
1.075 0.272900
1.080 0.271540
1.085 0.278760
1.090 0.279950
1.095 0.282790
1.100 0.281960
1.105 0.281280
1.110 0.284340
1.115 0.284630
1.120 0.284160
1.125 0.289090
1.130 0.286970
1.135 0.287430
1.140 0.289730
1.145 0.287470
1.150 0.289240
1.155 0.288100
1.160 0.290830
1.165 0.291080
1.170 0.294000
1.175 0.295650
1.180 0.297620
1.185 0.298240
1.190 0.300920
1.195 0.300120
1.200 0.301440
1.205 0.302860
1.210 0.300760
1.215 0.303790
1.220 0.304300
1.225 0.304060
1.230 0.303110
1.235 0.304760
1.240 0.306780
1.245 0.306120
1.250 0.308850
1.255 0.313560
1.260 0.312050
1.265 0.314500
1.270 0.317390
1.275 0.319050
1.280 0.317880
1.285 0.319660
1.290 0.317830
1.295 0.319110
1.300 0.319390
1.305 0.321870
1.310 0.324240
1.315 0.323630
1.320 0.324200
1.325 0.323850
1.330 0.321330
1.335 0.322060
1.340 0.320980
1.345 0.324560
1.350 0.323240
1.355 0.325480
1.360 0.325850
1.365 0.325330
1.370 0.325090
1.375 0.324550
1.380 0.324050
1.385 0.321470
1.390 0.322660
1.395 0.322100
1.400 0.320400
1.405 0.321380
1.410 0.319110
1.415 0.318090
1.420 0.320850
1.425 0.320450
1.430 0.318460
1.435 0.321400
1.440 0.322260
1.445 0.321960
1.450 0.319410
1.455 0.320560
1.460 0.322710
1.465 0.324030
1.470 0.324860
1.475 0.324680
1.480 0.327020
1.485 0.327100
1.490 0.329740
1.495 0.331380
1.500 0.326870
1.505 0.328850
1.510 0.328940
1.515 0.330130
1.520 0.330070
1.525 0.332240
1.530 0.336900
1.535 0.340950
1.540 0.336250
1.545 0.337030
1.550 0.337090
1.555 0.337130
1.560 0.337060
1.565 0.337680
1.570 0.336900
1.575 0.339590
1.580 0.341000
1.585 0.340390
1.590 0.338900
1.595 0.336290
1.600 0.336030
1.605 0.338490
1.610 0.340260
1.615 0.339980
1.620 0.341720
1.625 0.340590
1.630 0.343160
1.635 0.345920
1.640 0.343680
1.645 0.344730
1.650 0.341030
1.655 0.342480
1.660 0.341800
1.665 0.343360
1.670 0.343330
1.675 0.343350
1.680 0.343760
1.685 0.344290
1.690 0.344810
1.695 0.343470
1.700 0.342450
1.705 0.343030
1.710 0.343040
1.715 0.345190
1.720 0.345740
1.725 0.344340
1.730 0.344340
1.735 0.345090
1.740 0.347430
1.745 0.347150
1.750 0.348990
1.755 0.350380
1.760 0.345530
1.765 0.346990
1.770 0.345640
1.775 0.344390
1.780 0.345000
1.785 0.345390
1.790 0.343940
1.795 0.343690
1.800 0.344510
1.805 0.345330
1.810 0.347800
1.815 0.347430
1.820 0.347870
1.825 0.347680
1.830 0.349060
1.835 0.347400
1.840 0.346470
1.845 0.347670
1.850 0.347210
1.855 0.346020
1.860 0.344780
1.865 0.344670
1.870 0.338960
1.875 0.334700
1.880 0.328920
1.885 0.322170
1.890 0.313860
1.895 0.302660
1.900 0.294730
1.905 0.289810
1.910 0.286250
1.915 0.281450
1.920 0.284180
1.925 0.283410
1.930 0.285190
1.935 0.286350
1.940 0.291710
1.945 0.291750
1.950 0.294930
1.955 0.295630
1.960 0.297460
1.965 0.298570
1.970 0.299440
1.975 0.304970
1.980 0.303590
1.985 0.306740
1.990 0.308970
1.995 0.313860
2.000 0.315510
2.005 0.315440
2.010 0.315880
2.015 0.314970
2.020 0.316240
2.025 0.319070
2.030 0.320160
2.035 0.320180
2.040 0.320290
2.045 0.321830
2.050 0.320770
2.055 0.322420
2.060 0.320700
2.065 0.322620
2.070 0.322720
2.075 0.324730
2.080 0.323790
2.085 0.325630
2.090 0.325240
2.095 0.326930
2.100 0.325360
2.105 0.326420
2.110 0.324160
2.115 0.326640
2.120 0.327560
2.125 0.326010
2.130 0.325640
2.135 0.325500
2.140 0.324720
2.145 0.325760
2.150 0.324680
2.155 0.325380
2.160 0.324460
2.165 0.324030
2.170 0.323600
2.175 0.322670
2.180 0.322200
2.185 0.322140
2.190 0.321090
2.195 0.321020
2.200 0.320790
2.205 0.320290
2.210 0.321000
2.215 0.321920
2.220 0.322600
2.225 0.322610
2.230 0.322930
2.235 0.322380
2.240 0.323650
2.245 0.321430
2.250 0.321400
2.255 0.320800
2.260 0.320750
2.265 0.319560
2.270 0.319540
2.275 0.318510
2.280 0.318850
2.285 0.317720
2.290 0.316290
2.295 0.316850
2.300 0.315280
2.305 0.315370
2.310 0.314440
2.315 0.314530
2.320 0.315100
2.325 0.314760
2.330 0.314050
2.335 0.314150
2.340 0.314080
2.345 0.313180
2.350 0.311220
2.355 0.311740
2.360 0.312350
2.365 0.311360
2.370 0.311510
2.375 0.310590
2.380 0.310530
2.385 0.309210
2.390 0.307810
2.395 0.307340
2.400 0.306780
2.405 0.305790
2.410 0.304970
2.415 0.304290
2.420 0.302240
2.425 0.300630
2.430 0.299790
2.435 0.299120
2.440 0.296830
2.445 0.295270
2.450 0.293740
2.455 0.292320
2.460 0.291460
2.465 0.289190
2.470 0.288190
2.475 0.287080
2.480 0.285210
2.485 0.284870
2.490 0.283390
2.495 0.282090
2.500 0.282230
