0.350 0.060198
0.355 0.066218
0.360 0.072238
0.365 0.078257
0.370 0.084277
0.375 0.090297
0.380 0.096317
0.385 0.102340
0.390 0.108360
0.395 0.114380
0.400 0.120400
0.405 0.121640
0.410 0.122790
0.415 0.124480
0.420 0.126110
0.425 0.127710
0.430 0.129640
0.435 0.131500
0.440 0.133820
0.445 0.136580
0.450 0.138480
0.455 0.139930
0.460 0.140940
0.465 0.141860
0.470 0.142970
0.475 0.143650
0.480 0.145640
0.485 0.148350
0.490 0.150180
0.495 0.152010
0.500 0.153380
0.505 0.154680
0.510 0.156250
0.515 0.157840
0.520 0.159750
0.525 0.161490
0.530 0.163640
0.535 0.165740
0.540 0.167810
0.545 0.170050
0.550 0.172180
0.555 0.174830
0.560 0.177660
0.565 0.179780
0.570 0.182070
0.575 0.184330
0.580 0.186170
0.585 0.188210
0.590 0.190120
0.595 0.191820
0.600 0.193190
0.605 0.194770
0.610 0.195880
0.615 0.197060
0.620 0.198510
0.625 0.199780
0.630 0.200760
0.635 0.202020
0.640 0.203190
0.645 0.204780
0.650 0.206140
0.655 0.207580
0.660 0.209050
0.665 0.210440
0.670 0.211980
0.675 0.213250
0.680 0.214800
0.685 0.215840
0.690 0.217190
0.695 0.218070
0.700 0.218650
0.705 0.219550
0.710 0.220670
0.715 0.221210
0.720 0.221710
0.725 0.222190
0.730 0.223320
0.735 0.224150
0.740 0.224670
0.745 0.224890
0.750 0.225190
0.755 0.225430
0.760 0.225850
0.765 0.226920
0.770 0.226970
0.775 0.227180
0.780 0.227790
0.785 0.228600
0.790 0.228340
0.795 0.227820
0.800 0.227920
0.805 0.231910
0.810 0.231210
0.815 0.229100
0.820 0.227930
0.825 0.224850
0.830 0.220510
0.835 0.214750
0.840 0.204520
0.845 0.207850
0.850 0.218530
0.855 0.229670
0.860 0.235700
0.865 0.235220
0.870 0.237490
0.875 0.236270
0.880 0.236330
0.885 0.235920
0.890 0.235720
0.895 0.235280
0.900 0.236070
0.905 0.236090
0.910 0.235190
0.915 0.235040
0.920 0.234670
0.925 0.233700
0.930 0.232230
0.935 0.231450
0.940 0.231750
0.945 0.231820
0.950 0.231310
0.955 0.230970
0.960 0.231180
0.965 0.230740
0.970 0.231180
0.975 0.230970
0.980 0.230520
0.985 0.230990
0.990 0.231110
0.995 0.231140
1.000 0.231280
1.005 0.231180
1.010 0.231420
1.015 0.231760
1.020 0.231960
1.025 0.232130
1.030 0.232740
1.035 0.232910
1.040 0.232630
1.045 0.233690
1.050 0.234680
1.055 0.234490
1.060 0.234510
1.065 0.235280
1.070 0.236290
1.075 0.236830
1.080 0.236640
1.085 0.237730
1.090 0.238650
1.095 0.239450
1.100 0.239970
1.105 0.240290
1.110 0.240620
1.115 0.242030
1.120 0.242620
1.125 0.242960
1.130 0.243680
1.135 0.244890
1.140 0.245350
1.145 0.245580
1.150 0.246150
1.155 0.246350
1.160 0.247520
1.165 0.247750
1.170 0.247850
1.175 0.248520
1.180 0.248880
1.185 0.249010
1.190 0.249390
1.195 0.250090
1.200 0.250530
1.205 0.250390
1.210 0.250990
1.215 0.250910
1.220 0.251960
1.225 0.251840
1.230 0.252620
1.235 0.252410
1.240 0.252310
1.245 0.253300
1.250 0.253260
1.255 0.253270
1.260 0.254110
1.265 0.253580
1.270 0.254380
1.275 0.254280
1.280 0.254220
1.285 0.254860
1.290 0.254880
1.295 0.255060
1.300 0.255350
1.305 0.255000
1.310 0.255370
1.315 0.255910
1.320 0.255650
1.325 0.256100
1.330 0.256690
1.335 0.257270
1.340 0.256820
1.345 0.256280
1.350 0.255640
1.355 0.256050
1.360 0.257260
1.365 0.257990
1.370 0.257030
1.375 0.256410
1.380 0.256870
1.385 0.256710
1.390 0.256250
1.395 0.255570
1.400 0.254810
1.405 0.254060
1.410 0.253770
1.415 0.253320
1.420 0.253980
1.425 0.254140
1.430 0.254220
1.435 0.254570
1.440 0.254860
1.445 0.255320
1.450 0.255760
1.455 0.256520
1.460 0.256530
1.465 0.256460
1.470 0.257210
1.475 0.257290
1.480 0.257710
1.485 0.258110
1.490 0.258360
1.495 0.258150
1.500 0.259100
1.505 0.259380
1.510 0.259470
1.515 0.259190
1.520 0.259480
1.525 0.259910
1.530 0.259960
1.535 0.260460
1.540 0.260050
1.545 0.260770
1.550 0.260820
1.555 0.260550
1.560 0.260940
1.565 0.261120
1.570 0.261180
1.575 0.261310
1.580 0.261150
1.585 0.261480
1.590 0.261230
1.595 0.260990
1.600 0.261590
1.605 0.261300
1.610 0.261420
1.615 0.261300
1.620 0.261080
1.625 0.261240
1.630 0.260930
1.635 0.261020
1.640 0.261030
1.645 0.260750
1.650 0.260880
1.655 0.260720
1.660 0.260570
1.665 0.260610
1.670 0.259870
1.675 0.260280
1.680 0.260920
1.685 0.260180
1.690 0.259550
1.695 0.259390
1.700 0.259140
1.705 0.259130
1.710 0.259340
1.715 0.258940
1.720 0.258710
1.725 0.258790
1.730 0.258780
1.735 0.258080
1.740 0.257940
1.745 0.257520
1.750 0.257340
1.755 0.257170
1.760 0.257360
1.765 0.257280
1.770 0.257130
1.775 0.257070
1.780 0.256880
1.785 0.256440
1.790 0.256190
1.795 0.255610
1.800 0.255740
1.805 0.255170
1.810 0.254830
1.815 0.254540
1.820 0.253930
1.825 0.253700
1.830 0.254110
1.835 0.253900
1.840 0.253420
1.845 0.253320
1.850 0.252300
1.855 0.251710
1.860 0.252100
1.865 0.251740
1.870 0.249940
1.875 0.248340
1.880 0.246890
1.885 0.244510
1.890 0.241440
1.895 0.238230
1.900 0.234660
1.905 0.231580
1.910 0.229710
1.915 0.230070
1.920 0.229390
1.925 0.228530
1.930 0.229950
1.935 0.231080
1.940 0.231100
1.945 0.231600
1.950 0.232920
1.955 0.232430
1.960 0.231710
1.965 0.232120
1.970 0.232870
1.975 0.233240
1.980 0.233310
1.985 0.233690
1.990 0.234140
1.995 0.234110
2.000 0.234830
2.005 0.235290
2.010 0.235860
2.015 0.236080
2.020 0.236350
2.025 0.236270
2.030 0.236960
2.035 0.236660
2.040 0.236580
2.045 0.237080
2.050 0.236680
2.055 0.235860
2.060 0.235800
2.065 0.235600
2.070 0.236370
2.075 0.235510
2.080 0.234690
2.085 0.234450
2.090 0.234440
2.095 0.233630
2.100 0.233660
2.105 0.233640
2.110 0.234220
2.115 0.234850
2.120 0.235510
2.125 0.234650
2.130 0.235300
2.135 0.235610
2.140 0.235490
2.145 0.235710
2.150 0.234550
2.155 0.234500
2.160 0.234410
2.165 0.232200
2.170 0.231040
2.175 0.231070
2.180 0.231090
2.185 0.229670
2.190 0.230130
2.195 0.228600
2.200 0.227340
2.205 0.226550
2.210 0.225140
2.215 0.225910
2.220 0.224750
2.225 0.224310
2.230 0.224540
2.235 0.223860
2.240 0.222550
2.245 0.222370
2.250 0.222310
2.255 0.222020
2.260 0.222930
2.265 0.222290
2.270 0.221580
2.275 0.221450
2.280 0.219240
2.285 0.221600
2.290 0.219660
2.295 0.217310
2.300 0.218440
2.305 0.218910
2.310 0.219060
2.315 0.218340
2.320 0.220040
2.325 0.218330
2.330 0.217750
2.335 0.222000
2.340 0.214440
2.345 0.218520
2.350 0.215840
2.355 0.215540
2.360 0.214830
2.365 0.214140
2.370 0.211380
2.375 0.215940
2.380 0.208760
2.385 0.212620
2.390 0.212180
2.395 0.213290
2.400 0.208460
2.405 0.208890
2.410 0.209470
2.415 0.208070
2.420 0.208090
2.425 0.209800
2.430 0.208650
2.435 0.207040
2.440 0.205920
2.445 0.204690
2.450 0.203740
2.455 0.205600
2.460 0.205240
2.465 0.202090
2.470 0.202440
2.475 0.202980
2.480 0.202020
2.485 0.203840
2.490 0.201940
2.495 0.199250
2.500 0.199510
