0.350 0.015935
0.355 0.017529
0.360 0.019122
0.365 0.020716
0.370 0.022309
0.375 0.023903
0.380 0.025496
0.385 0.027090
0.390 0.028683
0.395 0.030277
0.400 0.031870
0.405 0.035792
0.410 0.030353
0.415 0.030385
0.420 0.031686
0.425 0.030559
0.430 0.030380
0.435 0.029757
0.440 0.031101
0.445 0.031146
0.450 0.030560
0.455 0.030725
0.460 0.030607
0.465 0.031034
0.470 0.030678
0.475 0.030441
0.480 0.030368
0.485 0.031035
0.490 0.031124
0.495 0.031587
0.500 0.033985
0.505 0.037489
0.510 0.044174
0.515 0.056102
0.520 0.073332
0.525 0.094295
0.530 0.113370
0.535 0.126340
0.540 0.132870
0.545 0.136290
0.550 0.138970
0.555 0.139490
0.560 0.135350
0.565 0.125590
0.570 0.112070
0.575 0.098285
0.580 0.087849
0.585 0.080384
0.590 0.074741
0.595 0.071462
0.600 0.069698
0.605 0.068015
0.610 0.064266
0.615 0.059315
0.620 0.055479
0.625 0.053312
0.630 0.052270
0.635 0.050529
0.640 0.045797
0.645 0.040474
0.650 0.036873
0.655 0.035426
0.660 0.033903
0.665 0.032904
0.670 0.033365
0.675 0.035331
0.680 0.038677
0.685 0.043354
0.690 0.053833
0.695 0.087876
0.700 0.153480
0.705 0.241920
0.710 0.339260
0.715 0.440810
0.720 0.541400
0.725 0.634150
0.730 0.712700
0.735 0.773920
0.740 0.818990
0.745 0.849050
0.750 0.867740
0.755 0.878610
0.760 0.884450
0.765 0.887270
0.770 0.888410
0.775 0.889220
0.780 0.889940
0.785 0.890530
0.790 0.891610
0.795 0.892540
0.800 0.893430
0.805 0.894260
0.810 0.895260
0.815 0.896530
0.820 0.897060
0.825 0.897790
0.830 0.898390
0.835 0.898880
0.840 0.899260
0.845 0.900150
0.850 0.900790
0.855 0.901630
0.860 0.901930
0.865 0.902750
0.870 0.903190
0.875 0.903490
0.880 0.903930
0.885 0.904020
0.890 0.904200
0.895 0.904240
0.900 0.904310
0.905 0.904480
0.910 0.904560
0.915 0.904260
0.920 0.904210
0.925 0.902960
0.930 0.900880
0.935 0.898390
0.940 0.895490
0.945 0.891820
0.950 0.885900
0.955 0.878870
0.960 0.872810
0.965 0.869470
0.970 0.868710
0.975 0.868900
0.980 0.869980
0.985 0.871950
0.990 0.874240
0.995 0.877380
1.000 0.880400
1.005 0.886450
1.010 0.889150
1.015 0.891350
1.020 0.896340
1.025 0.899460
1.030 0.902500
1.035 0.904670
1.040 0.906900
1.045 0.910560
1.050 0.911360
1.055 0.913360
1.060 0.913860
1.065 0.915930
1.070 0.917340
1.075 0.916840
1.080 0.918530
1.085 0.916720
1.090 0.916460
1.095 0.914960
1.100 0.914820
1.105 0.913580
1.110 0.910190
1.115 0.909170
1.120 0.904740
1.125 0.901020
1.130 0.892990
1.135 0.881970
1.140 0.866310
1.145 0.849560
1.150 0.835560
1.155 0.824510
1.160 0.819760
1.165 0.815940
1.170 0.815410
1.175 0.815580
1.180 0.814510
1.185 0.814460
1.190 0.813460
1.195 0.814220
1.200 0.816230
1.205 0.817490
1.210 0.820010
1.215 0.822270
1.220 0.825060
1.225 0.827550
1.230 0.830330
1.235 0.832380
1.240 0.834440
1.245 0.837010
1.250 0.839290
1.255 0.840030
1.260 0.841380
1.265 0.841350
1.270 0.841130
1.275 0.840470
1.280 0.838830
1.285 0.835300
1.290 0.831770
1.295 0.826840
1.300 0.819900
1.305 0.812060
1.310 0.802730
1.315 0.791050
1.320 0.777340
1.325 0.762350
1.330 0.745500
1.335 0.728230
1.340 0.711930
1.345 0.696280
1.350 0.681030
1.355 0.666560
1.360 0.650360
1.365 0.630460
1.370 0.603630
1.375 0.567960
1.380 0.519310
1.385 0.459730
1.390 0.394870
1.395 0.334240
1.400 0.282560
1.405 0.243550
1.410 0.216400
1.415 0.198510
1.420 0.187220
1.425 0.179980
1.430 0.176310
1.435 0.174160
1.440 0.174090
1.445 0.175140
1.450 0.176820
1.455 0.179090
1.460 0.183050
1.465 0.189400
1.470 0.197530
1.475 0.207390
1.480 0.218380
1.485 0.230790
1.490 0.243830
1.495 0.257260
1.500 0.271060
1.505 0.285140
1.510 0.299700
1.515 0.313910
1.520 0.328410
1.525 0.342150
1.530 0.355540
1.535 0.368980
1.540 0.382260
1.545 0.394720
1.550 0.407200
1.555 0.418620
1.560 0.430220
1.565 0.441010
1.570 0.451220
1.575 0.460780
1.580 0.470110
1.585 0.479320
1.590 0.487330
1.595 0.495880
1.600 0.503630
1.605 0.510460
1.610 0.517370
1.615 0.523860
1.620 0.529550
1.625 0.534740
1.630 0.540070
1.635 0.545140
1.640 0.549000
1.645 0.552490
1.650 0.555260
1.655 0.557900
1.660 0.558470
1.665 0.559280
1.670 0.559590
1.675 0.558380
1.680 0.556440
1.685 0.554030
1.690 0.550780
1.695 0.547640
1.700 0.544040
1.705 0.539650
1.710 0.535360
1.715 0.529930
1.720 0.524340
1.725 0.517750
1.730 0.511960
1.735 0.505160
1.740 0.498280
1.745 0.490690
1.750 0.482640
1.755 0.474160
1.760 0.465810
1.765 0.458030
1.770 0.451150
1.775 0.445590
1.780 0.440930
1.785 0.437090
1.790 0.434540
1.795 0.434080
1.800 0.433320
1.805 0.427410
1.810 0.427150
1.815 0.426330
1.820 0.424720
1.825 0.422610
1.830 0.418620
1.835 0.412260
1.840 0.402700
1.845 0.389300
1.850 0.370620
1.855 0.345600
1.860 0.313620
1.865 0.274420
1.870 0.228510
1.875 0.180520
1.880 0.136010
1.885 0.098385
1.890 0.069912
1.895 0.050766
1.900 0.039760
1.905 0.033587
1.910 0.030517
1.915 0.028902
1.920 0.028147
1.925 0.028095
1.930 0.028483
1.935 0.029222
1.940 0.030315
1.945 0.031703
1.950 0.033516
1.955 0.035426
1.960 0.037797
1.965 0.040470
1.970 0.043339
1.975 0.046645
1.980 0.050281
1.985 0.054127
1.990 0.058393
1.995 0.062782
2.000 0.067367
2.005 0.072115
2.010 0.077126
2.015 0.082128
2.020 0.087150
2.025 0.092084
2.030 0.097038
2.035 0.102010
2.040 0.106720
2.045 0.111490
2.050 0.116420
2.055 0.121270
2.060 0.126460
2.065 0.131560
2.070 0.136630
2.075 0.141900
2.080 0.147130
2.085 0.152400
2.090 0.157470
2.095 0.162540
2.100 0.167650
2.105 0.172810
2.110 0.177670
2.115 0.182460
2.120 0.187200
2.125 0.191720
2.130 0.195810
2.135 0.199900
2.140 0.203350
2.145 0.206980
2.150 0.210400
2.155 0.213420
2.160 0.216320
2.165 0.219080
2.170 0.221630
2.175 0.224080
2.180 0.226500
2.185 0.228770
2.190 0.231080
2.195 0.233110
2.200 0.234410
2.205 0.235320
2.210 0.236090
2.215 0.236140
2.220 0.235790
2.225 0.234580
2.230 0.232720
2.235 0.229920
2.240 0.226730
2.245 0.222960
2.250 0.218780
2.255 0.214220
2.260 0.209310
2.265 0.204500
2.270 0.199060
2.275 0.193970
2.280 0.189160
2.285 0.184390
2.290 0.179770
2.295 0.174620
2.300 0.169740
2.305 0.164810
2.310 0.160200
2.315 0.156300
2.320 0.152520
2.325 0.148370
2.330 0.144020
2.335 0.139630
2.340 0.134580
2.345 0.130160
2.350 0.125610
2.355 0.121760
2.360 0.117460
2.365 0.113810
2.370 0.109940
2.375 0.106020
2.380 0.101920
2.385 0.098054
2.390 0.094026
2.395 0.090035
2.400 0.085516
2.405 0.082242
2.410 0.078714
2.415 0.075105
2.420 0.071247
2.425 0.068319
2.430 0.065234
2.435 0.060827
2.440 0.058633
2.445 0.055087
2.450 0.051667
2.455 0.050071
2.460 0.046437
2.465 0.044928
2.470 0.043949
2.475 0.041302
2.480 0.039868
2.485 0.037720
2.490 0.037282
2.495 0.035262
2.500 0.036107
