0.350 0.972500
0.355 0.973110
0.360 0.973720
0.365 0.974330
0.370 0.974940
0.375 0.975550
0.380 0.976160
0.385 0.976770
0.390 0.977380
0.395 0.977990
0.400 0.978600
0.405 0.980060
0.410 0.980070
0.415 0.981150
0.420 0.982060
0.425 0.983160
0.430 0.982310
0.435 0.982130
0.440 0.983260
0.445 0.983730
0.450 0.984840
0.455 0.986420
0.460 0.984920
0.465 0.984170
0.470 0.985360
0.475 0.986510
0.480 0.986610
0.485 0.984610
0.490 0.984870
0.495 0.984970
0.500 0.984230
0.505 0.984720
0.510 0.984050
0.515 0.982860
0.520 0.983530
0.525 0.982570
0.530 0.981980
0.535 0.982020
0.540 0.982020
0.545 0.981310
0.550 0.981460
0.555 0.981650
0.560 0.979810
0.565 0.982340
0.570 0.980040
0.575 0.980210
0.580 0.978880
0.585 0.978400
0.590 0.977630
0.595 0.976070
0.600 0.976320
0.605 0.974720
0.610 0.974740
0.615 0.972170
0.620 0.972520
0.625 0.970510
0.630 0.968970
0.635 0.967570
0.640 0.966700
0.645 0.965740
0.650 0.964370
0.655 0.965410
0.660 0.961780
0.665 0.959710
0.670 0.957400
0.675 0.958310
0.680 0.956490
0.685 0.956110
0.690 0.954580
0.695 0.953240
0.700 0.951440
0.705 0.948700
0.710 0.947300
0.715 0.945000
0.720 0.943400
0.725 0.941250
0.730 0.940340
0.735 0.939610
0.740 0.937980
0.745 0.935950
0.750 0.933420
0.755 0.929370
0.760 0.927840
0.765 0.923950
0.770 0.921070
0.775 0.918400
0.780 0.913090
0.785 0.911570
0.790 0.908510
0.795 0.904850
0.800 0.899190
0.805 0.901730
0.810 0.900390
0.815 0.899560
0.820 0.899020
0.825 0.898880
0.830 0.898850
0.835 0.898700
0.840 0.897670
0.845 0.894370
0.850 0.890180
0.855 0.885720
0.860 0.880740
0.865 0.874440
0.870 0.867660
0.875 0.860900
0.880 0.854770
0.885 0.850320
0.890 0.846530
0.895 0.842950
0.900 0.839870
0.905 0.838040
0.910 0.836680
0.915 0.835360
0.920 0.833810
0.925 0.831610
0.930 0.829120
0.935 0.826450
0.940 0.823000
0.945 0.817550
0.950 0.811310
0.955 0.804810
0.960 0.797740
0.965 0.789210
0.970 0.780120
0.975 0.770920
0.980 0.761730
0.985 0.752570
0.990 0.743430
0.995 0.734240
1.000 0.724830
1.005 0.714840
1.010 0.704690
1.015 0.694800
1.020 0.686590
1.025 0.682760
1.030 0.680660
1.035 0.679260
1.040 0.679870
1.045 0.685600
1.050 0.693250
1.055 0.701130
1.060 0.708230
1.065 0.713170
1.070 0.717260
1.075 0.721090
1.080 0.724330
1.085 0.726110
1.090 0.727310
1.095 0.728320
1.100 0.728880
1.105 0.728300
1.110 0.727260
1.115 0.725960
1.120 0.723670
1.125 0.718850
1.130 0.713050
1.135 0.706940
1.140 0.700170
1.145 0.691750
1.150 0.682640
1.155 0.673170
1.160 0.662320
1.165 0.647950
1.170 0.632250
1.175 0.616450
1.180 0.601390
1.185 0.588390
1.190 0.576140
1.195 0.563820
1.200 0.550300
1.205 0.533620
1.210 0.515790
1.215 0.498080
1.220 0.482160
1.225 0.471020
1.230 0.461790
1.235 0.453240
1.240 0.446580
1.245 0.444690
1.250 0.444630
1.255 0.444870
1.260 0.445010
1.265 0.444710
1.270 0.444260
1.275 0.443860
1.280 0.443870
1.285 0.444980
1.290 0.446490
1.295 0.448050
1.300 0.449400
1.305 0.450180
1.310 0.450740
1.315 0.451230
1.320 0.451580
1.325 0.451570
1.330 0.451400
1.335 0.451100
1.340 0.450200
1.345 0.447770
1.350 0.444760
1.355 0.441650
1.360 0.438600
1.365 0.435740
1.370 0.432920
1.375 0.429990
1.380 0.426350
1.385 0.420840
1.390 0.414340
1.395 0.406190
1.400 0.389960
1.405 0.352720
1.410 0.307470
1.415 0.260980
1.420 0.215660
1.425 0.174130
1.430 0.134280
1.435 0.095971
1.440 0.064470
1.445 0.050577
1.450 0.043457
1.455 0.037696
1.460 0.032647
1.465 0.028874
1.470 0.025597
1.475 0.022500
1.480 0.019888
1.485 0.018504
1.490 0.017598
1.495 0.016831
1.500 0.016344
1.505 0.016548
1.510 0.017016
1.515 0.017533
1.520 0.018054
1.525 0.018562
1.530 0.019070
1.535 0.019610
1.540 0.020317
1.545 0.021464
1.550 0.022780
1.555 0.024137
1.560 0.025541
1.565 0.027056
1.570 0.028610
1.575 0.030157
1.580 0.031623
1.585 0.032876
1.590 0.034048
1.595 0.035215
1.600 0.036435
1.605 0.037800
1.610 0.039232
1.615 0.040736
1.620 0.042572
1.625 0.045267
1.630 0.048293
1.635 0.051387
1.640 0.054525
1.645 0.057749
1.650 0.061006
1.655 0.064273
1.660 0.067563
1.665 0.070909
1.670 0.074277
1.675 0.077655
1.680 0.081062
1.685 0.084545
1.690 0.088050
1.695 0.091520
1.700 0.094781
1.705 0.097493
1.710 0.099999
1.715 0.102490
1.720 0.105090
1.725 0.108010
1.730 0.111040
1.735 0.114090
1.740 0.117060
1.745 0.119840
1.750 0.122560
1.755 0.125260
1.760 0.127990
1.765 0.130800
1.770 0.133660
1.775 0.136560
1.780 0.139730
1.785 0.143560
1.790 0.147650
1.795 0.151770
1.800 0.155850
1.805 0.159790
1.810 0.163690
1.815 0.167650
1.820 0.172010
1.825 0.177400
1.830 0.183110
1.835 0.188450
1.840 0.191400
1.845 0.188090
1.850 0.182270
1.855 0.175380
1.860 0.165080
1.865 0.146120
1.870 0.123920
1.875 0.101560
1.880 0.081563
1.885 0.067997
1.890 0.056943
1.895 0.046565
1.900 0.037402
1.905 0.031193
1.910 0.026136
1.915 0.021417
1.920 0.017403
1.925 0.015131
1.930 0.013530
1.935 0.012075
1.940 0.010753
1.945 0.009721
1.950 0.008803
1.955 0.007925
1.960 0.007153
1.965 0.006647
1.970 0.006246
1.975 0.005878
1.980 0.005583
1.985 0.005472
1.990 0.005432
1.995 0.005408
2.000 0.005409
2.005 0.005465
2.010 0.005543
2.015 0.005630
2.020 0.005741
2.025 0.005916
2.030 0.006115
2.035 0.006324
2.040 0.006561
2.045 0.006867
2.050 0.007201
2.055 0.007545
2.060 0.007920
2.065 0.008373
2.070 0.008858
2.075 0.009365
2.080 0.009954
2.085 0.010757
2.090 0.011649
2.095 0.012592
2.100 0.013728
2.105 0.015360
2.110 0.017189
2.115 0.019085
2.120 0.021157
2.125 0.023673
2.130 0.026362
2.135 0.029095
2.140 0.031904
2.145 0.034895
2.150 0.037956
2.155 0.041036
2.160 0.044144
2.165 0.047321
2.170 0.050525
2.175 0.053738
2.180 0.056971
2.185 0.060257
2.190 0.063569
2.195 0.066919
2.200 0.070456
2.205 0.074476
2.210 0.078670
2.215 0.082835
2.220 0.086661
2.225 0.089588
2.230 0.092148
2.235 0.094528
2.240 0.096277
2.245 0.096507
2.250 0.096533
2.255 0.096190
2.260 0.094141
2.265 0.091219
2.270 0.087650
2.275 0.083290
2.280 0.078177
2.285 0.072596
2.290 0.067075
2.295 0.061425
2.300 0.056187
2.305 0.051280
2.310 0.047624
2.315 0.043728
2.320 0.040081
2.325 0.036687
2.330 0.033898
2.335 0.031589
2.340 0.029545
2.345 0.027686
2.350 0.026294
2.355 0.025070
2.360 0.024359
2.365 0.023277
2.370 0.022594
2.375 0.022135
2.380 0.021595
2.385 0.021046
2.390 0.020769
2.395 0.020614
2.400 0.020158
2.405 0.019549
2.410 0.019589
2.415 0.019540
2.420 0.019059
2.425 0.018661
2.430 0.018526
2.435 0.018268
2.440 0.018211
2.445 0.018092
2.450 0.017695
2.455 0.017205
2.460 0.016975
2.465 0.016795
2.470 0.016582
2.475 0.016139
2.480 0.015978
2.485 0.015646
2.490 0.015526
2.495 0.015409
2.500 0.015175
