0.350 0.058240
0.355 0.059415
0.360 0.060320
0.365 0.061361
0.370 0.062400
0.375 0.064994
0.380 0.067600
0.385 0.071372
0.390 0.074880
0.395 0.077523
0.400 0.081120
0.405 0.082818
0.410 0.084240
0.415 0.085697
0.420 0.088400
0.425 0.091534
0.430 0.095680
0.435 0.102440
0.440 0.109200
0.445 0.114490
0.450 0.117520
0.455 0.119710
0.460 0.120640
0.465 0.121160
0.470 0.121680
0.475 0.123130
0.480 0.125840
0.485 0.128980
0.490 0.133120
0.495 0.139380
0.500 0.146640
0.505 0.154870
0.510 0.165360
0.515 0.178490
0.520 0.191360
0.525 0.204890
0.530 0.218400
0.535 0.228980
0.540 0.235040
0.545 0.233100
0.550 0.224640
0.555 0.210140
0.560 0.192400
0.565 0.176710
0.570 0.163280
0.575 0.152790
0.580 0.144560
0.585 0.138340
0.590 0.133120
0.595 0.127910
0.600 0.122720
0.605 0.118970
0.610 0.116480
0.615 0.114940
0.620 0.114400
0.625 0.113250
0.630 0.113360
0.635 0.113910
0.640 0.115440
0.645 0.117030
0.650 0.119600
0.655 0.122720
0.660 0.125840
0.665 0.128010
0.670 0.127920
0.675 0.125850
0.680 0.123760
0.685 0.121170
0.690 0.118560
0.695 0.114440
0.700 0.111280
0.705 0.108200
0.710 0.107120
0.715 0.108450
0.720 0.112320
0.725 0.118950
0.730 0.126880
0.735 0.140670
0.740 0.162240
0.745 0.199280
0.750 0.255840
0.755 0.334140
0.760 0.421200
0.765 0.502820
0.770 0.564720
0.775 0.608740
0.780 0.637520
0.785 0.656390
0.790 0.668720
0.795 0.674630
0.800 0.676000
0.805 0.675210
0.810 0.674260
0.815 0.672890
0.820 0.670800
0.825 0.667770
0.830 0.663990
0.835 0.659720
0.840 0.655200
0.845 0.650660
0.850 0.646260
0.855 0.642160
0.860 0.638560
0.865 0.635590
0.870 0.633240
0.875 0.631470
0.880 0.630240
0.885 0.629540
0.890 0.629240
0.895 0.629170
0.900 0.629200
0.905 0.629250
0.910 0.629470
0.915 0.630070
0.920 0.631280
0.925 0.633260
0.930 0.635830
0.935 0.638720
0.940 0.641680
0.945 0.644510
0.950 0.647190
0.955 0.649710
0.960 0.652080
0.965 0.654310
0.970 0.656520
0.975 0.658850
0.980 0.661440
0.985 0.664430
0.990 0.667840
0.995 0.671680
1.000 0.676000
1.005 0.680820
1.010 0.686100
1.015 0.691780
1.020 0.697840
1.025 0.704240
1.030 0.710920
1.035 0.717820
1.040 0.724880
1.045 0.732000
1.050 0.738820
1.055 0.744920
1.060 0.749840
1.065 0.753310
1.070 0.755980
1.075 0.758700
1.080 0.762320
1.085 0.767540
1.090 0.774270
1.095 0.782290
1.100 0.791440
1.105 0.801460
1.110 0.811520
1.115 0.820660
1.120 0.827840
1.125 0.832290
1.130 0.834400
1.135 0.834820
1.140 0.834080
1.145 0.832620
1.150 0.830650
1.155 0.828330
1.160 0.825760
1.165 0.823040
1.170 0.820110
1.175 0.816890
1.180 0.813280
1.185 0.809270
1.190 0.805290
1.195 0.801930
1.200 0.799760
1.205 0.799280
1.210 0.800410
1.215 0.803030
1.220 0.807040
1.225 0.812320
1.230 0.818320
1.235 0.824400
1.240 0.829920
1.245 0.834390
1.250 0.837950
1.255 0.840890
1.260 0.843440
1.265 0.845810
1.270 0.848110
1.275 0.850420
1.280 0.852800
1.285 0.855290
1.290 0.857690
1.295 0.859730
1.300 0.861120
1.305 0.861600
1.310 0.861010
1.315 0.859190
1.320 0.855920
1.325 0.851010
1.330 0.844590
1.335 0.836840
1.340 0.827840
1.345 0.817760
1.350 0.807180
1.355 0.796790
1.360 0.787280
1.365 0.779120
1.370 0.771730
1.375 0.764320
1.380 0.756080
1.385 0.746270
1.390 0.734470
1.395 0.720240
1.400 0.703040
1.405 0.682660
1.410 0.660570
1.415 0.638660
1.420 0.618800
1.425 0.602510
1.430 0.589690
1.435 0.579950
1.440 0.573040
1.445 0.568720
1.450 0.566340
1.455 0.565220
1.460 0.564720
1.465 0.564380
1.470 0.564280
1.475 0.564660
1.480 0.565760
1.485 0.567780
1.490 0.570520
1.495 0.573740
1.500 0.577200
1.505 0.580690
1.510 0.584040
1.515 0.587100
1.520 0.589680
1.525 0.591670
1.530 0.593230
1.535 0.594570
1.540 0.595920
1.545 0.597420
1.550 0.599030
1.555 0.600650
1.560 0.602160
1.565 0.603520
1.570 0.604880
1.575 0.606440
1.580 0.608400
1.585 0.610940
1.590 0.614060
1.595 0.617720
1.600 0.621920
1.605 0.626620
1.610 0.631640
1.615 0.636730
1.620 0.641680
1.625 0.646200
1.630 0.649830
1.635 0.652000
1.640 0.652080
1.645 0.649640
1.650 0.645320
1.655 0.639970
1.660 0.634400
1.665 0.629230
1.670 0.624480
1.675 0.620000
1.680 0.615680
1.685 0.611380
1.690 0.606850
1.695 0.601800
1.700 0.595920
1.705 0.589110
1.710 0.582260
1.715 0.576510
1.720 0.573040
1.725 0.572690
1.730 0.574490
1.735 0.577120
1.740 0.579280
1.745 0.580030
1.750 0.579780
1.755 0.579290
1.760 0.579280
1.765 0.580300
1.770 0.582120
1.775 0.584330
1.780 0.586560
1.785 0.588500
1.790 0.590150
1.795 0.591560
1.800 0.592800
1.805 0.593920
1.810 0.595060
1.815 0.596360
1.820 0.598000
1.825 0.600080
1.830 0.602460
1.835 0.604950
1.840 0.607360
1.845 0.609480
1.850 0.610980
1.855 0.611460
1.860 0.610480
1.865 0.607490
1.870 0.601650
1.875 0.591950
1.880 0.577200
1.885 0.556600
1.890 0.531640
1.895 0.504280
1.900 0.476320
1.905 0.449490
1.910 0.425270
1.915 0.405210
1.920 0.391040
1.925 0.384050
1.930 0.382890
1.935 0.385760
1.940 0.391040
1.945 0.397430
1.950 0.404530
1.955 0.412160
1.960 0.420160
1.965 0.428390
1.970 0.436660
1.975 0.444730
1.980 0.452400
1.985 0.459420
1.990 0.465580
1.995 0.470620
2.000 0.474240
2.005 0.476140
2.010 0.476290
2.015 0.474660
2.020 0.471120
2.025 0.465620
2.030 0.458590
2.035 0.450560
2.040 0.442000
2.045 0.433310
2.050 0.424730
2.055 0.416460
2.060 0.408720
2.065 0.401720
2.070 0.395520
2.075 0.390190
2.080 0.385840
2.085 0.382550
2.090 0.380180
2.095 0.378550
2.100 0.377520
2.105 0.376970
2.110 0.376720
2.115 0.376610
2.120 0.376480
2.125 0.376250
2.130 0.376240
2.135 0.376860
2.140 0.378560
2.145 0.381660
2.150 0.385900
2.155 0.390880
2.160 0.396240
2.165 0.401670
2.170 0.406940
2.175 0.411800
2.180 0.416000
2.185 0.419350
2.190 0.421940
2.195 0.423910
2.200 0.425360
2.205 0.426300
2.210 0.426410
2.215 0.425220
2.220 0.422240
2.225 0.416960
2.230 0.409190
2.235 0.398720
2.240 0.385200
2.245 0.368580
2.250 0.350500
2.255 0.332980
2.260 0.318040
2.265 0.307230
2.270 0.299780
2.275 0.294420
2.280 0.290040
2.285 0.285810
2.290 0.282050
2.295 0.279360
2.300 0.278420
2.305 0.279550
2.310 0.281550
2.315 0.282820
2.320 0.281750
2.325 0.277300
2.330 0.271120
2.335 0.265500
2.340 0.262740
2.345 0.264440
2.350 0.269110
2.355 0.274570
2.360 0.278660
2.365 0.279780
2.370 0.278720
2.375 0.276760
2.380 0.275140
2.385 0.274770
2.390 0.275230
2.395 0.275760
2.400 0.275640
2.405 0.274300
2.410 0.272030
2.415 0.269260
2.420 0.266420
2.425 0.263800
2.430 0.261230
2.435 0.258420
2.440 0.255070
2.445 0.250920
2.450 0.246050
2.455 0.240560
2.460 0.234540
2.465 0.228140
2.470 0.221880
2.475 0.216390
2.480 0.212330
2.485 0.210210
2.490 0.209700
2.495 0.210310
2.500 0.211620
