0.350 0.021800
0.355 0.021897
0.360 0.021900
0.365 0.022000
0.370 0.022100
0.375 0.022210
0.380 0.022200
0.385 0.022287
0.390 0.022400
0.395 0.022486
0.400 0.022600
0.405 0.022687
0.410 0.022800
0.415 0.022913
0.420 0.023000
0.425 0.023113
0.430 0.023200
0.435 0.023253
0.440 0.023400
0.445 0.023404
0.450 0.023500
0.455 0.023601
0.460 0.023700
0.465 0.023810
0.470 0.023800
0.475 0.023910
0.480 0.023900
0.485 0.023793
0.490 0.023900
0.495 0.024054
0.500 0.024300
0.505 0.024401
0.510 0.024500
0.515 0.024490
0.520 0.024600
0.525 0.024712
0.530 0.024800
0.535 0.024850
0.540 0.024900
0.545 0.024988
0.550 0.025100
0.555 0.025200
0.560 0.025300
0.565 0.025400
0.570 0.025500
0.575 0.025612
0.580 0.025700
0.585 0.025753
0.590 0.025900
0.595 0.025950
0.600 0.026000
0.605 0.026087
0.610 0.026200
0.615 0.026249
0.620 0.026300
0.625 0.026400
0.630 0.026500
0.635 0.026551
0.640 0.026600
0.645 0.026713
0.650 0.026800
0.655 0.026790
0.660 0.026900
0.665 0.027000
0.670 0.027100
0.675 0.027150
0.680 0.027200
0.685 0.027297
0.690 0.027300
0.695 0.027447
0.700 0.027500
0.705 0.027600
0.710 0.027700
0.715 0.027750
0.720 0.027800
0.725 0.027888
0.730 0.028000
0.735 0.028100
0.740 0.028200
0.745 0.028249
0.750 0.028300
0.755 0.028400
0.760 0.028500
0.765 0.028553
0.770 0.028700
0.775 0.028691
0.780 0.028800
0.785 0.028912
0.790 0.029000
0.795 0.029051
0.800 0.029100
0.805 0.029146
0.810 0.029219
0.815 0.029308
0.820 0.029400
0.825 0.029486
0.830 0.029564
0.835 0.029636
0.840 0.029700
0.845 0.029759
0.850 0.029821
0.855 0.029898
0.860 0.030000
0.865 0.030135
0.870 0.030291
0.875 0.030452
0.880 0.030600
0.885 0.030724
0.890 0.030826
0.895 0.030916
0.900 0.031000
0.905 0.031083
0.910 0.031162
0.915 0.031236
0.920 0.031300
0.925 0.031352
0.930 0.031398
0.935 0.031445
0.940 0.031500
0.945 0.031568
0.950 0.031645
0.955 0.031725
0.960 0.031800
0.965 0.031866
0.970 0.031921
0.975 0.031966
0.980 0.032000
0.985 0.032023
0.990 0.032042
0.995 0.032065
1.000 0.032100
1.005 0.032154
1.010 0.032225
1.015 0.032309
1.020 0.032400
1.025 0.032495
1.030 0.032585
1.035 0.032657
1.040 0.032700
1.045 0.032707
1.050 0.032694
1.055 0.032684
1.060 0.032700
1.065 0.032757
1.070 0.032840
1.075 0.032928
1.080 0.033000
1.085 0.033041
1.090 0.033061
1.095 0.033075
1.100 0.033100
1.105 0.033146
1.110 0.033203
1.115 0.033259
1.120 0.033300
1.125 0.033316
1.130 0.033314
1.135 0.033305
1.140 0.033300
1.145 0.033308
1.150 0.033338
1.155 0.033398
1.160 0.033500
1.165 0.033646
1.170 0.033805
1.175 0.033937
1.180 0.034000
1.185 0.033967
1.190 0.033874
1.195 0.033769
1.200 0.033700
1.205 0.033703
1.210 0.033759
1.215 0.033835
1.220 0.033900
1.225 0.033930
1.230 0.033932
1.235 0.033918
1.240 0.033900
1.245 0.033888
1.250 0.033883
1.255 0.033887
1.260 0.033900
1.265 0.033922
1.270 0.033949
1.275 0.033977
1.280 0.034000
1.285 0.034015
1.290 0.034020
1.295 0.034015
1.300 0.034000
1.305 0.033975
1.310 0.033956
1.315 0.033958
1.320 0.034000
1.325 0.034092
1.330 0.034201
1.335 0.034285
1.340 0.034300
1.345 0.034219
1.350 0.034085
1.355 0.033958
1.360 0.033900
1.365 0.033952
1.370 0.034075
1.375 0.034210
1.380 0.034300
1.385 0.034303
1.390 0.034244
1.395 0.034163
1.400 0.034100
1.405 0.034084
1.410 0.034107
1.415 0.034151
1.420 0.034200
1.425 0.034240
1.430 0.034270
1.435 0.034290
1.440 0.034300
1.445 0.034300
1.450 0.034296
1.455 0.034294
1.460 0.034300
1.465 0.034319
1.470 0.034347
1.475 0.034376
1.480 0.034400
1.485 0.034413
1.490 0.034416
1.495 0.034411
1.500 0.034400
1.505 0.034386
1.510 0.034375
1.515 0.034377
1.520 0.034400
1.525 0.034450
1.530 0.034513
1.535 0.034569
1.540 0.034600
1.545 0.034592
1.550 0.034559
1.555 0.034522
1.560 0.034500
1.565 0.034507
1.570 0.034536
1.575 0.034571
1.580 0.034600
1.585 0.034613
1.590 0.034612
1.595 0.034606
1.600 0.034600
1.605 0.034599
1.610 0.034601
1.615 0.034603
1.620 0.034600
1.625 0.034591
1.630 0.034582
1.635 0.034582
1.640 0.034600
1.645 0.034639
1.650 0.034684
1.655 0.034712
1.660 0.034700
1.665 0.034635
1.670 0.034541
1.675 0.034451
1.680 0.034400
1.685 0.034411
1.690 0.034466
1.695 0.034538
1.700 0.034600
1.705 0.034632
1.710 0.034637
1.715 0.034623
1.720 0.034600
1.725 0.034573
1.730 0.034545
1.735 0.034520
1.740 0.034500
1.745 0.034487
1.750 0.034483
1.755 0.034486
1.760 0.034500
1.765 0.034523
1.770 0.034551
1.775 0.034579
1.780 0.034600
1.785 0.034610
1.790 0.034612
1.795 0.034607
1.800 0.034600
1.805 0.034593
1.810 0.034588
1.815 0.034590
1.820 0.034600
1.825 0.034620
1.830 0.034637
1.835 0.034636
1.840 0.034600
1.845 0.034520
1.850 0.034421
1.855 0.034336
1.860 0.034300
1.865 0.034336
1.870 0.034420
1.875 0.034519
1.880 0.034600
1.885 0.034637
1.890 0.034629
1.895 0.034582
1.900 0.034500
1.905 0.034388
1.910 0.034268
1.915 0.034164
1.920 0.034100
1.925 0.034096
1.930 0.034140
1.935 0.034213
1.940 0.034300
1.945 0.034387
1.950 0.034468
1.955 0.034540
1.960 0.034600
1.965 0.034644
1.970 0.034674
1.975 0.034692
1.980 0.034700
1.985 0.034699
1.990 0.034694
1.995 0.034693
2.000 0.034700
2.005 0.034720
2.010 0.034749
2.015 0.034778
2.020 0.034800
2.025 0.034810
2.030 0.034810
2.035 0.034805
2.040 0.034800
2.045 0.034797
2.050 0.034797
2.055 0.034798
2.060 0.034800
2.065 0.034802
2.070 0.034804
2.075 0.034804
2.080 0.034800
2.085 0.034793
2.090 0.034787
2.095 0.034788
2.100 0.034800
2.105 0.034827
2.110 0.034861
2.115 0.034889
2.120 0.034900
2.125 0.034884
2.130 0.034842
2.135 0.034780
2.140 0.034700
2.145 0.034607
2.150 0.034515
2.155 0.034440
2.160 0.034400
2.165 0.034405
2.170 0.034439
2.175 0.034478
2.180 0.034500
2.185 0.034490
2.190 0.034468
2.195 0.034462
2.200 0.034500
2.205 0.034593
2.210 0.034669
2.215 0.034637
2.220 0.034400
2.225 0.033929
2.230 0.033498
2.235 0.033463
2.240 0.034200
2.245 0.035933
2.250 0.038191
2.255 0.040339
2.260 0.041740
2.265 0.041932
2.270 0.041251
2.275 0.040206
2.280 0.039286
2.285 0.038859
2.290 0.038798
2.295 0.038868
2.300 0.038838
2.305 0.038542
2.310 0.038075
2.315 0.037596
2.320 0.037261
2.325 0.037180
2.330 0.037264
2.335 0.037378
2.340 0.037390
2.345 0.037201
2.350 0.036861
2.355 0.036454
2.360 0.036060
2.365 0.035752
2.370 0.035578
2.375 0.035587
2.380 0.035835
2.385 0.036341
2.390 0.036931
2.395 0.037388
2.400 0.037485
2.405 0.037066
2.410 0.036290
2.415 0.035386
2.420 0.034577
2.425 0.034041
2.430 0.033782
2.435 0.033768
2.440 0.033980
2.445 0.034385
2.450 0.034855
2.455 0.035242
2.460 0.035393
2.465 0.035211
2.470 0.034853
2.475 0.034535
2.480 0.034476
2.485 0.034824
2.490 0.035413
2.495 0.036007
2.500 0.036371
