0.350 0.015783
0.355 0.017362
0.360 0.018940
0.365 0.020519
0.370 0.022097
0.375 0.023675
0.380 0.025254
0.385 0.026832
0.390 0.028410
0.395 0.029989
0.400 0.031567
0.405 0.035719
0.410 0.039968
0.415 0.044436
0.420 0.049120
0.425 0.053923
0.430 0.057991
0.435 0.062670
0.440 0.065869
0.445 0.069217
0.450 0.075092
0.455 0.078387
0.460 0.080377
0.465 0.083361
0.470 0.085933
0.475 0.088975
0.480 0.090937
0.485 0.093151
0.490 0.095018
0.495 0.098133
0.500 0.100960
0.505 0.104310
0.510 0.108470
0.515 0.114990
0.520 0.122580
0.525 0.131110
0.530 0.137930
0.535 0.143790
0.540 0.147860
0.545 0.149560
0.550 0.152160
0.555 0.154090
0.560 0.154120
0.565 0.153960
0.570 0.151240
0.575 0.148400
0.580 0.147720
0.585 0.145560
0.590 0.146450
0.595 0.146010
0.600 0.146790
0.605 0.147470
0.610 0.146720
0.615 0.147160
0.620 0.147540
0.625 0.147670
0.630 0.148020
0.635 0.148890
0.640 0.148530
0.645 0.148800
0.650 0.148330
0.655 0.148470
0.660 0.148750
0.665 0.148710
0.670 0.148160
0.675 0.148490
0.680 0.149340
0.685 0.151930
0.690 0.156090
0.695 0.166520
0.700 0.183980
0.705 0.206560
0.710 0.229570
0.715 0.255520
0.720 0.285160
0.725 0.319350
0.730 0.357390
0.735 0.395940
0.740 0.432890
0.745 0.467400
0.750 0.493830
0.755 0.513550
0.760 0.528340
0.765 0.536910
0.770 0.543500
0.775 0.548850
0.780 0.550930
0.785 0.552670
0.790 0.554910
0.795 0.557060
0.800 0.557850
0.805 0.559570
0.810 0.560540
0.815 0.561650
0.820 0.563220
0.825 0.563430
0.830 0.563380
0.835 0.564440
0.840 0.565920
0.845 0.567270
0.850 0.567810
0.855 0.566690
0.860 0.565300
0.865 0.565010
0.870 0.565090
0.875 0.564900
0.880 0.564730
0.885 0.565410
0.890 0.566890
0.895 0.567740
0.900 0.567210
0.905 0.566370
0.910 0.565910
0.915 0.565600
0.920 0.565260
0.925 0.564910
0.930 0.564340
0.935 0.562800
0.940 0.560010
0.945 0.556470
0.950 0.551980
0.955 0.546670
0.960 0.542640
0.965 0.540760
0.970 0.540300
0.975 0.539710
0.980 0.540620
0.985 0.540640
0.990 0.540660
0.995 0.542760
1.000 0.545160
1.005 0.546310
1.010 0.546870
1.015 0.549990
1.020 0.553010
1.025 0.554400
1.030 0.556950
1.035 0.559180
1.040 0.561380
1.045 0.562600
1.050 0.563470
1.055 0.564170
1.060 0.565350
1.065 0.565770
1.070 0.565760
1.075 0.565110
1.080 0.566750
1.085 0.566760
1.090 0.565370
1.095 0.565730
1.100 0.564520
1.105 0.562380
1.110 0.563220
1.115 0.560780
1.120 0.559770
1.125 0.556730
1.130 0.551860
1.135 0.543340
1.140 0.531980
1.145 0.519830
1.150 0.510310
1.155 0.502780
1.160 0.497220
1.165 0.493930
1.170 0.491790
1.175 0.489040
1.180 0.487510
1.185 0.486700
1.190 0.486640
1.195 0.485620
1.200 0.485040
1.205 0.485250
1.210 0.484880
1.215 0.486810
1.220 0.489090
1.225 0.489490
1.230 0.491160
1.235 0.492640
1.240 0.494510
1.245 0.496110
1.250 0.497860
1.255 0.499540
1.260 0.500300
1.265 0.500580
1.270 0.500360
1.275 0.499840
1.280 0.499150
1.285 0.498350
1.290 0.496180
1.295 0.494010
1.300 0.490720
1.305 0.486870
1.310 0.481780
1.315 0.475980
1.320 0.468600
1.325 0.460970
1.330 0.452430
1.335 0.443900
1.340 0.435550
1.345 0.426030
1.350 0.418000
1.355 0.412660
1.360 0.405410
1.365 0.397880
1.370 0.389200
1.375 0.377300
1.380 0.361760
1.385 0.340630
1.390 0.316410
1.395 0.291890
1.400 0.271250
1.405 0.251140
1.410 0.236510
1.415 0.225570
1.420 0.215730
1.425 0.209100
1.430 0.203360
1.435 0.200430
1.440 0.196980
1.445 0.194340
1.450 0.194120
1.455 0.193930
1.460 0.194770
1.465 0.195860
1.470 0.195710
1.475 0.199550
1.480 0.202440
1.485 0.206660
1.490 0.210340
1.495 0.214930
1.500 0.219070
1.505 0.223300
1.510 0.227470
1.515 0.232750
1.520 0.238650
1.525 0.243180
1.530 0.249160
1.535 0.252860
1.540 0.257700
1.545 0.262160
1.550 0.267020
1.555 0.271650
1.560 0.275180
1.565 0.278230
1.570 0.281890
1.575 0.285290
1.580 0.288840
1.585 0.292760
1.590 0.296660
1.595 0.300070
1.600 0.303520
1.605 0.307200
1.610 0.309940
1.615 0.313270
1.620 0.316860
1.625 0.318840
1.630 0.321200
1.635 0.323500
1.640 0.324770
1.645 0.325970
1.650 0.327720
1.655 0.329210
1.660 0.329340
1.665 0.330180
1.670 0.330360
1.675 0.328320
1.680 0.326100
1.685 0.324710
1.690 0.324270
1.695 0.323470
1.700 0.322360
1.705 0.321420
1.710 0.318570
1.715 0.314130
1.720 0.312100
1.725 0.310080
1.730 0.305880
1.735 0.304190
1.740 0.304310
1.745 0.302250
1.750 0.299620
1.755 0.297340
1.760 0.294200
1.765 0.291050
1.770 0.288910
1.775 0.287360
1.780 0.286770
1.785 0.287720
1.790 0.287550
1.795 0.285800
1.800 0.285450
1.805 0.286200
1.810 0.286770
1.815 0.286960
1.820 0.286730
1.825 0.286430
1.830 0.286290
1.835 0.285710
1.840 0.283900
1.845 0.280730
1.850 0.275850
1.855 0.269460
1.860 0.261210
1.865 0.249970
1.870 0.234250
1.875 0.216400
1.880 0.198450
1.885 0.180300
1.890 0.161830
1.895 0.145190
1.900 0.132820
1.905 0.123220
1.910 0.115310
1.915 0.109400
1.920 0.106380
1.925 0.105110
1.930 0.104800
1.935 0.105260
1.940 0.106540
1.945 0.107850
1.950 0.108680
1.955 0.110610
1.960 0.115190
1.965 0.119920
1.970 0.122360
1.975 0.124020
1.980 0.126570
1.985 0.129520
1.990 0.132260
1.995 0.134610
2.000 0.136580
2.005 0.138870
2.010 0.142040
2.015 0.144620
2.020 0.145100
2.025 0.144970
2.030 0.145670
2.035 0.146220
2.040 0.145600
2.045 0.145120
2.050 0.146110
2.055 0.147340
2.060 0.147570
2.065 0.147600
2.070 0.148400
2.075 0.149980
2.080 0.152160
2.085 0.153660
2.090 0.153400
2.095 0.153630
2.100 0.156580
2.105 0.160180
2.110 0.162340
2.115 0.163990
2.120 0.166150
2.125 0.168040
2.130 0.168890
2.135 0.170220
2.140 0.173430
2.145 0.176230
2.150 0.176430
2.155 0.176480
2.160 0.178900
2.165 0.181790
2.170 0.183060
2.175 0.183350
2.180 0.183450
2.185 0.184020
2.190 0.185520
2.195 0.187020
2.200 0.187640
2.205 0.188100
2.210 0.189140
2.215 0.190140
2.220 0.190310
2.225 0.189300
2.230 0.186830
2.235 0.184420
2.240 0.183290
2.245 0.181250
2.250 0.176240
2.255 0.171830
2.260 0.171480
2.265 0.171580
2.270 0.168470
2.275 0.164500
2.280 0.162260
2.285 0.160960
2.290 0.159490
2.295 0.157140
2.300 0.153420
2.305 0.150010
2.310 0.148530
2.315 0.147580
2.320 0.145730
2.325 0.143640
2.330 0.142050
2.335 0.140500
2.340 0.138460
2.345 0.136250
2.350 0.134290
2.355 0.133100
2.360 0.133180
2.365 0.133380
2.370 0.132550
2.375 0.130930
2.380 0.128830
2.385 0.126700
2.390 0.125000
2.395 0.123540
2.400 0.121940
2.405 0.119900
2.410 0.117620
2.415 0.115260
2.420 0.112950
2.425 0.110740
2.430 0.108550
2.435 0.106330
2.440 0.104010
2.445 0.101510
2.450 0.098917
2.455 0.096307
2.460 0.093754
2.465 0.091371
2.470 0.089337
2.475 0.087558
2.480 0.085904
2.485 0.084341
2.490 0.082905
2.495 0.081733
2.500 0.081067
