0.350 0.018956
0.355 0.020852
0.360 0.022748
0.365 0.024643
0.370 0.026539
0.375 0.028435
0.380 0.030330
0.385 0.032226
0.390 0.034122
0.395 0.036017
0.400 0.037913
0.405 0.041065
0.410 0.047236
0.415 0.051588
0.420 0.056178
0.425 0.059892
0.430 0.063873
0.435 0.065500
0.440 0.072416
0.445 0.075641
0.450 0.079906
0.455 0.087475
0.460 0.088400
0.465 0.091950
0.470 0.095513
0.475 0.098791
0.480 0.100570
0.485 0.103810
0.490 0.108960
0.495 0.110980
0.500 0.115330
0.505 0.119040
0.510 0.120630
0.515 0.125930
0.520 0.131000
0.525 0.134090
0.530 0.139300
0.535 0.146430
0.540 0.151050
0.545 0.158710
0.550 0.164870
0.555 0.171110
0.560 0.184840
0.565 0.195160
0.570 0.200600
0.575 0.210370
0.580 0.213270
0.585 0.223160
0.590 0.228650
0.595 0.234070
0.600 0.236250
0.605 0.239380
0.610 0.242760
0.615 0.248850
0.620 0.257450
0.625 0.258190
0.630 0.265550
0.635 0.268080
0.640 0.264820
0.645 0.269670
0.650 0.275740
0.655 0.280820
0.660 0.280140
0.665 0.283610
0.670 0.286540
0.675 0.289280
0.680 0.296070
0.685 0.296190
0.690 0.299680
0.695 0.300770
0.700 0.304300
0.705 0.306920
0.710 0.313750
0.715 0.314880
0.720 0.315150
0.725 0.318940
0.730 0.321810
0.735 0.324190
0.740 0.325800
0.745 0.330770
0.750 0.334520
0.755 0.334600
0.760 0.335690
0.765 0.337130
0.770 0.341010
0.775 0.344290
0.780 0.347010
0.785 0.347190
0.790 0.347690
0.795 0.351780
0.800 0.354250
0.805 0.353230
0.810 0.352370
0.815 0.352670
0.820 0.355280
0.825 0.355790
0.830 0.355520
0.835 0.354930
0.840 0.357330
0.845 0.360230
0.850 0.359770
0.855 0.359180
0.860 0.360020
0.865 0.362670
0.870 0.362570
0.875 0.362560
0.880 0.363580
0.885 0.365370
0.890 0.364550
0.895 0.364580
0.900 0.368500
0.905 0.367660
0.910 0.368510
0.915 0.368880
0.920 0.367860
0.925 0.373770
0.930 0.374570
0.935 0.375230
0.940 0.377990
0.945 0.380320
0.950 0.380140
0.955 0.380510
0.960 0.381620
0.965 0.382250
0.970 0.383670
0.975 0.384460
0.980 0.386490
0.985 0.388990
0.990 0.387820
0.995 0.388680
1.000 0.394300
1.005 0.393380
1.010 0.396330
1.015 0.398270
1.020 0.398730
1.025 0.399450
1.030 0.399320
1.035 0.398210
1.040 0.399040
1.045 0.401160
1.050 0.402050
1.055 0.404460
1.060 0.406290
1.065 0.406060
1.070 0.405370
1.075 0.404070
1.080 0.403220
1.085 0.406460
1.090 0.407020
1.095 0.409480
1.100 0.411680
1.105 0.409590
1.110 0.410750
1.115 0.412130
1.120 0.414500
1.125 0.414790
1.130 0.415030
1.135 0.415630
1.140 0.415740
1.145 0.415260
1.150 0.415290
1.155 0.415810
1.160 0.417430
1.165 0.419000
1.170 0.419460
1.175 0.419120
1.180 0.420380
1.185 0.421490
1.190 0.422580
1.195 0.422820
1.200 0.424150
1.205 0.424000
1.210 0.426580
1.215 0.428520
1.220 0.428420
1.225 0.425220
1.230 0.425340
1.235 0.427630
1.240 0.430940
1.245 0.432970
1.250 0.434190
1.255 0.432000
1.260 0.427870
1.265 0.429140
1.270 0.431490
1.275 0.432510
1.280 0.431460
1.285 0.429590
1.290 0.431220
1.295 0.432240
1.300 0.432910
1.305 0.435100
1.310 0.436060
1.315 0.436050
1.320 0.435910
1.325 0.435830
1.330 0.436510
1.335 0.437840
1.340 0.436620
1.345 0.436500
1.350 0.434980
1.355 0.435220
1.360 0.434500
1.365 0.434170
1.370 0.432820
1.375 0.430330
1.380 0.426270
1.385 0.424390
1.390 0.424140
1.395 0.421330
1.400 0.418410
1.405 0.416310
1.410 0.417550
1.415 0.420550
1.420 0.426980
1.425 0.429120
1.430 0.430260
1.435 0.431610
1.440 0.432890
1.445 0.432940
1.450 0.433070
1.455 0.433440
1.460 0.434060
1.465 0.437120
1.470 0.438040
1.475 0.438400
1.480 0.439990
1.485 0.438300
1.490 0.437820
1.495 0.437390
1.500 0.440920
1.505 0.442470
1.510 0.443620
1.515 0.444060
1.520 0.446490
1.525 0.445950
1.530 0.445490
1.535 0.446270
1.540 0.448580
1.545 0.446230
1.550 0.446000
1.555 0.447590
1.560 0.449290
1.565 0.451190
1.570 0.451890
1.575 0.450740
1.580 0.450280
1.585 0.451330
1.590 0.449360
1.595 0.448280
1.600 0.452060
1.605 0.448040
1.610 0.446420
1.615 0.449220
1.620 0.453650
1.625 0.453030
1.630 0.452300
1.635 0.452770
1.640 0.451550
1.645 0.453880
1.650 0.455050
1.655 0.455100
1.660 0.456800
1.665 0.456520
1.670 0.455080
1.675 0.454300
1.680 0.457400
1.685 0.458690
1.690 0.459440
1.695 0.459930
1.700 0.460080
1.705 0.458340
1.710 0.459450
1.715 0.460580
1.720 0.463180
1.725 0.462940
1.730 0.461350
1.735 0.459940
1.740 0.460430
1.745 0.459620
1.750 0.460520
1.755 0.461980
1.760 0.462220
1.765 0.461740
1.770 0.460460
1.775 0.461460
1.780 0.461860
1.785 0.461440
1.790 0.459840
1.795 0.459370
1.800 0.460080
1.805 0.463030
1.810 0.462560
1.815 0.462800
1.820 0.462020
1.825 0.461720
1.830 0.461960
1.835 0.462820
1.840 0.464370
1.845 0.460850
1.850 0.462080
1.855 0.463560
1.860 0.463140
1.865 0.456030
1.870 0.451130
1.875 0.444760
1.880 0.439060
1.885 0.429120
1.890 0.420000
1.895 0.411040
1.900 0.397600
1.905 0.394600
1.910 0.396460
1.915 0.398460
1.920 0.401460
1.925 0.406360
1.930 0.410300
1.935 0.413900
1.940 0.416840
1.945 0.418670
1.950 0.420930
1.955 0.422400
1.960 0.422570
1.965 0.424740
1.970 0.426610
1.975 0.429320
1.980 0.430660
1.985 0.436950
1.990 0.439900
1.995 0.440310
2.000 0.441280
2.005 0.442880
2.010 0.444750
2.015 0.446340
2.020 0.449150
2.025 0.448500
2.030 0.449370
2.035 0.450120
2.040 0.452620
2.045 0.452440
2.050 0.456030
2.055 0.458000
2.060 0.456890
2.065 0.459190
2.070 0.459080
2.075 0.457180
2.080 0.454270
2.085 0.453230
2.090 0.453470
2.095 0.452060
2.100 0.453220
2.105 0.452050
2.110 0.452170
2.115 0.452720
2.120 0.452510
2.125 0.453430
2.130 0.454250
2.135 0.452890
2.140 0.451550
2.145 0.449290
2.150 0.448880
2.155 0.445870
2.160 0.443410
2.165 0.441630
2.170 0.441320
2.175 0.439990
2.180 0.438680
2.185 0.436620
2.190 0.433320
2.195 0.431330
2.200 0.427780
2.205 0.422130
2.210 0.422780
2.215 0.429980
2.220 0.435400
2.225 0.437290
2.230 0.439500
2.235 0.439780
2.240 0.440410
2.245 0.440280
2.250 0.441890
2.255 0.442510
2.260 0.442180
2.265 0.443040
2.270 0.442310
2.275 0.443000
2.280 0.443110
2.285 0.441140
2.290 0.440700
2.295 0.439470
2.300 0.438610
2.305 0.437490
2.310 0.435700
2.315 0.434740
2.320 0.433770
2.325 0.434140
2.330 0.432280
2.335 0.432300
2.340 0.430460
2.345 0.428880
2.350 0.426330
2.355 0.426490
2.360 0.426490
2.365 0.426760
2.370 0.426220
2.375 0.424530
2.380 0.423050
2.385 0.422000
2.390 0.421550
2.395 0.421070
2.400 0.421070
2.405 0.420660
2.410 0.420660
2.415 0.419240
2.420 0.417370
2.425 0.415240
2.430 0.412680
2.435 0.410110
2.440 0.408700
2.445 0.407250
2.450 0.406160
2.455 0.404960
2.460 0.403090
2.465 0.401660
2.470 0.400200
2.475 0.399340
2.480 0.398010
2.485 0.396360
2.490 0.395440
2.495 0.395220
2.500 0.394650
