0.350 0.025231
0.355 0.027754
0.360 0.030277
0.365 0.032800
0.370 0.035323
0.375 0.037847
0.380 0.040370
0.385 0.042893
0.390 0.045416
0.395 0.047939
0.400 0.050462
0.405 0.052896
0.410 0.055993
0.415 0.058650
0.420 0.061202
0.425 0.064404
0.430 0.067214
0.435 0.070436
0.440 0.073070
0.445 0.076215
0.450 0.079272
0.455 0.083602
0.460 0.086296
0.465 0.089521
0.470 0.092580
0.475 0.096524
0.480 0.098844
0.485 0.102210
0.490 0.105340
0.495 0.108400
0.500 0.111390
0.505 0.115800
0.510 0.118970
0.515 0.122070
0.520 0.124970
0.525 0.128030
0.530 0.131900
0.535 0.135650
0.540 0.140450
0.545 0.143730
0.550 0.148510
0.555 0.153260
0.560 0.157470
0.565 0.161470
0.570 0.165130
0.575 0.169790
0.580 0.174410
0.585 0.178220
0.590 0.182130
0.595 0.186670
0.600 0.191040
0.605 0.196210
0.610 0.200680
0.615 0.204580
0.620 0.208600
0.625 0.212830
0.630 0.217190
0.635 0.220210
0.640 0.224390
0.645 0.227110
0.650 0.232470
0.655 0.236410
0.660 0.239760
0.665 0.244030
0.670 0.246420
0.675 0.251270
0.680 0.254340
0.685 0.257910
0.690 0.261880
0.695 0.266020
0.700 0.268660
0.705 0.272430
0.710 0.275880
0.715 0.279510
0.720 0.283080
0.725 0.285770
0.730 0.289300
0.735 0.292910
0.740 0.295630
0.745 0.298590
0.750 0.301910
0.755 0.304030
0.760 0.308200
0.765 0.309960
0.770 0.313870
0.775 0.317010
0.780 0.319440
0.785 0.321770
0.790 0.325100
0.795 0.327760
0.800 0.331310
0.805 0.332800
0.810 0.334950
0.815 0.337170
0.820 0.339110
0.825 0.341350
0.830 0.343930
0.835 0.346380
0.840 0.347490
0.845 0.350530
0.850 0.355450
0.855 0.356770
0.860 0.356940
0.865 0.359320
0.870 0.362240
0.875 0.364120
0.880 0.365380
0.885 0.367120
0.890 0.369490
0.895 0.371240
0.900 0.371730
0.905 0.371990
0.910 0.372620
0.915 0.373140
0.920 0.373370
0.925 0.374180
0.930 0.376220
0.935 0.378970
0.940 0.381150
0.945 0.380420
0.950 0.379890
0.955 0.382370
0.960 0.384420
0.965 0.385060
0.970 0.385530
0.975 0.386930
0.980 0.386810
0.985 0.387200
0.990 0.388020
0.995 0.388370
1.000 0.389830
1.005 0.391770
1.010 0.392110
1.015 0.393050
1.020 0.394510
1.025 0.396230
1.030 0.397760
1.035 0.397220
1.040 0.398160
1.045 0.399940
1.050 0.403120
1.055 0.403860
1.060 0.404930
1.065 0.406540
1.070 0.406010
1.075 0.409030
1.080 0.409520
1.085 0.410920
1.090 0.410520
1.095 0.411160
1.100 0.412950
1.105 0.414370
1.110 0.414320
1.115 0.416150
1.120 0.413840
1.125 0.415500
1.130 0.416890
1.135 0.415520
1.140 0.414670
1.145 0.414460
1.150 0.412170
1.155 0.409690
1.160 0.407480
1.165 0.406740
1.170 0.406130
1.175 0.404640
1.180 0.404790
1.185 0.406290
1.190 0.406790
1.195 0.402780
1.200 0.404620
1.205 0.405750
1.210 0.405930
1.215 0.407310
1.220 0.407940
1.225 0.410150
1.230 0.411140
1.235 0.411860
1.240 0.413590
1.245 0.415260
1.250 0.417990
1.255 0.418160
1.260 0.419150
1.265 0.421620
1.270 0.421980
1.275 0.423410
1.280 0.425170
1.285 0.426880
1.290 0.427230
1.295 0.428880
1.300 0.429490
1.305 0.431010
1.310 0.429540
1.315 0.430900
1.320 0.430520
1.325 0.428020
1.330 0.426580
1.335 0.424930
1.340 0.420990
1.345 0.416230
1.350 0.411060
1.355 0.409260
1.360 0.407730
1.365 0.404190
1.370 0.398070
1.375 0.400380
1.380 0.397270
1.385 0.393080
1.390 0.388020
1.395 0.381870
1.400 0.370610
1.405 0.357620
1.410 0.342990
1.415 0.331090
1.420 0.318000
1.425 0.307550
1.430 0.297540
1.435 0.291070
1.440 0.287630
1.445 0.283950
1.450 0.285230
1.455 0.283090
1.460 0.284080
1.465 0.284780
1.470 0.282980
1.475 0.283720
1.480 0.284450
1.485 0.287820
1.490 0.290000
1.495 0.291540
1.500 0.294810
1.505 0.295490
1.510 0.299540
1.515 0.302640
1.520 0.304780
1.525 0.307980
1.530 0.310040
1.535 0.311070
1.540 0.311580
1.545 0.314280
1.550 0.313990
1.555 0.316890
1.560 0.319170
1.565 0.317550
1.570 0.319520
1.575 0.320490
1.580 0.321970
1.585 0.323940
1.590 0.324330
1.595 0.326740
1.600 0.330540
1.605 0.334040
1.610 0.337970
1.615 0.340590
1.620 0.342310
1.625 0.345130
1.630 0.346470
1.635 0.347750
1.640 0.350260
1.645 0.350890
1.650 0.351240
1.655 0.350890
1.660 0.347780
1.665 0.346130
1.670 0.344450
1.675 0.341140
1.680 0.340600
1.685 0.340890
1.690 0.339410
1.695 0.338050
1.700 0.336390
1.705 0.332820
1.710 0.329850
1.715 0.328190
1.720 0.325450
1.725 0.323160
1.730 0.323320
1.735 0.324740
1.740 0.325530
1.745 0.324100
1.750 0.324740
1.755 0.327790
1.760 0.327200
1.765 0.325190
1.770 0.325160
1.775 0.325920
1.780 0.326740
1.785 0.327310
1.790 0.327090
1.795 0.326610
1.800 0.327970
1.805 0.329770
1.810 0.329950
1.815 0.329770
1.820 0.330690
1.825 0.332260
1.830 0.334010
1.835 0.335470
1.840 0.336210
1.845 0.336580
1.850 0.336910
1.855 0.337370
1.860 0.337860
1.865 0.336630
1.870 0.331500
1.875 0.323750
1.880 0.313850
1.885 0.300510
1.890 0.281560
1.895 0.259810
1.900 0.237750
1.905 0.217410
1.910 0.201010
1.915 0.187930
1.920 0.178520
1.925 0.173180
1.930 0.173180
1.935 0.174990
1.940 0.175750
1.945 0.176790
1.950 0.179940
1.955 0.184970
1.960 0.191630
1.965 0.197480
1.970 0.200260
1.975 0.202580
1.980 0.207130
1.985 0.212940
1.990 0.218860
1.995 0.223140
2.000 0.224120
2.005 0.224760
2.010 0.227740
2.015 0.230550
2.020 0.230500
2.025 0.229470
2.030 0.229190
2.035 0.228150
2.040 0.224470
2.045 0.219270
2.050 0.213600
2.055 0.208660
2.060 0.205590
2.065 0.203360
2.070 0.201140
2.075 0.199320
2.080 0.198510
2.085 0.198100
2.090 0.197580
2.095 0.197150
2.100 0.197070
2.105 0.196990
2.110 0.196590
2.115 0.196160
2.120 0.196120
2.125 0.197070
2.130 0.199660
2.135 0.202540
2.140 0.204460
2.145 0.206230
2.150 0.208680
2.155 0.211320
2.160 0.213570
2.165 0.215460
2.170 0.217160
2.175 0.219670
2.180 0.223820
2.185 0.227050
2.190 0.226730
2.195 0.225340
2.200 0.225460
2.205 0.227240
2.210 0.230610
2.215 0.232810
2.220 0.231010
2.225 0.227490
2.230 0.224130
2.235 0.219560
2.240 0.212090
2.245 0.204130
2.250 0.198140
2.255 0.193840
2.260 0.190920
2.265 0.187870
2.270 0.183560
2.275 0.180420
2.280 0.181010
2.285 0.182510
2.290 0.182150
2.295 0.180720
2.300 0.179040
2.305 0.177000
2.310 0.174380
2.315 0.172070
2.320 0.170890
2.325 0.169610
2.330 0.167090
2.335 0.165020
2.340 0.165180
2.345 0.165830
2.350 0.165290
2.355 0.164650
2.360 0.165050
2.365 0.165430
2.370 0.164740
2.375 0.164260
2.380 0.165260
2.385 0.166440
2.390 0.166170
2.395 0.164760
2.400 0.162850
2.405 0.160650
2.410 0.158310
2.415 0.155910
2.420 0.153480
2.425 0.151010
2.430 0.148510
2.435 0.145940
2.440 0.143190
2.445 0.140100
2.450 0.136830
2.455 0.133510
2.460 0.130200
2.465 0.126970
2.470 0.123960
2.475 0.121090
2.480 0.118320
2.485 0.115630
2.490 0.113170
2.495 0.111260
2.500 0.110540
