0.350 0.022044
0.355 0.024248
0.360 0.026453
0.365 0.028657
0.370 0.030862
0.375 0.033066
0.380 0.035270
0.385 0.037475
0.390 0.039679
0.395 0.041884
0.400 0.044088
0.405 0.045136
0.410 0.043147
0.415 0.046319
0.420 0.044729
0.425 0.045980
0.430 0.046304
0.435 0.046709
0.440 0.045276
0.445 0.045796
0.450 0.047376
0.455 0.048155
0.460 0.048976
0.465 0.048837
0.470 0.048494
0.475 0.049113
0.480 0.048548
0.485 0.049242
0.490 0.049931
0.495 0.051413
0.500 0.054853
0.505 0.059533
0.510 0.067078
0.515 0.078530
0.520 0.094016
0.525 0.111760
0.530 0.127020
0.535 0.137780
0.540 0.144280
0.545 0.147830
0.550 0.150540
0.555 0.151490
0.560 0.148390
0.565 0.140970
0.570 0.130430
0.575 0.119350
0.580 0.110570
0.585 0.104010
0.590 0.098832
0.595 0.095810
0.600 0.094231
0.605 0.092679
0.610 0.088573
0.615 0.083416
0.620 0.079360
0.625 0.077458
0.630 0.076139
0.635 0.074520
0.640 0.070210
0.645 0.064527
0.650 0.059778
0.655 0.057448
0.660 0.054600
0.665 0.051202
0.670 0.049561
0.675 0.049758
0.680 0.051941
0.685 0.056971
0.690 0.069278
0.695 0.098851
0.700 0.148970
0.705 0.216210
0.710 0.293610
0.715 0.378650
0.720 0.466670
0.725 0.551130
0.730 0.624380
0.735 0.682220
0.740 0.725470
0.745 0.755580
0.750 0.776060
0.755 0.788890
0.760 0.797200
0.765 0.802050
0.770 0.805300
0.775 0.807620
0.780 0.809630
0.785 0.811300
0.790 0.812950
0.795 0.814600
0.800 0.816220
0.805 0.817810
0.810 0.819690
0.815 0.821540
0.820 0.823000
0.825 0.825220
0.830 0.827000
0.835 0.828590
0.840 0.830810
0.845 0.832900
0.850 0.835100
0.855 0.836650
0.860 0.838410
0.865 0.839890
0.870 0.841230
0.875 0.842430
0.880 0.843400
0.885 0.844300
0.890 0.844950
0.895 0.845970
0.900 0.846530
0.905 0.847250
0.910 0.847870
0.915 0.848140
0.920 0.848340
0.925 0.847930
0.930 0.846700
0.935 0.844950
0.940 0.842770
0.945 0.840010
0.950 0.835060
0.955 0.828410
0.960 0.823520
0.965 0.820890
0.970 0.820660
0.975 0.821220
0.980 0.822570
0.985 0.824730
0.990 0.827800
0.995 0.831580
1.000 0.834570
1.005 0.830360
1.010 0.835920
1.015 0.837520
1.020 0.841390
1.025 0.845170
1.030 0.849380
1.035 0.851860
1.040 0.853760
1.045 0.856580
1.050 0.857720
1.055 0.860740
1.060 0.862600
1.065 0.863940
1.070 0.864170
1.075 0.863940
1.080 0.865990
1.085 0.865440
1.090 0.864020
1.095 0.862680
1.100 0.863280
1.105 0.860060
1.110 0.859560
1.115 0.857600
1.120 0.855340
1.125 0.850130
1.130 0.844050
1.135 0.833260
1.140 0.818050
1.145 0.801940
1.150 0.787550
1.155 0.777390
1.160 0.771260
1.165 0.768850
1.170 0.768530
1.175 0.768070
1.180 0.767380
1.185 0.766710
1.190 0.767190
1.195 0.768250
1.200 0.769050
1.205 0.771620
1.210 0.773400
1.215 0.776290
1.220 0.779220
1.225 0.782820
1.230 0.785350
1.235 0.787710
1.240 0.790450
1.245 0.792440
1.250 0.794440
1.255 0.795470
1.260 0.796870
1.265 0.797350
1.270 0.796940
1.275 0.796200
1.280 0.794020
1.285 0.791900
1.290 0.788100
1.295 0.782790
1.300 0.776940
1.305 0.769410
1.310 0.759970
1.315 0.747820
1.320 0.735440
1.325 0.720370
1.330 0.704920
1.335 0.689170
1.340 0.673240
1.345 0.658360
1.350 0.644480
1.355 0.630570
1.360 0.615940
1.365 0.597320
1.370 0.572970
1.375 0.540580
1.380 0.496360
1.385 0.443470
1.390 0.387040
1.395 0.333800
1.400 0.288610
1.405 0.254520
1.410 0.230580
1.415 0.214960
1.420 0.204930
1.425 0.199040
1.430 0.195960
1.435 0.194770
1.440 0.194730
1.445 0.195980
1.450 0.197460
1.455 0.199880
1.460 0.203380
1.465 0.208840
1.470 0.216340
1.475 0.225250
1.480 0.234640
1.485 0.245570
1.490 0.257090
1.495 0.268500
1.500 0.280630
1.505 0.292750
1.510 0.305090
1.515 0.317100
1.520 0.329160
1.525 0.341090
1.530 0.352660
1.535 0.364380
1.540 0.375670
1.545 0.386410
1.550 0.396630
1.555 0.406780
1.560 0.416690
1.565 0.425740
1.570 0.434560
1.575 0.443200
1.580 0.451270
1.585 0.459120
1.590 0.466860
1.595 0.473990
1.600 0.480660
1.605 0.487540
1.610 0.493570
1.615 0.499930
1.620 0.505140
1.625 0.510180
1.630 0.515210
1.635 0.519640
1.640 0.523760
1.645 0.526880
1.650 0.529310
1.655 0.530880
1.660 0.532360
1.665 0.533070
1.670 0.532560
1.675 0.531320
1.680 0.530180
1.685 0.527190
1.690 0.524390
1.695 0.521650
1.700 0.517640
1.705 0.513670
1.710 0.509210
1.715 0.504540
1.720 0.499260
1.725 0.493610
1.730 0.488370
1.735 0.482630
1.740 0.476110
1.745 0.469800
1.750 0.462500
1.755 0.454260
1.760 0.446720
1.765 0.439940
1.770 0.433630
1.775 0.427970
1.780 0.424840
1.785 0.421590
1.790 0.419860
1.795 0.419370
1.800 0.418870
1.805 0.407360
1.810 0.407720
1.815 0.407480
1.820 0.406290
1.825 0.404340
1.830 0.401000
1.835 0.395850
1.840 0.387690
1.845 0.376530
1.850 0.360560
1.855 0.339010
1.860 0.311340
1.865 0.277640
1.870 0.238270
1.875 0.196450
1.880 0.157080
1.885 0.122600
1.890 0.095216
1.895 0.075895
1.900 0.063857
1.905 0.056622
1.910 0.052754
1.915 0.050807
1.920 0.050022
1.925 0.049945
1.930 0.050520
1.935 0.051525
1.940 0.053127
1.945 0.055018
1.950 0.057353
1.955 0.060004
1.960 0.062862
1.965 0.066081
1.970 0.069476
1.975 0.073374
1.980 0.077401
1.985 0.081728
1.990 0.086212
1.995 0.090906
2.000 0.095617
2.005 0.100570
2.010 0.105270
2.015 0.110250
2.020 0.114950
2.025 0.119620
2.030 0.124160
2.035 0.128670
2.040 0.133030
2.045 0.137170
2.050 0.141380
2.055 0.145580
2.060 0.149930
2.065 0.154340
2.070 0.158820
2.075 0.163290
2.080 0.167820
2.085 0.172280
2.090 0.176520
2.095 0.180900
2.100 0.185080
2.105 0.189440
2.110 0.193480
2.115 0.197510
2.120 0.201490
2.125 0.205250
2.130 0.208550
2.135 0.211770
2.140 0.214690
2.145 0.217440
2.150 0.220010
2.155 0.222340
2.160 0.224530
2.165 0.226670
2.170 0.228590
2.175 0.230630
2.180 0.232640
2.185 0.234680
2.190 0.236720
2.195 0.238240
2.200 0.239550
2.205 0.240340
2.210 0.241010
2.215 0.241210
2.220 0.240820
2.225 0.239970
2.230 0.238570
2.235 0.236150
2.240 0.233080
2.245 0.229150
2.250 0.224910
2.255 0.220010
2.260 0.215250
2.265 0.210560
2.270 0.206390
2.275 0.202330
2.280 0.199060
2.285 0.195730
2.290 0.192420
2.295 0.188630
2.300 0.184440
2.305 0.180330
2.310 0.176080
2.315 0.172930
2.320 0.170050
2.325 0.166490
2.330 0.162660
2.335 0.158760
2.340 0.154870
2.345 0.150900
2.350 0.146980
2.355 0.144040
2.360 0.140680
2.365 0.136990
2.370 0.133170
2.375 0.129530
2.380 0.126130
2.385 0.122600
2.390 0.119120
2.395 0.114640
2.400 0.111510
2.405 0.108710
2.410 0.104810
2.415 0.101640
2.420 0.097342
2.425 0.094494
2.430 0.091006
2.435 0.087332
2.440 0.084723
2.445 0.081776
2.450 0.078718
2.455 0.075946
2.460 0.073914
2.465 0.071105
2.470 0.068476
2.475 0.067936
2.480 0.063253
2.485 0.064238
2.490 0.063721
2.495 0.060192
2.500 0.061248
