0.350 0.108200
0.355 0.118170
0.360 0.129100
0.365 0.141090
0.370 0.153700
0.375 0.166890
0.380 0.182400
0.385 0.196650
0.390 0.210800
0.395 0.224370
0.400 0.237100
0.405 0.249010
0.410 0.260200
0.415 0.270660
0.420 0.280600
0.425 0.289760
0.430 0.298200
0.435 0.305760
0.440 0.312700
0.445 0.319040
0.450 0.325100
0.455 0.330850
0.460 0.336600
0.465 0.342350
0.470 0.348100
0.475 0.353990
0.480 0.361100
0.485 0.369200
0.490 0.376800
0.495 0.383130
0.500 0.388300
0.505 0.392850
0.510 0.396900
0.515 0.400210
0.520 0.402900
0.525 0.404960
0.530 0.406400
0.535 0.407260
0.540 0.407400
0.545 0.407070
0.550 0.406000
0.555 0.404160
0.560 0.401600
0.565 0.398020
0.570 0.393700
0.575 0.388460
0.580 0.382100
0.585 0.374870
0.590 0.366800
0.595 0.358060
0.600 0.348200
0.605 0.338320
0.610 0.327400
0.615 0.316150
0.620 0.305000
0.625 0.293980
0.630 0.283400
0.635 0.273390
0.640 0.263700
0.645 0.254630
0.650 0.246300
0.655 0.238540
0.660 0.231600
0.665 0.225190
0.670 0.219400
0.675 0.214440
0.680 0.209900
0.685 0.206050
0.690 0.202700
0.695 0.199890
0.700 0.197600
0.705 0.195730
0.710 0.194400
0.715 0.193440
0.720 0.192800
0.725 0.192620
0.730 0.192600
0.735 0.193010
0.740 0.193600
0.745 0.194400
0.750 0.195300
0.755 0.196380
0.760 0.197600
0.765 0.198960
0.770 0.200200
0.775 0.201590
0.780 0.203000
0.785 0.204260
0.790 0.205400
0.795 0.206380
0.800 0.207500
0.805 0.208310
0.810 0.208960
0.815 0.209480
0.820 0.209900
0.825 0.210240
0.830 0.210490
0.835 0.210650
0.840 0.210700
0.845 0.210650
0.850 0.210600
0.855 0.210640
0.860 0.210900
0.865 0.211460
0.870 0.212200
0.875 0.213000
0.880 0.213700
0.885 0.214200
0.890 0.214530
0.895 0.214750
0.900 0.214900
0.905 0.215040
0.910 0.215280
0.915 0.215730
0.920 0.216500
0.925 0.217690
0.930 0.219220
0.935 0.220960
0.940 0.222800
0.945 0.224660
0.950 0.226530
0.955 0.228440
0.960 0.230400
0.965 0.232440
0.970 0.234540
0.975 0.236660
0.980 0.238800
0.985 0.240930
0.990 0.243040
0.995 0.245130
1.000 0.247200
1.005 0.249240
1.010 0.251260
1.015 0.253250
1.020 0.255200
1.025 0.257110
1.030 0.258980
1.035 0.260780
1.040 0.262500
1.045 0.264130
1.050 0.265700
1.055 0.267210
1.060 0.268700
1.065 0.270180
1.070 0.271660
1.075 0.273130
1.080 0.274600
1.085 0.276070
1.090 0.277530
1.095 0.278980
1.100 0.280400
1.105 0.281790
1.110 0.283160
1.115 0.284490
1.120 0.285800
1.125 0.287080
1.130 0.288350
1.135 0.289610
1.140 0.290900
1.145 0.292220
1.150 0.293570
1.155 0.294960
1.160 0.296400
1.165 0.297880
1.170 0.299370
1.175 0.300830
1.180 0.302200
1.185 0.303470
1.190 0.304670
1.195 0.305860
1.200 0.307100
1.205 0.308430
1.210 0.309830
1.215 0.311230
1.220 0.312600
1.225 0.313900
1.230 0.315150
1.235 0.316370
1.240 0.317600
1.245 0.318850
1.250 0.320120
1.255 0.321370
1.260 0.322600
1.265 0.323780
1.270 0.324920
1.275 0.326020
1.280 0.327100
1.285 0.328160
1.290 0.329210
1.295 0.330260
1.300 0.331300
1.305 0.332340
1.310 0.333380
1.315 0.334400
1.320 0.335400
1.325 0.336360
1.330 0.337290
1.335 0.338170
1.340 0.339000
1.345 0.339790
1.350 0.340540
1.355 0.341310
1.360 0.342100
1.365 0.342940
1.370 0.343790
1.375 0.344590
1.380 0.345300
1.385 0.345860
1.390 0.346270
1.395 0.346520
1.400 0.346600
1.405 0.346500
1.410 0.346250
1.415 0.345910
1.420 0.345500
1.425 0.345080
1.430 0.344790
1.435 0.344770
1.440 0.345200
1.445 0.346180
1.450 0.347490
1.455 0.348860
1.460 0.350000
1.465 0.350700
1.470 0.351050
1.475 0.351200
1.480 0.351300
1.485 0.351460
1.490 0.351670
1.495 0.351900
1.500 0.352100
1.505 0.352250
1.510 0.352360
1.515 0.352470
1.520 0.352600
1.525 0.352770
1.530 0.352960
1.535 0.353180
1.540 0.353400
1.545 0.353620
1.550 0.353820
1.555 0.354020
1.560 0.354200
1.565 0.354370
1.570 0.354520
1.575 0.354670
1.580 0.354800
1.585 0.354920
1.590 0.355030
1.595 0.355130
1.600 0.355200
1.605 0.355250
1.610 0.355280
1.615 0.355300
1.620 0.355300
1.625 0.355300
1.630 0.355320
1.635 0.355380
1.640 0.355500
1.645 0.355700
1.650 0.355920
1.655 0.356080
1.660 0.356100
1.665 0.355930
1.670 0.355640
1.675 0.355330
1.680 0.355100
1.685 0.355020
1.690 0.355060
1.695 0.355140
1.700 0.355200
1.705 0.355190
1.710 0.355110
1.715 0.354980
1.720 0.354800
1.725 0.354580
1.730 0.354310
1.735 0.353990
1.740 0.353600
1.745 0.353140
1.750 0.352650
1.755 0.352190
1.760 0.351800
1.765 0.351530
1.770 0.351360
1.775 0.351230
1.780 0.351100
1.785 0.350940
1.790 0.350730
1.795 0.350450
1.800 0.350100
1.805 0.349660
1.810 0.349180
1.815 0.348680
1.820 0.348200
1.825 0.347780
1.830 0.347390
1.835 0.347010
1.840 0.346600
1.845 0.346140
1.850 0.345650
1.855 0.345160
1.860 0.344700
1.865 0.344290
1.870 0.343870
1.875 0.343360
1.880 0.342700
1.885 0.341820
1.890 0.340750
1.895 0.339570
1.900 0.338300
1.905 0.337000
1.910 0.335710
1.915 0.334460
1.920 0.333300
1.925 0.332260
1.930 0.331360
1.935 0.330630
1.940 0.330100
1.945 0.329800
1.950 0.329690
1.955 0.329740
1.960 0.329900
1.965 0.330160
1.970 0.330490
1.975 0.330910
1.980 0.331400
1.985 0.331960
1.990 0.332520
1.995 0.333020
2.000 0.333400
2.005 0.333590
2.010 0.333640
2.015 0.333590
2.020 0.333500
2.025 0.333400
2.030 0.333290
2.035 0.333160
2.040 0.333000
2.045 0.332810
2.050 0.332590
2.055 0.332350
2.060 0.332100
2.065 0.331850
2.070 0.331600
2.075 0.331380
2.080 0.331200
2.085 0.331070
2.090 0.330970
2.095 0.330860
2.100 0.330700
2.105 0.330470
2.110 0.330180
2.115 0.329850
2.120 0.329500
2.125 0.329130
2.130 0.328740
2.135 0.328300
2.140 0.327800
2.145 0.327220
2.150 0.326570
2.155 0.325860
2.160 0.325100
2.165 0.324300
2.170 0.323460
2.175 0.322560
2.180 0.321600
2.185 0.320560
2.190 0.319500
2.195 0.318460
2.200 0.317500
2.205 0.316650
2.210 0.315880
2.215 0.315110
2.220 0.314300
2.225 0.313390
2.230 0.312350
2.235 0.311170
2.240 0.309800
2.245 0.308240
2.250 0.306550
2.255 0.304820
2.260 0.303140
2.265 0.301540
2.270 0.299890
2.275 0.297990
2.280 0.295620
2.285 0.292650
2.290 0.289200
2.295 0.285470
2.300 0.281610
2.305 0.277720
2.310 0.273640
2.315 0.269100
2.320 0.263830
2.325 0.257800
2.330 0.252090
2.335 0.248040
2.340 0.247130
2.345 0.250340
2.350 0.256460
2.355 0.263840
2.360 0.270870
2.365 0.276270
2.370 0.280160
2.375 0.282930
2.380 0.284910
2.385 0.286380
2.390 0.287520
2.395 0.288490
2.400 0.289420
2.405 0.290400
2.410 0.291320
2.415 0.291990
2.420 0.292220
2.425 0.291890
2.430 0.291100
2.435 0.290030
2.440 0.288820
2.445 0.287610
2.450 0.286470
2.455 0.285490
2.460 0.284740
2.465 0.284280
2.470 0.284050
2.475 0.283990
2.480 0.284030
2.485 0.284130
2.490 0.284290
2.495 0.284520
2.500 0.284860
