0.350 0.017839
0.355 0.019622
0.360 0.021406
0.365 0.023190
0.370 0.024974
0.375 0.026758
0.380 0.028542
0.385 0.030325
0.390 0.032109
0.395 0.033893
0.400 0.035677
0.405 0.041065
0.410 0.047236
0.415 0.051588
0.420 0.056178
0.425 0.059892
0.430 0.063873
0.435 0.065500
0.440 0.072416
0.445 0.075641
0.450 0.079906
0.455 0.087475
0.460 0.088400
0.465 0.091950
0.470 0.095513
0.475 0.098791
0.480 0.100570
0.485 0.103810
0.490 0.108960
0.495 0.110980
0.500 0.115330
0.505 0.119040
0.510 0.120630
0.515 0.125930
0.520 0.131000
0.525 0.134090
0.530 0.139300
0.535 0.146430
0.540 0.151050
0.545 0.158710
0.550 0.164870
0.555 0.171110
0.560 0.184840
0.565 0.195160
0.570 0.200600
0.575 0.210370
0.580 0.213270
0.585 0.223160
0.590 0.228650
0.595 0.234070
0.600 0.236250
0.605 0.239380
0.610 0.242760
0.615 0.248850
0.620 0.257450
0.625 0.258190
0.630 0.265550
0.635 0.268080
0.640 0.264820
0.645 0.269670
0.650 0.275740
0.655 0.280820
0.660 0.280140
0.665 0.283610
0.670 0.286540
0.675 0.289280
0.680 0.296070
0.685 0.296190
0.690 0.299680
0.695 0.300770
0.700 0.304300
0.705 0.306920
0.710 0.313750
0.715 0.314880
0.720 0.315150
0.725 0.318940
0.730 0.321810
0.735 0.324190
0.740 0.325800
0.745 0.330770
0.750 0.334520
0.755 0.334600
0.760 0.335690
0.765 0.337130
0.770 0.341010
0.775 0.344290
0.780 0.347010
0.785 0.347190
0.790 0.347690
0.795 0.351780
0.800 0.354250
0.805 0.352910
0.810 0.352390
0.815 0.352680
0.820 0.355280
0.825 0.355640
0.830 0.355630
0.835 0.354680
0.840 0.357330
0.845 0.360260
0.850 0.359750
0.855 0.359260
0.860 0.360020
0.865 0.362850
0.870 0.362510
0.875 0.362650
0.880 0.363580
0.885 0.365750
0.890 0.364420
0.895 0.364540
0.900 0.368500
0.905 0.367310
0.910 0.368600
0.915 0.368960
0.920 0.367860
0.925 0.374120
0.930 0.374520
0.935 0.375130
0.940 0.377990
0.945 0.380010
0.950 0.380000
0.955 0.381240
0.960 0.381620
0.965 0.381830
0.970 0.383840
0.975 0.384320
0.980 0.386490
0.985 0.388360
0.990 0.387490
0.995 0.390270
1.000 0.394300
1.005 0.392150
1.010 0.396590
1.015 0.398670
1.020 0.398730
1.025 0.399060
1.030 0.399520
1.035 0.398000
1.040 0.399040
1.045 0.401520
1.050 0.401720
1.055 0.405130
1.060 0.406290
1.065 0.405860
1.070 0.405470
1.075 0.403980
1.080 0.403220
1.085 0.406980
1.090 0.406590
1.095 0.410340
1.100 0.411680
1.105 0.409080
1.110 0.410810
1.115 0.412380
1.120 0.414500
1.125 0.415000
1.130 0.414960
1.135 0.415620
1.140 0.415740
1.145 0.415210
1.150 0.415230
1.155 0.416010
1.160 0.417430
1.165 0.418870
1.170 0.419630
1.175 0.418700
1.180 0.420380
1.185 0.421050
1.190 0.422800
1.195 0.422530
1.200 0.424150
1.205 0.422770
1.210 0.426740
1.215 0.429200
1.220 0.428420
1.225 0.425370
1.230 0.425020
1.235 0.428390
1.240 0.430940
1.245 0.432090
1.250 0.434790
1.255 0.431080
1.260 0.427870
1.265 0.428480
1.270 0.431730
1.275 0.432440
1.280 0.431460
1.285 0.428790
1.290 0.431400
1.295 0.432440
1.300 0.432910
1.305 0.435070
1.310 0.436220
1.315 0.435610
1.320 0.435910
1.325 0.435750
1.330 0.436340
1.335 0.438530
1.340 0.436620
1.345 0.437700
1.350 0.434560
1.355 0.435360
1.360 0.434500
1.365 0.434520
1.370 0.432990
1.375 0.429510
1.380 0.426270
1.385 0.424020
1.390 0.424680
1.395 0.419990
1.400 0.418410
1.405 0.416070
1.410 0.417360
1.415 0.421200
1.420 0.426980
1.425 0.428690
1.430 0.430220
1.435 0.432180
1.440 0.432890
1.445 0.432900
1.450 0.433020
1.455 0.433640
1.460 0.434060
1.465 0.436700
1.470 0.438140
1.475 0.438510
1.480 0.439990
1.485 0.438030
1.490 0.437940
1.495 0.437180
1.500 0.440920
1.505 0.442070
1.510 0.443820
1.515 0.443810
1.520 0.446490
1.525 0.446160
1.530 0.445320
1.535 0.446540
1.540 0.448580
1.545 0.446470
1.550 0.445720
1.555 0.448130
1.560 0.449290
1.565 0.450220
1.570 0.452240
1.575 0.450650
1.580 0.450280
1.585 0.451730
1.590 0.449230
1.595 0.448220
1.600 0.452060
1.605 0.448950
1.610 0.445660
1.615 0.450530
1.620 0.453650
1.625 0.453800
1.630 0.452030
1.635 0.452890
1.640 0.451550
1.645 0.453380
1.650 0.455270
1.655 0.454910
1.660 0.456800
1.665 0.456680
1.670 0.455010
1.675 0.454290
1.680 0.457400
1.685 0.458810
1.690 0.459520
1.695 0.459590
1.700 0.460080
1.705 0.457280
1.710 0.459560
1.715 0.461200
1.720 0.463180
1.725 0.463400
1.730 0.461330
1.735 0.459510
1.740 0.460430
1.745 0.459350
1.750 0.460420
1.755 0.462510
1.760 0.462220
1.765 0.462230
1.770 0.459970
1.775 0.462490
1.780 0.461860
1.785 0.462000
1.790 0.459590
1.795 0.459630
1.800 0.460080
1.805 0.463640
1.810 0.462310
1.815 0.463050
1.820 0.462020
1.825 0.461770
1.830 0.461900
1.835 0.462950
1.840 0.464370
1.845 0.460150
1.850 0.462150
1.855 0.463980
1.860 0.463140
1.865 0.456910
1.870 0.451490
1.875 0.442660
1.880 0.439060
1.885 0.431540
1.890 0.419890
1.895 0.409010
1.900 0.397600
1.905 0.394050
1.910 0.396520
1.915 0.398750
1.920 0.401460
1.925 0.405370
1.930 0.410340
1.935 0.414820
1.940 0.416840
1.945 0.418040
1.950 0.421060
1.955 0.422650
1.960 0.422570
1.965 0.424500
1.970 0.426380
1.975 0.430300
1.980 0.430660
1.985 0.435850
1.990 0.440310
1.995 0.440210
2.000 0.441280
2.005 0.442800
2.010 0.444850
2.015 0.446070
2.020 0.449150
2.025 0.448050
2.030 0.449510
2.035 0.450040
2.040 0.452620
2.045 0.451580
2.050 0.456380
2.055 0.457790
2.060 0.456890
2.065 0.458610
2.070 0.459430
2.075 0.456730
2.080 0.453040
2.085 0.453060
2.090 0.453500
2.095 0.452020
2.100 0.453210
2.105 0.452030
2.110 0.452170
2.115 0.452740
2.120 0.452430
2.125 0.453530
2.130 0.454240
2.135 0.452970
2.140 0.451450
2.145 0.449250
2.150 0.448940
2.155 0.445650
2.160 0.443450
2.165 0.441550
2.170 0.441320
2.175 0.439880
2.180 0.438680
2.185 0.436410
2.190 0.433440
2.195 0.431200
2.200 0.427460
2.205 0.422250
2.210 0.423080
2.215 0.430650
2.220 0.435320
2.225 0.437290
2.230 0.439590
2.235 0.439840
2.240 0.440450
2.245 0.440230
2.250 0.441870
2.255 0.442510
2.260 0.442180
2.265 0.443030
2.270 0.442310
2.275 0.443070
2.280 0.443030
2.285 0.441140
2.290 0.440630
2.295 0.439460
2.300 0.438610
2.305 0.437520
2.310 0.435710
2.315 0.434950
2.320 0.433840
2.325 0.434090
2.330 0.432280
2.335 0.432290
2.340 0.430430
2.345 0.428750
2.350 0.426330
2.355 0.426440
2.360 0.426460
2.365 0.426760
2.370 0.426410
2.375 0.424490
2.380 0.423130
2.385 0.421980
2.390 0.421560
2.395 0.421080
2.400 0.421080
2.405 0.420680
2.410 0.420680
2.415 0.419100
2.420 0.417450
2.425 0.415140
2.430 0.412640
2.435 0.410110
2.440 0.408610
2.445 0.407380
2.450 0.406160
2.455 0.404790
2.460 0.403170
2.465 0.401700
2.470 0.400170
2.475 0.399190
2.480 0.398000
2.485 0.396440
2.490 0.395440
2.495 0.395200
2.500 0.394590
