0.350 0.015499
0.355 0.017049
0.360 0.018599
0.365 0.020149
0.370 0.021699
0.375 0.023249
0.380 0.024799
0.385 0.026349
0.390 0.027899
0.395 0.029449
0.400 0.030999
0.405 0.031099
0.410 0.031582
0.415 0.032098
0.420 0.032673
0.425 0.033666
0.430 0.034651
0.435 0.035301
0.440 0.036389
0.445 0.037195
0.450 0.038840
0.455 0.039644
0.460 0.040723
0.465 0.041324
0.470 0.041360
0.475 0.042532
0.480 0.042838
0.485 0.042988
0.490 0.043012
0.495 0.044057
0.500 0.045495
0.505 0.047613
0.510 0.050325
0.515 0.054952
0.520 0.060715
0.525 0.068836
0.530 0.075066
0.535 0.079590
0.540 0.083273
0.545 0.084883
0.550 0.086041
0.555 0.086458
0.560 0.084508
0.565 0.081538
0.570 0.077014
0.575 0.073933
0.580 0.069190
0.585 0.066807
0.590 0.066015
0.595 0.064533
0.600 0.064943
0.605 0.063020
0.610 0.061463
0.615 0.060078
0.620 0.057790
0.625 0.057442
0.630 0.056900
0.635 0.057100
0.640 0.056519
0.645 0.054210
0.650 0.053103
0.655 0.051954
0.660 0.050324
0.665 0.047859
0.670 0.046758
0.675 0.047230
0.680 0.046276
0.685 0.047929
0.690 0.051563
0.695 0.061820
0.700 0.083421
0.705 0.110610
0.710 0.142580
0.715 0.181320
0.720 0.226930
0.725 0.279240
0.730 0.330270
0.735 0.376570
0.740 0.415150
0.745 0.445230
0.750 0.466080
0.755 0.482270
0.760 0.491400
0.765 0.500020
0.770 0.504260
0.775 0.507230
0.780 0.512240
0.785 0.513370
0.790 0.516030
0.795 0.517590
0.800 0.518950
0.805 0.519810
0.810 0.522410
0.815 0.523400
0.820 0.524380
0.825 0.525880
0.830 0.526630
0.835 0.527210
0.840 0.527390
0.845 0.527400
0.850 0.527810
0.855 0.529600
0.860 0.530970
0.865 0.530210
0.870 0.528810
0.875 0.528050
0.880 0.528000
0.885 0.528650
0.890 0.529820
0.895 0.530770
0.900 0.530980
0.905 0.530520
0.910 0.529400
0.915 0.528100
0.920 0.526850
0.925 0.525460
0.930 0.523820
0.935 0.522110
0.940 0.519420
0.945 0.513540
0.950 0.506990
0.955 0.502060
0.960 0.495970
0.965 0.489680
0.970 0.485790
0.975 0.483570
0.980 0.483250
0.985 0.483460
0.990 0.482410
0.995 0.483290
1.000 0.489120
1.005 0.490840
1.010 0.492960
1.015 0.497640
1.020 0.502030
1.025 0.505680
1.030 0.509530
1.035 0.511700
1.040 0.515470
1.045 0.518450
1.050 0.520670
1.055 0.523990
1.060 0.523560
1.065 0.524960
1.070 0.528660
1.075 0.529160
1.080 0.526930
1.085 0.527530
1.090 0.528000
1.095 0.526530
1.100 0.524160
1.105 0.522170
1.110 0.520760
1.115 0.519580
1.120 0.515220
1.125 0.512630
1.130 0.505080
1.135 0.493430
1.140 0.477910
1.145 0.458750
1.150 0.438900
1.155 0.424110
1.160 0.413750
1.165 0.407880
1.170 0.402100
1.175 0.397730
1.180 0.395190
1.185 0.392150
1.190 0.388600
1.195 0.386970
1.200 0.384130
1.205 0.383560
1.210 0.385700
1.215 0.387510
1.220 0.391250
1.225 0.398110
1.230 0.400900
1.235 0.404520
1.240 0.406150
1.245 0.409470
1.250 0.412360
1.255 0.414720
1.260 0.415280
1.265 0.416750
1.270 0.417290
1.275 0.416780
1.280 0.416620
1.285 0.415470
1.290 0.413420
1.295 0.410170
1.300 0.406010
1.305 0.400960
1.310 0.393570
1.315 0.384500
1.320 0.374910
1.325 0.362070
1.330 0.350990
1.335 0.338400
1.340 0.325340
1.345 0.315070
1.350 0.304310
1.355 0.295550
1.360 0.287810
1.365 0.278300
1.370 0.269550
1.375 0.255320
1.380 0.240240
1.385 0.216440
1.390 0.186030
1.395 0.160820
1.400 0.135820
1.405 0.119870
1.410 0.104530
1.415 0.096582
1.420 0.088536
1.425 0.082687
1.430 0.079300
1.435 0.077602
1.440 0.075615
1.445 0.075298
1.450 0.073181
1.455 0.074160
1.460 0.073104
1.465 0.072454
1.470 0.073311
1.475 0.074288
1.480 0.076679
1.485 0.080662
1.490 0.085036
1.495 0.087693
1.500 0.089479
1.505 0.091195
1.510 0.094924
1.515 0.100200
1.520 0.105260
1.525 0.108310
1.530 0.111360
1.535 0.113080
1.540 0.119340
1.545 0.122070
1.550 0.126400
1.555 0.130080
1.560 0.132480
1.565 0.135820
1.570 0.139410
1.575 0.141660
1.580 0.144160
1.585 0.147640
1.590 0.151180
1.595 0.154330
1.600 0.157530
1.605 0.160690
1.610 0.162330
1.615 0.164560
1.620 0.167780
1.625 0.170260
1.630 0.172330
1.635 0.174900
1.640 0.178040
1.645 0.180050
1.650 0.180070
1.655 0.180310
1.660 0.183300
1.665 0.182490
1.670 0.180320
1.675 0.180280
1.680 0.178190
1.685 0.175680
1.690 0.175020
1.695 0.174110
1.700 0.172070
1.705 0.168970
1.710 0.165430
1.715 0.162120
1.720 0.159870
1.725 0.158230
1.730 0.156850
1.735 0.156400
1.740 0.156110
1.745 0.154450
1.750 0.153110
1.755 0.152600
1.760 0.151230
1.765 0.148430
1.770 0.144710
1.775 0.143100
1.780 0.144080
1.785 0.146220
1.790 0.146580
1.795 0.144830
1.800 0.144530
1.805 0.145480
1.810 0.146480
1.815 0.147080
1.820 0.146960
1.825 0.146980
1.830 0.147850
1.835 0.148180
1.840 0.146440
1.845 0.143510
1.850 0.139970
1.855 0.134900
1.860 0.126900
1.865 0.116800
1.870 0.105000
1.875 0.091995
1.880 0.078037
1.885 0.064752
1.890 0.053922
1.895 0.045265
1.900 0.038918
1.905 0.034334
1.910 0.031492
1.915 0.029801
1.920 0.029005
1.925 0.028536
1.930 0.028018
1.935 0.027629
1.940 0.027618
1.945 0.027761
1.950 0.027927
1.955 0.028588
1.960 0.030246
1.965 0.031844
1.970 0.032356
1.975 0.032614
1.980 0.033411
1.985 0.034050
1.990 0.033818
1.995 0.033765
2.000 0.034972
2.005 0.036531
2.010 0.037584
2.015 0.038733
2.020 0.040620
2.025 0.042409
2.030 0.043258
2.035 0.043974
2.040 0.045315
2.045 0.046425
2.050 0.046427
2.055 0.046460
2.060 0.047646
2.065 0.048931
2.070 0.049278
2.075 0.049680
2.080 0.051173
2.085 0.052840
2.090 0.053758
2.095 0.054511
2.100 0.055627
2.105 0.056193
2.110 0.055350
2.115 0.055194
2.120 0.057826
2.125 0.060839
2.130 0.061837
2.135 0.062111
2.140 0.063034
2.145 0.064358
2.150 0.065735
2.155 0.066980
2.160 0.067970
2.165 0.069047
2.170 0.070513
2.175 0.071818
2.180 0.072372
2.185 0.072595
2.190 0.072932
2.195 0.073719
2.200 0.075257
2.205 0.076766
2.210 0.077449
2.215 0.077558
2.220 0.077280
2.225 0.076739
2.230 0.076002
2.235 0.075525
2.240 0.075603
2.245 0.074711
2.250 0.071249
2.255 0.067260
2.260 0.064741
2.265 0.063012
2.270 0.061468
2.275 0.060753
2.280 0.061721
2.285 0.063167
2.290 0.063787
2.295 0.062741
2.300 0.059220
2.305 0.055925
2.310 0.055392
2.315 0.055291
2.320 0.053325
2.325 0.051268
2.330 0.050924
2.335 0.050388
2.340 0.047705
2.345 0.044795
2.350 0.043643
2.355 0.043195
2.360 0.042439
2.365 0.041995
2.370 0.042558
2.375 0.042871
2.380 0.041671
2.385 0.040183
2.390 0.039898
2.395 0.040348
2.400 0.040437
2.405 0.039320
2.410 0.037562
2.415 0.035697
2.420 0.034135
2.425 0.032994
2.430 0.032044
2.435 0.031201
2.440 0.030494
2.445 0.030000
2.450 0.029622
2.455 0.029289
2.460 0.028977
2.465 0.028683
2.470 0.028419
2.475 0.028173
2.480 0.027933
2.485 0.027690
2.490 0.027435
2.495 0.027144
2.500 0.026777
