0.350 0.028900
0.355 0.029049
0.360 0.029200
0.365 0.029350
0.370 0.029500
0.375 0.029641
0.380 0.029900
0.385 0.030053
0.390 0.030300
0.395 0.030450
0.400 0.030600
0.405 0.030749
0.410 0.030900
0.415 0.031050
0.420 0.031200
0.425 0.031338
0.430 0.031500
0.435 0.031699
0.440 0.031900
0.445 0.032051
0.450 0.032200
0.455 0.032363
0.460 0.032500
0.465 0.032648
0.470 0.032700
0.475 0.032900
0.480 0.033100
0.485 0.033253
0.490 0.033500
0.495 0.033860
0.500 0.034100
0.505 0.034349
0.510 0.034600
0.515 0.035000
0.520 0.035400
0.525 0.035803
0.530 0.036300
0.535 0.036799
0.540 0.037300
0.545 0.037999
0.550 0.038700
0.555 0.039589
0.560 0.040600
0.565 0.041952
0.570 0.043400
0.575 0.045003
0.580 0.046700
0.585 0.048298
0.590 0.049800
0.595 0.051258
0.600 0.052500
0.605 0.053621
0.610 0.054500
0.615 0.055252
0.620 0.056000
0.625 0.056613
0.630 0.057200
0.635 0.057753
0.640 0.058400
0.645 0.058940
0.650 0.059600
0.655 0.060350
0.660 0.061100
0.665 0.061753
0.670 0.062500
0.675 0.063137
0.680 0.063800
0.685 0.064396
0.690 0.064900
0.695 0.065497
0.700 0.066000
0.705 0.066387
0.710 0.066800
0.715 0.067196
0.720 0.067500
0.725 0.067847
0.730 0.068100
0.735 0.068301
0.740 0.068500
0.745 0.068553
0.750 0.068700
0.755 0.068688
0.760 0.068700
0.765 0.068699
0.770 0.068700
0.775 0.068701
0.780 0.068700
0.785 0.068613
0.790 0.068500
0.795 0.068291
0.800 0.068200
0.805 0.067968
0.810 0.067834
0.815 0.067757
0.820 0.067700
0.825 0.067629
0.830 0.067530
0.835 0.067391
0.840 0.067200
0.845 0.066961
0.850 0.066759
0.855 0.066701
0.860 0.066900
0.865 0.067432
0.870 0.068180
0.875 0.068987
0.880 0.069700
0.885 0.070195
0.890 0.070485
0.895 0.070610
0.900 0.070600
0.905 0.070476
0.910 0.070241
0.915 0.069887
0.920 0.069400
0.925 0.068786
0.930 0.068137
0.935 0.067569
0.940 0.067200
0.945 0.067115
0.950 0.067231
0.955 0.067431
0.960 0.067600
0.965 0.067656
0.970 0.067632
0.975 0.067593
0.980 0.067600
0.985 0.067698
0.990 0.067859
0.995 0.068040
1.000 0.068200
1.005 0.068305
1.010 0.068364
1.015 0.068390
1.020 0.068400
1.025 0.068404
1.030 0.068404
1.035 0.068403
1.040 0.068400
1.045 0.068395
1.050 0.068382
1.055 0.068353
1.060 0.068300
1.065 0.068219
1.070 0.068128
1.075 0.068047
1.080 0.068000
1.085 0.068002
1.090 0.068035
1.095 0.068076
1.100 0.068100
1.105 0.068091
1.110 0.068059
1.115 0.068023
1.120 0.068000
1.125 0.068002
1.130 0.068015
1.135 0.068021
1.140 0.068000
1.145 0.067943
1.150 0.067879
1.155 0.067851
1.160 0.067900
1.165 0.068052
1.170 0.068252
1.175 0.068426
1.180 0.068500
1.185 0.068422
1.190 0.068245
1.195 0.068046
1.200 0.067900
1.205 0.067863
1.210 0.067911
1.215 0.068003
1.220 0.068100
1.225 0.068170
1.230 0.068209
1.235 0.068219
1.240 0.068200
1.245 0.068155
1.250 0.068096
1.255 0.068040
1.260 0.068000
1.265 0.067990
1.270 0.068007
1.275 0.068045
1.280 0.068100
1.285 0.068167
1.290 0.068232
1.295 0.068282
1.300 0.068300
1.305 0.068278
1.310 0.068236
1.315 0.068201
1.320 0.068200
1.325 0.068253
1.330 0.068339
1.335 0.068431
1.340 0.068500
1.345 0.068526
1.350 0.068522
1.355 0.068507
1.360 0.068500
1.365 0.068513
1.370 0.068532
1.375 0.068535
1.380 0.068500
1.385 0.068413
1.390 0.068297
1.395 0.068183
1.400 0.068100
1.405 0.068073
1.410 0.068091
1.415 0.068139
1.420 0.068200
1.425 0.068264
1.430 0.068331
1.435 0.068408
1.440 0.068500
1.445 0.068611
1.450 0.068735
1.455 0.068867
1.460 0.069000
1.465 0.069128
1.470 0.069243
1.475 0.069337
1.480 0.069400
1.485 0.069427
1.490 0.069437
1.495 0.069453
1.500 0.069500
1.505 0.069593
1.510 0.069711
1.515 0.069823
1.520 0.069900
1.525 0.069920
1.530 0.069906
1.535 0.069889
1.540 0.069900
1.545 0.069963
1.550 0.070064
1.555 0.070183
1.560 0.070300
1.565 0.070400
1.570 0.070481
1.575 0.070547
1.580 0.070600
1.585 0.070642
1.590 0.070682
1.595 0.070731
1.600 0.070800
1.605 0.070896
1.610 0.071006
1.615 0.071113
1.620 0.071200
1.625 0.071256
1.630 0.071294
1.635 0.071335
1.640 0.071400
1.645 0.071501
1.650 0.071619
1.655 0.071728
1.660 0.071800
1.665 0.071816
1.670 0.071791
1.675 0.071745
1.680 0.071700
1.685 0.071672
1.690 0.071662
1.695 0.071672
1.700 0.071700
1.705 0.071747
1.710 0.071813
1.715 0.071897
1.720 0.072000
1.725 0.072119
1.730 0.072238
1.735 0.072338
1.740 0.072400
1.745 0.072410
1.750 0.072393
1.755 0.072379
1.760 0.072400
1.765 0.072480
1.770 0.072605
1.775 0.072752
1.780 0.072900
1.785 0.073030
1.790 0.073131
1.795 0.073192
1.800 0.073200
1.805 0.073149
1.810 0.073072
1.815 0.073008
1.820 0.073000
1.825 0.073076
1.830 0.073210
1.835 0.073364
1.840 0.073500
1.845 0.073590
1.850 0.073643
1.855 0.073674
1.860 0.073700
1.865 0.073728
1.870 0.073740
1.875 0.073707
1.880 0.073600
1.885 0.073404
1.890 0.073164
1.895 0.072942
1.900 0.072800
1.905 0.072782
1.910 0.072847
1.915 0.072939
1.920 0.073000
1.925 0.072992
1.930 0.072952
1.935 0.072936
1.940 0.073000
1.945 0.073182
1.950 0.073436
1.955 0.073696
1.960 0.073900
1.965 0.074000
1.970 0.074032
1.975 0.074048
1.980 0.074100
1.985 0.074227
1.990 0.074408
1.995 0.074610
2.000 0.074800
2.005 0.074954
2.010 0.075079
2.015 0.075190
2.020 0.075300
2.025 0.075418
2.030 0.075534
2.035 0.075633
2.040 0.075700
2.045 0.075724
2.050 0.075720
2.055 0.075706
2.060 0.075700
2.065 0.075717
2.070 0.075747
2.075 0.075779
2.080 0.075800
2.085 0.075799
2.090 0.075780
2.095 0.075745
2.100 0.075700
2.105 0.075651
2.110 0.075618
2.115 0.075626
2.120 0.075700
2.125 0.075857
2.130 0.076058
2.135 0.076256
2.140 0.076400
2.145 0.076454
2.150 0.076436
2.155 0.076375
2.160 0.076300
2.165 0.076226
2.170 0.076127
2.175 0.075966
2.180 0.075700
2.185 0.075308
2.190 0.074853
2.195 0.074422
2.200 0.074100
2.205 0.073944
2.210 0.073880
2.215 0.073800
2.220 0.073600
2.225 0.073232
2.230 0.072906
2.235 0.072898
2.240 0.073500
2.245 0.074889
2.250 0.076701
2.255 0.078445
2.260 0.079629
2.265 0.079889
2.270 0.079440
2.275 0.078621
2.280 0.077750
2.285 0.077072
2.290 0.076544
2.295 0.076058
2.300 0.075508
2.305 0.074824
2.310 0.074082
2.315 0.073395
2.320 0.072880
2.325 0.072609
2.330 0.072467
2.335 0.072294
2.340 0.071929
2.345 0.071275
2.350 0.070521
2.355 0.069923
2.360 0.069747
2.365 0.070171
2.370 0.070978
2.375 0.071863
2.380 0.072526
2.385 0.072749
2.390 0.072669
2.395 0.072505
2.400 0.072470
2.405 0.072710
2.410 0.073095
2.415 0.073427
2.420 0.073506
2.425 0.073198
2.430 0.072662
2.435 0.072121
2.440 0.071800
2.445 0.071861
2.450 0.072192
2.455 0.072621
2.460 0.072983
2.465 0.073150
2.470 0.073160
2.475 0.073087
2.480 0.072999
2.485 0.072960
2.490 0.073009
2.495 0.073186
2.500 0.073534
