0.350 0.019791
0.355 0.021770
0.360 0.023749
0.365 0.025728
0.370 0.027707
0.375 0.029686
0.380 0.031666
0.385 0.033645
0.390 0.035624
0.395 0.037603
0.400 0.039582
0.405 0.047292
0.410 0.055413
0.415 0.063883
0.420 0.073165
0.425 0.083251
0.430 0.091857
0.435 0.101900
0.440 0.109140
0.445 0.116360
0.450 0.124260
0.455 0.130940
0.460 0.135260
0.465 0.142310
0.470 0.147550
0.475 0.154630
0.480 0.158880
0.485 0.163680
0.490 0.167900
0.495 0.173580
0.500 0.177940
0.505 0.182020
0.510 0.186030
0.515 0.191400
0.520 0.196180
0.525 0.201580
0.530 0.205030
0.535 0.210480
0.540 0.215180
0.545 0.217790
0.550 0.220920
0.555 0.225500
0.560 0.228030
0.565 0.232350
0.570 0.234850
0.575 0.237890
0.580 0.241690
0.585 0.243660
0.590 0.247150
0.595 0.248930
0.600 0.250850
0.605 0.254150
0.610 0.255190
0.615 0.258940
0.620 0.261980
0.625 0.264710
0.630 0.266680
0.635 0.268990
0.640 0.271690
0.645 0.275130
0.650 0.277430
0.655 0.279310
0.660 0.281450
0.665 0.283800
0.670 0.284510
0.675 0.285700
0.680 0.288210
0.685 0.292290
0.690 0.294050
0.695 0.297160
0.700 0.301450
0.705 0.306130
0.710 0.311890
0.715 0.317450
0.720 0.323410
0.725 0.331010
0.730 0.339090
0.735 0.346300
0.740 0.353450
0.745 0.360460
0.750 0.365240
0.755 0.369260
0.760 0.373170
0.765 0.374890
0.770 0.377230
0.775 0.380780
0.780 0.380610
0.785 0.380830
0.790 0.382990
0.795 0.384790
0.800 0.383990
0.805 0.385590
0.810 0.386210
0.815 0.386960
0.820 0.387300
0.825 0.387640
0.830 0.388790
0.835 0.389950
0.840 0.391030
0.845 0.391950
0.850 0.392490
0.855 0.392290
0.860 0.391670
0.865 0.391130
0.870 0.391000
0.875 0.391750
0.880 0.393010
0.885 0.394190
0.890 0.394920
0.895 0.394860
0.900 0.393880
0.905 0.392850
0.910 0.392370
0.915 0.392600
0.920 0.393630
0.925 0.395080
0.930 0.396440
0.935 0.396550
0.940 0.395470
0.945 0.394970
0.950 0.394640
0.955 0.393570
0.960 0.391920
0.965 0.391830
0.970 0.393730
0.975 0.392510
0.980 0.392210
0.985 0.392370
0.990 0.392540
0.995 0.393050
1.000 0.393050
1.005 0.392930
1.010 0.392090
1.015 0.392980
1.020 0.394740
1.025 0.395890
1.030 0.396100
1.035 0.396760
1.040 0.398890
1.045 0.397330
1.050 0.398720
1.055 0.399140
1.060 0.398770
1.065 0.399290
1.070 0.398750
1.075 0.398200
1.080 0.400460
1.085 0.401980
1.090 0.399880
1.095 0.400190
1.100 0.400770
1.105 0.399860
1.110 0.401460
1.115 0.400460
1.120 0.399780
1.125 0.399850
1.130 0.398450
1.135 0.396190
1.140 0.391870
1.145 0.389390
1.150 0.389120
1.155 0.386220
1.160 0.383580
1.165 0.382650
1.170 0.381730
1.175 0.379500
1.180 0.378380
1.185 0.378180
1.190 0.378150
1.195 0.377710
1.200 0.377070
1.205 0.376850
1.210 0.375530
1.215 0.376470
1.220 0.378200
1.225 0.377520
1.230 0.378700
1.235 0.379550
1.240 0.380070
1.245 0.381310
1.250 0.382060
1.255 0.383710
1.260 0.383650
1.265 0.383970
1.270 0.383580
1.275 0.383420
1.280 0.384350
1.285 0.384730
1.290 0.384400
1.295 0.383310
1.300 0.383400
1.305 0.383040
1.310 0.381590
1.315 0.381470
1.320 0.379300
1.325 0.377430
1.330 0.375360
1.335 0.372650
1.340 0.370960
1.345 0.366270
1.350 0.362530
1.355 0.360410
1.360 0.356800
1.365 0.354390
1.370 0.352130
1.375 0.348210
1.380 0.344100
1.385 0.340740
1.390 0.332370
1.395 0.324710
1.400 0.319030
1.405 0.309340
1.410 0.301750
1.415 0.291240
1.420 0.282390
1.425 0.275450
1.430 0.269200
1.435 0.266050
1.440 0.262270
1.445 0.260480
1.450 0.259580
1.455 0.259290
1.460 0.259030
1.465 0.259930
1.470 0.257130
1.475 0.258830
1.480 0.259960
1.485 0.262070
1.490 0.263100
1.495 0.264770
1.500 0.267070
1.505 0.268480
1.510 0.269240
1.515 0.271750
1.520 0.274130
1.525 0.275150
1.530 0.277680
1.535 0.278540
1.540 0.281750
1.545 0.282410
1.550 0.283350
1.555 0.285880
1.560 0.286920
1.565 0.286050
1.570 0.286850
1.575 0.287760
1.580 0.289070
1.585 0.290920
1.590 0.292640
1.595 0.294000
1.600 0.296150
1.605 0.299170
1.610 0.300400
1.615 0.301770
1.620 0.303930
1.625 0.305460
1.630 0.306890
1.635 0.308300
1.640 0.309190
1.645 0.309190
1.650 0.309840
1.655 0.310520
1.660 0.309390
1.665 0.309610
1.670 0.309280
1.675 0.306320
1.680 0.303860
1.685 0.302950
1.690 0.303300
1.695 0.303210
1.700 0.302750
1.705 0.302590
1.710 0.299640
1.715 0.294520
1.720 0.293610
1.725 0.293810
1.730 0.291530
1.735 0.291010
1.740 0.292470
1.745 0.293370
1.750 0.294280
1.755 0.294730
1.760 0.292370
1.765 0.290120
1.770 0.290520
1.775 0.289890
1.780 0.289330
1.785 0.292190
1.790 0.293000
1.795 0.290330
1.800 0.289980
1.805 0.291460
1.810 0.292410
1.815 0.292470
1.820 0.291650
1.825 0.291110
1.830 0.291990
1.835 0.293430
1.840 0.294550
1.845 0.295110
1.850 0.294920
1.855 0.294070
1.860 0.292400
1.865 0.289410
1.870 0.284400
1.875 0.278390
1.880 0.271900
1.885 0.263090
1.890 0.249860
1.895 0.235160
1.900 0.221850
1.905 0.209950
1.910 0.199510
1.915 0.191060
1.920 0.185680
1.925 0.182930
1.930 0.182820
1.935 0.184520
1.940 0.187440
1.945 0.190280
1.950 0.192140
1.955 0.194880
1.960 0.200380
1.965 0.206330
1.970 0.210330
1.975 0.212890
1.980 0.214710
1.985 0.217180
1.990 0.221340
1.995 0.224950
2.000 0.225820
2.005 0.226150
2.010 0.227970
2.015 0.229090
2.020 0.227140
2.025 0.224320
2.030 0.222750
2.035 0.220830
2.040 0.216810
2.045 0.212350
2.050 0.209150
2.055 0.206420
2.060 0.203310
2.065 0.200340
2.070 0.198330
2.075 0.197730
2.080 0.198800
2.085 0.198580
2.090 0.194490
2.095 0.190950
2.100 0.192390
2.105 0.195320
2.110 0.196150
2.115 0.196230
2.120 0.197240
2.125 0.198870
2.130 0.200670
2.135 0.202660
2.140 0.204790
2.145 0.206070
2.150 0.205640
2.155 0.205650
2.160 0.208210
2.165 0.211470
2.170 0.213430
2.175 0.214180
2.180 0.213930
2.185 0.213570
2.190 0.213870
2.195 0.214630
2.200 0.215620
2.205 0.216780
2.210 0.218010
2.215 0.218710
2.220 0.218180
2.225 0.216510
2.230 0.213690
2.235 0.210210
2.240 0.206420
2.245 0.202320
2.250 0.197940
2.255 0.194310
2.260 0.192410
2.265 0.190780
2.270 0.188060
2.275 0.185480
2.280 0.184530
2.285 0.184920
2.290 0.186170
2.295 0.186120
2.300 0.182800
2.305 0.178990
2.310 0.177430
2.315 0.176820
2.320 0.175710
2.325 0.174620
2.330 0.174140
2.335 0.173510
2.340 0.171940
2.345 0.170240
2.350 0.169410
2.355 0.169720
2.360 0.171400
2.365 0.173150
2.370 0.173700
2.375 0.173230
2.380 0.171990
2.385 0.170730
2.390 0.170240
2.395 0.170160
2.400 0.169650
2.405 0.168030
2.410 0.165760
2.415 0.163250
2.420 0.160750
2.425 0.158330
2.430 0.155930
2.435 0.153480
2.440 0.150870
2.445 0.148000
2.450 0.144990
2.455 0.141950
2.460 0.138980
2.465 0.136230
2.470 0.133940
2.475 0.131980
2.480 0.130190
2.485 0.128520
2.490 0.127060
2.495 0.125990
2.500 0.125710
