0.350 0.054415
0.355 0.059857
0.360 0.065298
0.365 0.070740
0.370 0.076181
0.375 0.081623
0.380 0.087064
0.385 0.092505
0.390 0.097947
0.395 0.103390
0.400 0.108830
0.405 0.116300
0.410 0.121940
0.415 0.128680
0.420 0.136140
0.425 0.143390
0.430 0.150020
0.435 0.157350
0.440 0.163460
0.445 0.171020
0.450 0.177150
0.455 0.181810
0.460 0.186650
0.465 0.191190
0.470 0.196120
0.475 0.201080
0.480 0.204520
0.485 0.207980
0.490 0.211660
0.495 0.216060
0.500 0.220400
0.505 0.224570
0.510 0.229320
0.515 0.234960
0.520 0.241630
0.525 0.247810
0.530 0.252870
0.535 0.257480
0.540 0.261940
0.545 0.266510
0.550 0.270880
0.555 0.274450
0.560 0.277680
0.565 0.280160
0.570 0.282280
0.575 0.284000
0.580 0.285300
0.585 0.286510
0.590 0.287330
0.595 0.287960
0.600 0.288500
0.605 0.288820
0.610 0.289510
0.615 0.290010
0.620 0.290500
0.625 0.291170
0.630 0.291890
0.635 0.292540
0.640 0.293630
0.645 0.294790
0.650 0.295940
0.655 0.297060
0.660 0.298340
0.665 0.299900
0.670 0.301580
0.675 0.303260
0.680 0.304890
0.685 0.306350
0.690 0.307760
0.695 0.308820
0.700 0.309740
0.705 0.310300
0.710 0.310220
0.715 0.309550
0.720 0.308060
0.725 0.305940
0.730 0.302050
0.735 0.297880
0.740 0.296530
0.745 0.296620
0.750 0.296960
0.755 0.297410
0.760 0.297720
0.765 0.298330
0.770 0.298920
0.775 0.299750
0.780 0.300760
0.785 0.301820
0.790 0.303030
0.795 0.304150
0.800 0.304960
0.805 0.305480
0.810 0.305280
0.815 0.304480
0.820 0.302690
0.825 0.298790
0.830 0.292510
0.835 0.287920
0.840 0.285800
0.845 0.284100
0.850 0.282350
0.855 0.280860
0.860 0.279320
0.865 0.277700
0.870 0.275960
0.875 0.273610
0.880 0.271120
0.885 0.268390
0.890 0.265660
0.895 0.263300
0.900 0.260550
0.905 0.257870
0.910 0.254340
0.915 0.249330
0.920 0.242340
0.925 0.231700
0.930 0.218080
0.935 0.202080
0.940 0.184840
0.945 0.167050
0.950 0.146600
0.955 0.126320
0.960 0.111710
0.965 0.104740
0.970 0.102060
0.975 0.100460
0.980 0.100500
0.985 0.101500
0.990 0.103660
0.995 0.107360
1.000 0.111530
1.005 0.118180
1.010 0.125310
1.015 0.132840
1.020 0.141450
1.025 0.150320
1.030 0.159010
1.035 0.167930
1.040 0.176280
1.045 0.183800
1.050 0.190150
1.055 0.195560
1.060 0.199230
1.065 0.201300
1.070 0.201690
1.075 0.200330
1.080 0.197400
1.085 0.193010
1.090 0.187220
1.095 0.180690
1.100 0.173750
1.105 0.166720
1.110 0.159610
1.115 0.151890
1.120 0.142510
1.125 0.129590
1.130 0.112110
1.135 0.091427
1.140 0.071225
1.145 0.055392
1.150 0.044967
1.155 0.039386
1.160 0.036417
1.165 0.035148
1.170 0.034324
1.175 0.033729
1.180 0.033277
1.185 0.032683
1.190 0.032219
1.195 0.032073
1.200 0.032039
1.205 0.032227
1.210 0.032540
1.215 0.033033
1.220 0.033515
1.225 0.033991
1.230 0.034612
1.235 0.035034
1.240 0.035715
1.245 0.036315
1.250 0.036798
1.255 0.037163
1.260 0.037405
1.265 0.037418
1.270 0.037135
1.275 0.036523
1.280 0.035528
1.285 0.034134
1.290 0.032490
1.295 0.030537
1.300 0.028342
1.305 0.026079
1.310 0.023659
1.315 0.021196
1.320 0.018851
1.325 0.016602
1.330 0.014656
1.335 0.012986
1.340 0.011651
1.345 0.010598
1.350 0.009746
1.355 0.009057
1.360 0.008385
1.365 0.007631
1.370 0.006893
1.375 0.005999
1.380 0.005132
1.385 0.004235
1.390 0.003528
1.395 0.003009
1.400 0.002675
1.405 0.002493
1.410 0.002400
1.415 0.002306
1.420 0.002304
1.425 0.002219
1.430 0.002171
1.435 0.002143
1.440 0.002117
1.445 0.002091
1.450 0.002104
1.455 0.002144
1.460 0.002157
1.465 0.002151
1.470 0.002168
1.475 0.002184
1.480 0.002283
1.485 0.002335
1.490 0.002330
1.495 0.002395
1.500 0.002465
1.505 0.002519
1.510 0.002583
1.515 0.002616
1.520 0.002734
1.525 0.002851
1.530 0.002860
1.535 0.002952
1.540 0.003016
1.545 0.003130
1.550 0.003265
1.555 0.003330
1.560 0.003364
1.565 0.003528
1.570 0.003606
1.575 0.003704
1.580 0.003771
1.585 0.003885
1.590 0.004021
1.595 0.004056
1.600 0.004208
1.605 0.004269
1.610 0.004323
1.615 0.004423
1.620 0.004509
1.625 0.004575
1.630 0.004650
1.635 0.004775
1.640 0.004840
1.645 0.004891
1.650 0.004909
1.655 0.004989
1.660 0.004936
1.665 0.004987
1.670 0.005081
1.675 0.005119
1.680 0.005094
1.685 0.005066
1.690 0.005073
1.695 0.005028
1.700 0.005040
1.705 0.005051
1.710 0.004948
1.715 0.004922
1.720 0.004824
1.725 0.004762
1.730 0.004610
1.735 0.004590
1.740 0.004518
1.745 0.004354
1.750 0.004193
1.755 0.004048
1.760 0.003922
1.765 0.003899
1.770 0.003754
1.775 0.003616
1.780 0.003597
1.785 0.003511
1.790 0.003734
1.795 0.003636
1.800 0.003439
1.805 0.003591
1.810 0.003638
1.815 0.003747
1.820 0.003726
1.825 0.003814
1.830 0.003803
1.835 0.003390
1.840 0.003528
1.845 0.003635
1.850 0.003664
1.855 0.003313
1.860 0.003335
1.865 0.002848
1.870 0.002787
1.875 0.002581
1.880 0.002399
1.885 0.002374
1.890 0.002075
1.895 0.002137
1.900 0.001954
1.905 0.001927
1.910 0.001914
1.915 0.001863
1.920 0.002087
1.925 0.002106
1.930 0.002041
1.935 0.001988
1.940 0.002094
1.945 0.002005
1.950 0.002118
1.955 0.002051
1.960 0.002260
1.965 0.002254
1.970 0.002089
1.975 0.002113
1.980 0.002066
1.985 0.002173
1.990 0.001970
1.995 0.001946
2.000 0.002064
2.005 0.002235
2.010 0.002251
2.015 0.002137
2.020 0.002209
2.025 0.002052
2.030 0.002101
2.035 0.002306
2.040 0.002184
2.045 0.002382
2.050 0.002316
2.055 0.002228
2.060 0.002261
2.065 0.002250
2.070 0.002362
2.075 0.002209
2.080 0.002378
2.085 0.002146
2.090 0.002243
2.095 0.002278
2.100 0.002144
2.105 0.002438
2.110 0.002448
2.115 0.002652
2.120 0.002588
2.125 0.002266
2.130 0.002544
2.135 0.002581
2.140 0.002504
2.145 0.002441
2.150 0.002602
2.155 0.002611
2.160 0.002719
2.165 0.002702
2.170 0.002863
2.175 0.002742
2.180 0.002566
2.185 0.002449
2.190 0.002475
2.195 0.002415
2.200 0.002418
2.205 0.002247
2.210 0.002521
2.215 0.002540
2.220 0.002671
2.225 0.002795
2.230 0.002725
2.235 0.002596
2.240 0.002717
2.245 0.002838
2.250 0.002744
2.255 0.002531
2.260 0.002435
2.265 0.002613
2.270 0.002644
2.275 0.002518
2.280 0.002647
2.285 0.002595
2.290 0.002417
2.295 0.002293
2.300 0.002656
2.305 0.002256
2.310 0.002285
2.315 0.002093
2.320 0.002079
2.325 0.002254
2.330 0.002311
2.335 0.002232
2.340 0.001998
2.345 0.002058
2.350 0.002075
2.355 0.002154
2.360 0.001958
2.365 0.001890
2.370 0.002201
2.375 0.002012
2.380 0.001958
2.385 0.001955
2.390 0.002106
2.395 0.001942
2.400 0.001881
2.405 0.001787
2.410 0.001630
2.415 0.001787
2.420 0.001663
2.425 0.001794
2.430 0.001624
2.435 0.001691
2.440 0.001648
2.445 0.001749
2.450 0.001662
2.455 0.001717
2.460 0.001820
2.465 0.001731
2.470 0.001641
2.475 0.001874
2.480 0.001891
2.485 0.001882
2.490 0.002662
2.495 0.002332
2.500 0.002632
