0.350 0.016403
0.355 0.018044
0.360 0.019684
0.365 0.021325
0.370 0.022965
0.375 0.024605
0.380 0.026246
0.385 0.027886
0.390 0.029526
0.395 0.031167
0.400 0.032807
0.405 0.034735
0.410 0.031974
0.415 0.031928
0.420 0.031857
0.425 0.030569
0.430 0.030721
0.435 0.030303
0.440 0.031976
0.445 0.032243
0.450 0.031733
0.455 0.031886
0.460 0.032015
0.465 0.032433
0.470 0.032171
0.475 0.031687
0.480 0.031585
0.485 0.032165
0.490 0.032767
0.495 0.033381
0.500 0.035859
0.505 0.039428
0.510 0.045853
0.515 0.057070
0.520 0.073003
0.525 0.092332
0.530 0.110170
0.535 0.122930
0.540 0.130260
0.545 0.135020
0.550 0.138440
0.555 0.139290
0.560 0.135280
0.565 0.126060
0.570 0.113360
0.575 0.100150
0.580 0.090181
0.585 0.083156
0.590 0.077751
0.595 0.074614
0.600 0.072757
0.605 0.070995
0.610 0.066695
0.615 0.061655
0.620 0.057730
0.625 0.055848
0.630 0.054717
0.635 0.053372
0.640 0.049484
0.645 0.044732
0.650 0.041117
0.655 0.039531
0.660 0.037698
0.665 0.036259
0.670 0.036035
0.675 0.037187
0.680 0.039615
0.685 0.043893
0.690 0.054406
0.695 0.086086
0.700 0.143800
0.705 0.217640
0.710 0.296470
0.715 0.378880
0.720 0.462610
0.725 0.542550
0.730 0.612650
0.735 0.668990
0.740 0.711820
0.745 0.741680
0.750 0.761250
0.755 0.773360
0.760 0.780610
0.765 0.784790
0.770 0.787120
0.775 0.789000
0.780 0.790550
0.785 0.791880
0.790 0.793490
0.795 0.794990
0.800 0.796220
0.805 0.797570
0.810 0.799000
0.815 0.800680
0.820 0.801430
0.825 0.802650
0.830 0.803460
0.835 0.804170
0.840 0.804910
0.845 0.806120
0.850 0.807130
0.855 0.808320
0.860 0.809050
0.865 0.810140
0.870 0.810810
0.875 0.811710
0.880 0.812520
0.885 0.812940
0.890 0.813390
0.895 0.813840
0.900 0.814280
0.905 0.814790
0.910 0.815070
0.915 0.815210
0.920 0.815250
0.925 0.814240
0.930 0.812380
0.935 0.810120
0.940 0.807090
0.945 0.803250
0.950 0.797250
0.955 0.789360
0.960 0.782810
0.965 0.779100
0.970 0.778110
0.975 0.778380
0.980 0.779800
0.985 0.782000
0.990 0.784830
0.995 0.788540
1.000 0.792440
1.005 0.797180
1.010 0.800300
1.015 0.804560
1.020 0.809330
1.025 0.811970
1.030 0.815660
1.035 0.819040
1.040 0.821650
1.045 0.825360
1.050 0.828230
1.055 0.831210
1.060 0.831460
1.065 0.833900
1.070 0.835230
1.075 0.835810
1.080 0.837280
1.085 0.835600
1.090 0.835080
1.095 0.833930
1.100 0.833130
1.105 0.831760
1.110 0.828330
1.115 0.826980
1.120 0.821980
1.125 0.817330
1.130 0.808530
1.135 0.796350
1.140 0.779750
1.145 0.762070
1.150 0.746900
1.155 0.734720
1.160 0.729250
1.165 0.725220
1.170 0.724380
1.175 0.724230
1.180 0.723600
1.185 0.723340
1.190 0.721890
1.195 0.722560
1.200 0.724040
1.205 0.725470
1.210 0.727750
1.215 0.730330
1.220 0.733210
1.225 0.736260
1.230 0.739110
1.235 0.741530
1.240 0.744040
1.245 0.746620
1.250 0.748900
1.255 0.749930
1.260 0.750990
1.265 0.750850
1.270 0.750820
1.275 0.749860
1.280 0.748210
1.285 0.744820
1.290 0.741230
1.295 0.736090
1.300 0.729720
1.305 0.721080
1.310 0.711300
1.315 0.699420
1.320 0.686230
1.325 0.671400
1.330 0.654410
1.335 0.637990
1.340 0.622060
1.345 0.607330
1.350 0.592710
1.355 0.579220
1.360 0.565000
1.365 0.547170
1.370 0.523260
1.375 0.492730
1.380 0.450810
1.385 0.399950
1.390 0.345680
1.395 0.294050
1.400 0.250220
1.405 0.216570
1.410 0.192990
1.415 0.177120
1.420 0.166980
1.425 0.160450
1.430 0.157030
1.435 0.154870
1.440 0.154740
1.445 0.155570
1.450 0.156680
1.455 0.158250
1.460 0.161150
1.465 0.165800
1.470 0.172120
1.475 0.179750
1.480 0.188310
1.485 0.198020
1.490 0.207840
1.495 0.218330
1.500 0.229000
1.505 0.239780
1.510 0.250680
1.515 0.261650
1.520 0.272500
1.525 0.283240
1.530 0.293660
1.535 0.303800
1.540 0.314270
1.545 0.324290
1.550 0.333450
1.555 0.342500
1.560 0.351390
1.565 0.359900
1.570 0.367710
1.575 0.375250
1.580 0.382820
1.585 0.389990
1.590 0.396500
1.595 0.403360
1.600 0.409810
1.605 0.415650
1.610 0.421280
1.615 0.426710
1.620 0.431640
1.625 0.435720
1.630 0.439840
1.635 0.443660
1.640 0.446450
1.645 0.448360
1.650 0.449500
1.655 0.449520
1.660 0.448840
1.665 0.449230
1.670 0.449730
1.675 0.451070
1.680 0.451100
1.685 0.451050
1.690 0.449720
1.695 0.447820
1.700 0.444940
1.705 0.441290
1.710 0.437680
1.715 0.433050
1.720 0.428490
1.725 0.422780
1.730 0.418290
1.735 0.412560
1.740 0.407250
1.745 0.400900
1.750 0.394660
1.755 0.387620
1.760 0.381320
1.765 0.375550
1.770 0.370350
1.775 0.366020
1.780 0.362580
1.785 0.359540
1.790 0.358070
1.795 0.357560
1.800 0.356660
1.805 0.351610
1.810 0.351700
1.815 0.351530
1.820 0.350370
1.825 0.348970
1.830 0.346120
1.835 0.341830
1.840 0.335050
1.845 0.325030
1.850 0.311140
1.855 0.292470
1.860 0.267990
1.865 0.237800
1.870 0.201900
1.875 0.163670
1.880 0.127200
1.885 0.095616
1.890 0.070876
1.895 0.053646
1.900 0.043165
1.905 0.037320
1.910 0.034273
1.915 0.032663
1.920 0.032109
1.925 0.032077
1.930 0.032400
1.935 0.033207
1.940 0.034087
1.945 0.035400
1.950 0.036996
1.955 0.038700
1.960 0.040896
1.965 0.043224
1.970 0.045766
1.975 0.048657
1.980 0.051748
1.985 0.055017
1.990 0.058619
1.995 0.062406
2.000 0.066301
2.005 0.070234
2.010 0.074250
2.015 0.078377
2.020 0.082436
2.025 0.086361
2.030 0.090165
2.035 0.093901
2.040 0.097552
2.045 0.100970
2.050 0.104430
2.055 0.107880
2.060 0.111420
2.065 0.115070
2.070 0.118520
2.075 0.121970
2.080 0.125350
2.085 0.128630
2.090 0.131990
2.095 0.135250
2.100 0.138220
2.105 0.141130
2.110 0.143950
2.115 0.146520
2.120 0.148940
2.125 0.151270
2.130 0.153500
2.135 0.155710
2.140 0.157800
2.145 0.160250
2.150 0.162780
2.155 0.165450
2.160 0.168210
2.165 0.170690
2.170 0.173130
2.175 0.175420
2.180 0.177720
2.185 0.179960
2.190 0.182240
2.195 0.184340
2.200 0.185970
2.205 0.187600
2.210 0.188760
2.215 0.189540
2.220 0.189700
2.225 0.189670
2.230 0.188840
2.235 0.186770
2.240 0.184500
2.245 0.181530
2.250 0.178210
2.255 0.174400
2.260 0.170560
2.265 0.166750
2.270 0.163020
2.275 0.159820
2.280 0.156220
2.285 0.152640
2.290 0.148870
2.295 0.144960
2.300 0.141100
2.305 0.137570
2.310 0.134510
2.315 0.131300
2.320 0.128600
2.325 0.125150
2.330 0.122010
2.335 0.118300
2.340 0.115030
2.345 0.111240
2.350 0.108590
2.355 0.105420
2.360 0.102400
2.365 0.099246
2.370 0.096408
2.375 0.093409
2.380 0.090546
2.385 0.086962
2.390 0.083968
2.395 0.080932
2.400 0.077933
2.405 0.074987
2.410 0.072006
2.415 0.069657
2.420 0.066159
2.425 0.063666
2.430 0.060293
2.435 0.058330
2.440 0.056061
2.445 0.053072
2.450 0.050785
2.455 0.047893
2.460 0.046190
2.465 0.044936
2.470 0.044136
2.475 0.042372
2.480 0.039551
2.485 0.039207
2.490 0.038160
2.495 0.038359
2.500 0.037618
