0.350 0.000429
0.355 0.000472
0.360 0.000515
0.365 0.000558
0.370 0.000601
0.375 0.000644
0.380 0.000686
0.385 0.000729
0.390 0.000772
0.395 0.000815
0.400 0.000858
0.405 0.003916
0.410 0.006189
0.415 0.007862
0.420 0.009788
0.425 0.013298
0.430 0.016695
0.435 0.020106
0.440 0.024625
0.445 0.026190
0.450 0.030648
0.455 0.030508
0.460 0.034215
0.465 0.038643
0.470 0.038522
0.475 0.041130
0.480 0.047118
0.485 0.046733
0.490 0.050686
0.495 0.056561
0.500 0.054686
0.505 0.055501
0.510 0.065355
0.515 0.065461
0.520 0.069251
0.525 0.072126
0.530 0.077191
0.535 0.081133
0.540 0.086610
0.545 0.094575
0.550 0.099866
0.555 0.111230
0.560 0.121590
0.565 0.133580
0.570 0.139780
0.575 0.154150
0.580 0.163370
0.585 0.166410
0.590 0.174700
0.595 0.178460
0.600 0.187220
0.605 0.192190
0.610 0.194330
0.615 0.200690
0.620 0.203570
0.625 0.211910
0.630 0.213260
0.635 0.217970
0.640 0.217770
0.645 0.226350
0.650 0.233050
0.655 0.226800
0.660 0.236970
0.665 0.237560
0.670 0.241580
0.675 0.243260
0.680 0.248870
0.685 0.258020
0.690 0.257050
0.695 0.259740
0.700 0.264900
0.705 0.264990
0.710 0.272300
0.715 0.273840
0.720 0.280620
0.725 0.282330
0.730 0.286740
0.735 0.288240
0.740 0.292050
0.745 0.294000
0.750 0.297420
0.755 0.301210
0.760 0.301040
0.765 0.306840
0.770 0.308850
0.775 0.311630
0.780 0.313240
0.785 0.314070
0.790 0.314620
0.795 0.319560
0.800 0.318590
0.805 0.319100
0.810 0.321090
0.815 0.321500
0.820 0.326550
0.825 0.326830
0.830 0.328350
0.835 0.328640
0.840 0.328280
0.845 0.332670
0.850 0.332550
0.855 0.333630
0.860 0.336650
0.865 0.337740
0.870 0.337960
0.875 0.339180
0.880 0.343240
0.885 0.345490
0.890 0.346960
0.895 0.348420
0.900 0.352030
0.905 0.356420
0.910 0.358260
0.915 0.358620
0.920 0.362480
0.925 0.364060
0.930 0.366970
0.935 0.368620
0.940 0.370310
0.945 0.375060
0.950 0.377310
0.955 0.380500
0.960 0.383050
0.965 0.383590
0.970 0.384010
0.975 0.384840
0.980 0.390200
0.985 0.389160
0.990 0.391660
0.995 0.395410
1.000 0.398470
1.005 0.401050
1.010 0.403300
1.015 0.404210
1.020 0.404180
1.025 0.407870
1.030 0.407380
1.035 0.409240
1.040 0.414410
1.045 0.418230
1.050 0.418110
1.055 0.419380
1.060 0.419610
1.065 0.418120
1.070 0.421350
1.075 0.421240
1.080 0.418470
1.085 0.428790
1.090 0.429520
1.095 0.428560
1.100 0.431960
1.105 0.435390
1.110 0.436570
1.115 0.434830
1.120 0.433730
1.125 0.438500
1.130 0.434220
1.135 0.432200
1.140 0.437960
1.145 0.436920
1.150 0.433850
1.155 0.433730
1.160 0.434430
1.165 0.436220
1.170 0.436540
1.175 0.436800
1.180 0.437990
1.185 0.438460
1.190 0.439160
1.195 0.439870
1.200 0.440580
1.205 0.444450
1.210 0.448470
1.215 0.453440
1.220 0.454870
1.225 0.447640
1.230 0.445920
1.235 0.445150
1.240 0.445250
1.245 0.446880
1.250 0.450030
1.255 0.455810
1.260 0.457800
1.265 0.460490
1.270 0.461930
1.275 0.463930
1.280 0.466130
1.285 0.466670
1.290 0.464940
1.295 0.463570
1.300 0.463550
1.305 0.465730
1.310 0.466200
1.315 0.465100
1.320 0.462420
1.325 0.462490
1.330 0.461100
1.335 0.460210
1.340 0.461170
1.345 0.461930
1.350 0.460630
1.355 0.459760
1.360 0.460800
1.365 0.458470
1.370 0.455410
1.375 0.452330
1.380 0.445730
1.385 0.438720
1.390 0.435360
1.395 0.429390
1.400 0.417060
1.405 0.414170
1.410 0.415770
1.415 0.419200
1.420 0.423590
1.425 0.429430
1.430 0.431270
1.435 0.432270
1.440 0.433760
1.445 0.435110
1.450 0.434970
1.455 0.436900
1.460 0.443170
1.465 0.444040
1.470 0.445670
1.475 0.447540
1.480 0.451210
1.485 0.453270
1.490 0.454660
1.495 0.455690
1.500 0.451020
1.505 0.455640
1.510 0.457540
1.515 0.459380
1.520 0.458990
1.525 0.463630
1.530 0.466560
1.535 0.469910
1.540 0.468780
1.545 0.470410
1.550 0.471150
1.555 0.470580
1.560 0.472140
1.565 0.472220
1.570 0.470250
1.575 0.470130
1.580 0.474840
1.585 0.476480
1.590 0.476320
1.595 0.474760
1.600 0.473190
1.605 0.472540
1.610 0.471790
1.615 0.472200
1.620 0.479060
1.625 0.476320
1.630 0.477010
1.635 0.479060
1.640 0.484110
1.645 0.481740
1.650 0.481490
1.655 0.482360
1.660 0.483910
1.665 0.481140
1.670 0.481200
1.675 0.480920
1.680 0.481050
1.685 0.482840
1.690 0.483400
1.695 0.482160
1.700 0.480070
1.705 0.480920
1.710 0.480250
1.715 0.481180
1.720 0.485110
1.725 0.484580
1.730 0.483850
1.735 0.483720
1.740 0.483880
1.745 0.482250
1.750 0.483550
1.755 0.485400
1.760 0.483160
1.765 0.481940
1.770 0.481230
1.775 0.480700
1.780 0.481290
1.785 0.478960
1.790 0.479880
1.795 0.481470
1.800 0.482640
1.805 0.481820
1.810 0.483230
1.815 0.483610
1.820 0.482450
1.825 0.484130
1.830 0.483510
1.835 0.482440
1.840 0.480870
1.845 0.478320
1.850 0.475620
1.855 0.473910
1.860 0.473070
1.865 0.461130
1.870 0.448780
1.875 0.437980
1.880 0.419570
1.885 0.396800
1.890 0.380310
1.895 0.361130
1.900 0.340680
1.905 0.337160
1.910 0.338230
1.915 0.340030
1.920 0.347190
1.925 0.347930
1.930 0.349720
1.935 0.353670
1.940 0.362630
1.945 0.366290
1.950 0.370160
1.955 0.374550
1.960 0.380940
1.965 0.383070
1.970 0.386050
1.975 0.390090
1.980 0.394450
1.985 0.402160
1.990 0.405550
1.995 0.410180
2.000 0.416460
2.005 0.421250
2.010 0.423490
2.015 0.424860
2.020 0.426880
2.025 0.432290
2.030 0.433900
2.035 0.434450
2.040 0.438540
2.045 0.441440
2.050 0.442510
2.055 0.443940
2.060 0.448770
2.065 0.449780
2.070 0.450070
2.075 0.451410
2.080 0.452800
2.085 0.451430
2.090 0.454460
2.095 0.454260
2.100 0.454680
2.105 0.454530
2.110 0.452250
2.115 0.454230
2.120 0.454720
2.125 0.455370
2.130 0.453480
2.135 0.454180
2.140 0.452690
2.145 0.453310
2.150 0.448640
2.155 0.446820
2.160 0.442300
2.165 0.440110
2.170 0.435060
2.175 0.431580
2.180 0.427020
2.185 0.423630
2.190 0.418730
2.195 0.414020
2.200 0.409510
2.205 0.402790
2.210 0.400920
2.215 0.408910
2.220 0.414510
2.225 0.420600
2.230 0.422610
2.235 0.423540
2.240 0.426470
2.245 0.427460
2.250 0.429220
2.255 0.431140
2.260 0.433990
2.265 0.435790
2.270 0.436050
2.275 0.436160
2.280 0.435780
2.285 0.435170
2.290 0.433720
2.295 0.432700
2.300 0.429290
2.305 0.428510
2.310 0.425390
2.315 0.423990
2.320 0.422990
2.325 0.419650
2.330 0.416510
2.335 0.411670
2.340 0.410120
2.345 0.407110
2.350 0.405340
2.355 0.403930
2.360 0.401500
2.365 0.399340
2.370 0.397790
2.375 0.396510
2.380 0.393280
2.385 0.390530
2.390 0.390820
2.395 0.389990
2.400 0.388600
2.405 0.386760
2.410 0.384820
2.415 0.381420
2.420 0.378160
2.425 0.374220
2.430 0.370660
2.435 0.367060
2.440 0.364470
2.445 0.360890
2.450 0.359050
2.455 0.357550
2.460 0.355560
2.465 0.353370
2.470 0.350900
2.475 0.349640
2.480 0.347690
2.485 0.344750
2.490 0.342780
2.495 0.341840
2.500 0.338490
