0.350 0.421830
0.355 0.423230
0.360 0.423670
0.365 0.419450
0.370 0.419670
0.375 0.418500
0.380 0.416310
0.385 0.417240
0.390 0.417470
0.395 0.419440
0.400 0.423180
0.405 0.426730
0.410 0.428080
0.415 0.428950
0.420 0.431070
0.425 0.432690
0.430 0.434960
0.435 0.436810
0.440 0.437850
0.445 0.438180
0.450 0.439220
0.455 0.439540
0.460 0.440220
0.465 0.440600
0.470 0.440610
0.475 0.440930
0.480 0.441180
0.485 0.440870
0.490 0.441300
0.495 0.441520
0.500 0.442680
0.505 0.444100
0.510 0.446430
0.515 0.449580
0.520 0.453930
0.525 0.458150
0.530 0.461860
0.535 0.464380
0.540 0.465460
0.545 0.466780
0.550 0.467300
0.555 0.467960
0.560 0.467280
0.565 0.465970
0.570 0.463460
0.575 0.461290
0.580 0.459450
0.585 0.458230
0.590 0.456370
0.595 0.455190
0.600 0.454370
0.605 0.453390
0.610 0.451690
0.615 0.449630
0.620 0.448310
0.625 0.447280
0.630 0.446290
0.635 0.445780
0.640 0.444560
0.645 0.442980
0.650 0.440410
0.655 0.439730
0.660 0.437760
0.665 0.435930
0.670 0.434660
0.675 0.434040
0.680 0.433570
0.685 0.434240
0.690 0.437950
0.695 0.446280
0.700 0.459200
0.705 0.475270
0.710 0.493390
0.715 0.513850
0.720 0.536700
0.725 0.562340
0.730 0.586510
0.735 0.609170
0.740 0.627210
0.745 0.641510
0.750 0.650770
0.755 0.656900
0.760 0.660100
0.765 0.661920
0.770 0.662600
0.775 0.662340
0.780 0.660750
0.785 0.660510
0.790 0.660100
0.795 0.659520
0.800 0.659780
0.805 0.659500
0.810 0.661010
0.815 0.662060
0.820 0.662640
0.825 0.663740
0.830 0.664410
0.835 0.664250
0.840 0.663690
0.845 0.662530
0.850 0.660890
0.855 0.658610
0.860 0.655540
0.865 0.651550
0.870 0.647430
0.875 0.643900
0.880 0.640470
0.885 0.636800
0.890 0.632810
0.895 0.629450
0.900 0.627080
0.905 0.625020
0.910 0.623020
0.915 0.620850
0.920 0.619830
0.925 0.618430
0.930 0.616060
0.935 0.613210
0.940 0.609380
0.945 0.603320
0.950 0.595120
0.955 0.585990
0.960 0.577450
0.965 0.569770
0.970 0.560990
0.975 0.553640
0.980 0.545180
0.985 0.537500
0.990 0.530500
0.995 0.523730
1.000 0.519580
1.005 0.516370
1.010 0.512360
1.015 0.511500
1.020 0.511380
1.025 0.512500
1.030 0.515380
1.035 0.516770
1.040 0.520960
1.045 0.526520
1.050 0.532940
1.055 0.540030
1.060 0.545210
1.065 0.550370
1.070 0.555560
1.075 0.559490
1.080 0.562180
1.085 0.560880
1.090 0.561000
1.095 0.559360
1.100 0.556220
1.105 0.554360
1.110 0.550350
1.115 0.546750
1.120 0.542380
1.125 0.537130
1.130 0.529330
1.135 0.517720
1.140 0.501670
1.145 0.483910
1.150 0.467540
1.155 0.451350
1.160 0.436740
1.165 0.422780
1.170 0.410300
1.175 0.397750
1.180 0.387550
1.185 0.376910
1.190 0.365210
1.195 0.356000
1.200 0.348360
1.205 0.341640
1.210 0.337010
1.215 0.333430
1.220 0.332280
1.225 0.332600
1.230 0.332360
1.235 0.332410
1.240 0.332980
1.245 0.333980
1.250 0.334840
1.255 0.336140
1.260 0.335910
1.265 0.337370
1.270 0.339200
1.275 0.340210
1.280 0.340010
1.285 0.340680
1.290 0.340220
1.295 0.338250
1.300 0.335540
1.305 0.332680
1.310 0.328530
1.315 0.322590
1.320 0.316990
1.325 0.310070
1.330 0.300790
1.335 0.292580
1.340 0.285440
1.345 0.276400
1.350 0.269290
1.355 0.262510
1.360 0.255060
1.365 0.248990
1.370 0.240940
1.375 0.230480
1.380 0.214010
1.385 0.195000
1.390 0.173270
1.395 0.150560
1.400 0.129540
1.405 0.111650
1.410 0.097571
1.415 0.085436
1.420 0.076045
1.425 0.068775
1.430 0.063479
1.435 0.059451
1.440 0.054367
1.445 0.052462
1.450 0.050896
1.455 0.049293
1.460 0.049781
1.465 0.048151
1.470 0.048562
1.475 0.050481
1.480 0.051384
1.485 0.052484
1.490 0.053774
1.495 0.055088
1.500 0.056740
1.505 0.059211
1.510 0.061180
1.515 0.062821
1.520 0.065277
1.525 0.067502
1.530 0.068966
1.535 0.070662
1.540 0.072905
1.545 0.073675
1.550 0.075347
1.555 0.077630
1.560 0.079831
1.565 0.081684
1.570 0.082960
1.575 0.085258
1.580 0.087186
1.585 0.088335
1.590 0.089841
1.595 0.091423
1.600 0.093197
1.605 0.095167
1.610 0.096833
1.615 0.098532
1.620 0.100130
1.625 0.101320
1.630 0.102860
1.635 0.103950
1.640 0.104330
1.645 0.105690
1.650 0.107350
1.655 0.108210
1.660 0.108290
1.665 0.108470
1.670 0.108870
1.675 0.109040
1.680 0.108670
1.685 0.108040
1.690 0.107420
1.695 0.107100
1.700 0.106550
1.705 0.105140
1.710 0.103510
1.715 0.102220
1.720 0.101500
1.725 0.100270
1.730 0.098241
1.735 0.098004
1.740 0.099312
1.745 0.099729
1.750 0.099238
1.755 0.098556
1.760 0.098168
1.765 0.097558
1.770 0.096328
1.775 0.096100
1.780 0.096760
1.785 0.096856
1.790 0.097306
1.795 0.097941
1.800 0.098581
1.805 0.098410
1.810 0.098983
1.815 0.099752
1.820 0.100690
1.825 0.101190
1.830 0.101300
1.835 0.100730
1.840 0.100720
1.845 0.100100
1.850 0.097388
1.855 0.093710
1.860 0.088950
1.865 0.082500
1.870 0.073675
1.875 0.063668
1.880 0.054420
1.885 0.045585
1.890 0.037095
1.895 0.029677
1.900 0.024545
1.905 0.021765
1.910 0.020491
1.915 0.019398
1.920 0.017684
1.925 0.016381
1.930 0.016357
1.935 0.016723
1.940 0.016170
1.945 0.015826
1.950 0.017387
1.955 0.018557
1.960 0.017904
1.965 0.017304
1.970 0.018197
1.975 0.019557
1.980 0.020031
1.985 0.020389
1.990 0.021698
1.995 0.023168
2.000 0.023621
2.005 0.023758
2.010 0.024212
2.015 0.024866
2.020 0.025633
2.025 0.026761
2.030 0.027737
2.035 0.028324
2.040 0.028536
2.045 0.027985
2.050 0.028293
2.055 0.028652
2.060 0.029144
2.065 0.029749
2.070 0.030788
2.075 0.031373
2.080 0.031714
2.085 0.031988
2.090 0.032733
2.095 0.033202
2.100 0.032741
2.105 0.032369
2.110 0.033390
2.115 0.034719
2.120 0.035892
2.125 0.036688
2.130 0.037880
2.135 0.039092
2.140 0.040020
2.145 0.040141
2.150 0.039504
2.155 0.039622
2.160 0.040362
2.165 0.041457
2.170 0.042642
2.175 0.043682
2.180 0.045190
2.185 0.046401
2.190 0.045957
2.195 0.046022
2.200 0.047176
2.205 0.048503
2.210 0.048915
2.215 0.049186
2.220 0.049900
2.225 0.050453
2.230 0.050033
2.235 0.049574
2.240 0.049306
2.245 0.048501
2.250 0.046798
2.255 0.044976
2.260 0.044339
2.265 0.043356
2.270 0.040802
2.275 0.038493
2.280 0.038665
2.285 0.038728
2.290 0.036145
2.295 0.034191
2.300 0.035428
2.305 0.035844
2.310 0.032139
2.315 0.028603
2.320 0.029633
2.325 0.031693
2.330 0.030551
2.335 0.028514
2.340 0.028170
2.345 0.028102
2.350 0.027375
2.355 0.026061
2.360 0.025334
2.365 0.025243
2.370 0.025068
2.375 0.025135
2.380 0.024598
2.385 0.024231
2.390 0.023798
2.395 0.023356
2.400 0.022810
2.405 0.021982
2.410 0.021350
2.415 0.020597
2.420 0.019931
2.425 0.019315
2.430 0.018771
2.435 0.018312
2.440 0.017955
2.445 0.017702
2.450 0.017519
2.455 0.017355
2.460 0.017165
2.465 0.016900
2.470 0.016521
2.475 0.016046
2.480 0.015519
2.485 0.014986
2.490 0.014492
2.495 0.014081
2.500 0.013793
