0.350 0.053600
0.355 0.054227
0.360 0.055100
0.365 0.056230
0.370 0.057700
0.375 0.059467
0.380 0.062100
0.385 0.065134
0.390 0.068600
0.395 0.071825
0.400 0.074400
0.405 0.076346
0.410 0.078100
0.415 0.079888
0.420 0.082300
0.425 0.085536
0.430 0.089900
0.435 0.095898
0.440 0.102400
0.445 0.108110
0.450 0.111700
0.455 0.113210
0.460 0.114100
0.465 0.115010
0.470 0.116100
0.475 0.117550
0.480 0.119600
0.485 0.122980
0.490 0.127700
0.495 0.133420
0.500 0.140400
0.505 0.149220
0.510 0.159700
0.515 0.171700
0.520 0.184700
0.525 0.198200
0.530 0.211100
0.535 0.221450
0.540 0.226800
0.545 0.225690
0.550 0.217500
0.555 0.203680
0.560 0.187600
0.565 0.172150
0.570 0.159200
0.575 0.148700
0.580 0.140600
0.585 0.134590
0.590 0.129300
0.595 0.124200
0.600 0.119300
0.605 0.115220
0.610 0.112600
0.615 0.111090
0.620 0.110400
0.625 0.110100
0.630 0.110000
0.635 0.110180
0.640 0.111200
0.645 0.113050
0.650 0.115500
0.655 0.118550
0.660 0.121500
0.665 0.123200
0.670 0.122900
0.675 0.121330
0.680 0.119100
0.685 0.116670
0.690 0.113700
0.695 0.110040
0.700 0.106500
0.705 0.103710
0.710 0.103000
0.715 0.104600
0.720 0.108300
0.725 0.114000
0.730 0.122300
0.735 0.135100
0.740 0.155400
0.745 0.187550
0.750 0.233500
0.755 0.288320
0.760 0.340000
0.765 0.379820
0.770 0.405900
0.775 0.421620
0.780 0.430700
0.785 0.435300
0.790 0.437300
0.795 0.437250
0.800 0.436300
0.805 0.434360
0.810 0.432220
0.815 0.429950
0.820 0.427600
0.825 0.425220
0.830 0.422850
0.835 0.420560
0.840 0.418400
0.845 0.416430
0.850 0.414690
0.855 0.413230
0.860 0.412100
0.865 0.411350
0.870 0.410940
0.875 0.410840
0.880 0.411000
0.885 0.411410
0.890 0.412010
0.895 0.412760
0.900 0.413600
0.905 0.414520
0.910 0.415560
0.915 0.416790
0.920 0.418300
0.925 0.420130
0.930 0.422220
0.935 0.424470
0.940 0.426800
0.945 0.429130
0.950 0.431480
0.955 0.433860
0.960 0.436300
0.965 0.438820
0.970 0.441410
0.975 0.444050
0.980 0.446700
0.985 0.449360
0.990 0.452040
0.995 0.454750
1.000 0.457500
1.005 0.460310
1.010 0.463200
1.015 0.466190
1.020 0.469300
1.025 0.472550
1.030 0.475900
1.035 0.479330
1.040 0.482800
1.045 0.486260
1.050 0.489590
1.055 0.492660
1.060 0.495300
1.065 0.497430
1.070 0.499260
1.075 0.501090
1.080 0.503200
1.085 0.505840
1.090 0.509020
1.095 0.512710
1.100 0.516900
1.105 0.521560
1.110 0.526460
1.115 0.531330
1.120 0.535900
1.125 0.539950
1.130 0.543520
1.135 0.546710
1.140 0.549600
1.145 0.552240
1.150 0.554670
1.155 0.556920
1.160 0.559000
1.165 0.560920
1.170 0.562680
1.175 0.564280
1.180 0.565700
1.185 0.566940
1.190 0.568100
1.195 0.569280
1.200 0.570600
1.205 0.572140
1.210 0.573870
1.215 0.575740
1.220 0.577700
1.225 0.579710
1.230 0.581720
1.235 0.583640
1.240 0.585400
1.245 0.586950
1.250 0.588320
1.255 0.589560
1.260 0.590700
1.265 0.591780
1.270 0.592810
1.275 0.593820
1.280 0.594800
1.285 0.595770
1.290 0.596730
1.295 0.597680
1.300 0.598600
1.305 0.599500
1.310 0.600380
1.315 0.601250
1.320 0.602100
1.325 0.602940
1.330 0.603760
1.335 0.604520
1.340 0.605200
1.345 0.605780
1.350 0.606270
1.355 0.606670
1.360 0.607000
1.365 0.607250
1.370 0.607440
1.375 0.607590
1.380 0.607700
1.385 0.607790
1.390 0.607860
1.395 0.607930
1.400 0.608000
1.405 0.608080
1.410 0.608220
1.415 0.608440
1.420 0.608800
1.425 0.609330
1.430 0.610040
1.435 0.610900
1.440 0.611900
1.445 0.613040
1.450 0.614300
1.455 0.615630
1.460 0.617000
1.465 0.618390
1.470 0.619770
1.475 0.621110
1.480 0.622400
1.485 0.623610
1.490 0.624740
1.495 0.625840
1.500 0.626900
1.505 0.627940
1.510 0.628970
1.515 0.629960
1.520 0.630900
1.525 0.631790
1.530 0.632630
1.535 0.633430
1.540 0.634200
1.545 0.634940
1.550 0.635680
1.555 0.636420
1.560 0.637200
1.565 0.638020
1.570 0.638870
1.575 0.639740
1.580 0.640600
1.585 0.641440
1.590 0.642250
1.595 0.643010
1.600 0.643700
1.605 0.644310
1.610 0.644870
1.615 0.645420
1.620 0.646000
1.625 0.646620
1.630 0.647140
1.635 0.647400
1.640 0.647200
1.645 0.646420
1.650 0.645260
1.655 0.643970
1.660 0.642800
1.665 0.641940
1.670 0.641280
1.675 0.640660
1.680 0.639900
1.685 0.638850
1.690 0.637450
1.695 0.635620
1.700 0.633300
1.705 0.630500
1.710 0.627760
1.715 0.625720
1.720 0.625100
1.725 0.626360
1.730 0.628880
1.735 0.631840
1.740 0.634400
1.745 0.635980
1.750 0.636920
1.755 0.637810
1.760 0.639200
1.765 0.641500
1.770 0.644390
1.775 0.647410
1.780 0.650100
1.785 0.652100
1.790 0.653530
1.795 0.654590
1.800 0.655500
1.805 0.656400
1.810 0.657320
1.815 0.658250
1.820 0.659200
1.825 0.660150
1.830 0.661120
1.835 0.662100
1.840 0.663100
1.845 0.664130
1.850 0.665180
1.855 0.666270
1.860 0.667400
1.865 0.668560
1.870 0.669620
1.875 0.670450
1.880 0.670900
1.885 0.670850
1.890 0.670450
1.895 0.669870
1.900 0.669300
1.905 0.668880
1.910 0.668630
1.915 0.668570
1.920 0.668700
1.925 0.669040
1.930 0.669580
1.935 0.670330
1.940 0.671300
1.945 0.672490
1.950 0.673850
1.955 0.675340
1.960 0.676900
1.965 0.678490
1.970 0.680100
1.975 0.681670
1.980 0.683200
1.985 0.684640
1.990 0.685940
1.995 0.687020
2.000 0.687800
2.005 0.688210
2.010 0.688310
2.015 0.688150
2.020 0.687800
2.025 0.687300
2.030 0.686750
2.035 0.686250
2.040 0.685900
2.045 0.685780
2.050 0.685850
2.055 0.686010
2.060 0.686200
2.065 0.686360
2.070 0.686520
2.075 0.686720
2.080 0.687000
2.085 0.687400
2.090 0.687860
2.095 0.688310
2.100 0.688700
2.105 0.688950
2.110 0.689010
2.115 0.688810
2.120 0.688300
2.125 0.687440
2.130 0.686430
2.135 0.685530
2.140 0.685000
2.145 0.685050
2.150 0.685580
2.155 0.686470
2.160 0.687600
2.165 0.688860
2.170 0.690140
2.175 0.691360
2.180 0.692400
2.185 0.693190
2.190 0.693730
2.195 0.694060
2.200 0.694200
2.205 0.694120
2.210 0.693680
2.215 0.692680
2.220 0.690900
2.225 0.688120
2.230 0.684190
2.235 0.678930
2.240 0.672100
2.245 0.663650
2.250 0.654460
2.255 0.645640
2.260 0.638330
2.265 0.633260
2.270 0.629370
2.275 0.625210
2.280 0.619290
2.285 0.610700
2.290 0.600980
2.295 0.592280
2.300 0.586780
2.305 0.586050
2.310 0.588800
2.315 0.593110
2.320 0.597140
2.325 0.599480
2.330 0.600250
2.335 0.599940
2.340 0.599000
2.345 0.597810
2.350 0.596800
2.355 0.596400
2.360 0.597070
2.365 0.599110
2.370 0.602000
2.375 0.605060
2.380 0.607580
2.385 0.609060
2.390 0.609670
2.395 0.609730
2.400 0.609540
2.405 0.609380
2.410 0.609520
2.415 0.610220
2.420 0.611800
2.425 0.614400
2.430 0.617450
2.435 0.620200
2.440 0.621890
2.445 0.621990
2.450 0.621100
2.455 0.620050
2.460 0.619650
2.465 0.620530
2.470 0.622390
2.475 0.624760
2.480 0.627180
2.485 0.629290
2.490 0.631140
2.495 0.632840
2.500 0.634510
