0.350 0.001002
0.355 0.001103
0.360 0.001203
0.365 0.001303
0.370 0.001403
0.375 0.001504
0.380 0.001604
0.385 0.001704
0.390 0.001805
0.395 0.001905
0.400 0.002005
0.405 0.008686
0.410 0.009125
0.415 0.009479
0.420 0.013144
0.425 0.014898
0.430 0.016954
0.435 0.019331
0.440 0.019684
0.445 0.021274
0.450 0.021652
0.455 0.024856
0.460 0.027248
0.465 0.024946
0.470 0.026290
0.475 0.029545
0.480 0.030934
0.485 0.030674
0.490 0.030697
0.495 0.032259
0.500 0.036421
0.505 0.036247
0.510 0.037742
0.515 0.041983
0.520 0.042052
0.525 0.039859
0.530 0.043962
0.535 0.044498
0.540 0.046565
0.545 0.044426
0.550 0.048792
0.555 0.047652
0.560 0.050349
0.565 0.053722
0.570 0.056816
0.575 0.058655
0.580 0.059696
0.585 0.064253
0.590 0.063851
0.595 0.063883
0.600 0.066725
0.605 0.069605
0.610 0.068932
0.615 0.070075
0.620 0.071906
0.625 0.073011
0.630 0.076080
0.635 0.075806
0.640 0.080528
0.645 0.081705
0.650 0.081531
0.655 0.080671
0.660 0.083826
0.665 0.089427
0.670 0.090538
0.675 0.091501
0.680 0.091737
0.685 0.096847
0.690 0.098343
0.695 0.101150
0.700 0.103330
0.705 0.105560
0.710 0.109000
0.715 0.109640
0.720 0.114010
0.725 0.115060
0.730 0.115540
0.735 0.122080
0.740 0.122230
0.745 0.124170
0.750 0.126160
0.755 0.126320
0.760 0.131670
0.765 0.131670
0.770 0.133560
0.775 0.136050
0.780 0.138440
0.785 0.140450
0.790 0.142570
0.795 0.143050
0.800 0.150530
0.805 0.151910
0.810 0.157270
0.815 0.156350
0.820 0.157210
0.825 0.158510
0.830 0.161180
0.835 0.164060
0.840 0.164470
0.845 0.166140
0.850 0.169250
0.855 0.171350
0.860 0.172190
0.865 0.176140
0.870 0.175230
0.875 0.177330
0.880 0.179350
0.885 0.180790
0.890 0.181380
0.895 0.181550
0.900 0.182550
0.905 0.184430
0.910 0.186130
0.915 0.189090
0.920 0.191360
0.925 0.191610
0.930 0.193840
0.935 0.196530
0.940 0.197780
0.945 0.199530
0.950 0.202630
0.955 0.202270
0.960 0.204680
0.965 0.208700
0.970 0.208840
0.975 0.211810
0.980 0.213200
0.985 0.211020
0.990 0.212880
0.995 0.217800
1.000 0.218530
1.005 0.219800
1.010 0.222740
1.015 0.224070
1.020 0.226610
1.025 0.226880
1.030 0.228990
1.035 0.232110
1.040 0.231820
1.045 0.233410
1.050 0.234110
1.055 0.235910
1.060 0.239780
1.065 0.239290
1.070 0.240040
1.075 0.243760
1.080 0.246590
1.085 0.245640
1.090 0.248540
1.095 0.249920
1.100 0.248800
1.105 0.250650
1.110 0.252280
1.115 0.254790
1.120 0.256360
1.125 0.260530
1.130 0.263250
1.135 0.260860
1.140 0.259370
1.145 0.260690
1.150 0.263010
1.155 0.266980
1.160 0.267650
1.165 0.268150
1.170 0.269540
1.175 0.272110
1.180 0.274230
1.185 0.274790
1.190 0.275310
1.195 0.277150
1.200 0.278180
1.205 0.278260
1.210 0.278470
1.215 0.280420
1.220 0.283310
1.225 0.287420
1.230 0.289780
1.235 0.292260
1.240 0.291910
1.245 0.287200
1.250 0.288690
1.255 0.291350
1.260 0.292250
1.265 0.291830
1.270 0.290530
1.275 0.290960
1.280 0.293050
1.285 0.294160
1.290 0.295990
1.295 0.298470
1.300 0.298390
1.305 0.297780
1.310 0.296230
1.315 0.296580
1.320 0.300690
1.325 0.301760
1.330 0.302060
1.335 0.306510
1.340 0.305100
1.345 0.306400
1.350 0.304320
1.355 0.308200
1.360 0.304740
1.365 0.305160
1.370 0.305280
1.375 0.304770
1.380 0.300500
1.385 0.299060
1.390 0.299950
1.395 0.298460
1.400 0.297030
1.405 0.297730
1.410 0.296750
1.415 0.299240
1.420 0.302220
1.425 0.301420
1.430 0.301460
1.435 0.304010
1.440 0.305310
1.445 0.304380
1.450 0.304840
1.455 0.306170
1.460 0.305330
1.465 0.307380
1.470 0.308460
1.475 0.308050
1.480 0.310960
1.485 0.311730
1.490 0.313310
1.495 0.311960
1.500 0.317900
1.505 0.320420
1.510 0.322520
1.515 0.321400
1.520 0.323230
1.525 0.323750
1.530 0.323680
1.535 0.325220
1.540 0.328960
1.545 0.328690
1.550 0.326780
1.555 0.329490
1.560 0.330400
1.565 0.329710
1.570 0.331390
1.575 0.332060
1.580 0.334310
1.585 0.333420
1.590 0.336540
1.595 0.336400
1.600 0.336220
1.605 0.336690
1.610 0.335360
1.615 0.334960
1.620 0.336530
1.625 0.338960
1.630 0.338010
1.635 0.336890
1.640 0.336970
1.645 0.335720
1.650 0.338390
1.655 0.337430
1.660 0.337010
1.665 0.338430
1.670 0.338750
1.675 0.339880
1.680 0.341790
1.685 0.340380
1.690 0.341300
1.695 0.341680
1.700 0.346980
1.705 0.346480
1.710 0.344450
1.715 0.343670
1.720 0.343430
1.725 0.344960
1.730 0.347040
1.735 0.347440
1.740 0.345520
1.745 0.342940
1.750 0.345560
1.755 0.346150
1.760 0.345970
1.765 0.346030
1.770 0.344190
1.775 0.344280
1.780 0.348710
1.785 0.348760
1.790 0.346040
1.795 0.347640
1.800 0.348000
1.805 0.344780
1.810 0.347270
1.815 0.348780
1.820 0.348600
1.825 0.347770
1.830 0.347960
1.835 0.348540
1.840 0.350530
1.845 0.349560
1.850 0.349110
1.855 0.346370
1.860 0.345230
1.865 0.341230
1.870 0.335510
1.875 0.329100
1.880 0.325130
1.885 0.315430
1.890 0.304240
1.895 0.294720
1.900 0.283770
1.905 0.279410
1.910 0.272740
1.915 0.268920
1.920 0.272480
1.925 0.277730
1.930 0.279080
1.935 0.281920
1.940 0.285090
1.945 0.289370
1.950 0.293160
1.955 0.298030
1.960 0.300840
1.965 0.304770
1.970 0.306480
1.975 0.307360
1.980 0.312400
1.985 0.314270
1.990 0.317400
1.995 0.318370
2.000 0.321280
2.005 0.324870
2.010 0.322450
2.015 0.321610
2.020 0.321330
2.025 0.327360
2.030 0.328180
2.035 0.324970
2.040 0.324440
2.045 0.325400
2.050 0.325240
2.055 0.326420
2.060 0.326540
2.065 0.327930
2.070 0.325850
2.075 0.326100
2.080 0.323490
2.085 0.324810
2.090 0.324280
2.095 0.323570
2.100 0.325790
2.105 0.324190
2.110 0.325430
2.115 0.324320
2.120 0.326050
2.125 0.325030
2.130 0.322940
2.135 0.323690
2.140 0.323330
2.145 0.321600
2.150 0.322610
2.155 0.322210
2.160 0.320750
2.165 0.320700
2.170 0.320350
2.175 0.321510
2.180 0.319440
2.185 0.318850
2.190 0.318440
2.195 0.316490
2.200 0.314780
2.205 0.313600
2.210 0.315190
2.215 0.316710
2.220 0.320170
2.225 0.320970
2.230 0.321340
2.235 0.320850
2.240 0.319750
2.245 0.317600
2.250 0.317470
2.255 0.314330
2.260 0.313330
2.265 0.313110
2.270 0.312550
2.275 0.312420
2.280 0.310660
2.285 0.309480
2.290 0.308460
2.295 0.307610
2.300 0.304590
2.305 0.303610
2.310 0.303430
2.315 0.303140
2.320 0.303960
2.325 0.303650
2.330 0.302410
2.335 0.300640
2.340 0.299110
2.345 0.298060
2.350 0.297190
2.355 0.296350
2.360 0.297890
2.365 0.296880
2.370 0.295600
2.375 0.294520
2.380 0.292990
2.385 0.291740
2.390 0.292130
2.395 0.290280
2.400 0.289330
2.405 0.289120
2.410 0.287240
2.415 0.285700
2.420 0.282790
2.425 0.280760
2.430 0.277830
2.435 0.275920
2.440 0.272900
2.445 0.270830
2.450 0.268170
2.455 0.266340
2.460 0.264660
2.465 0.260840
2.470 0.260450
2.475 0.258450
2.480 0.256380
2.485 0.255450
2.490 0.252680
2.495 0.252180
2.500 0.252420
