0.350 0.011001
0.355 0.012101
0.360 0.013201
0.365 0.014301
0.370 0.015401
0.375 0.016501
0.380 0.017601
0.385 0.018701
0.390 0.019801
0.395 0.020901
0.400 0.022001
0.405 0.024179
0.410 0.027161
0.415 0.028834
0.420 0.030027
0.425 0.034227
0.430 0.037492
0.435 0.043635
0.440 0.045237
0.445 0.046708
0.450 0.049694
0.455 0.051530
0.460 0.055271
0.465 0.054130
0.470 0.054275
0.475 0.057531
0.480 0.058735
0.485 0.062053
0.490 0.063356
0.495 0.066156
0.500 0.070362
0.505 0.072568
0.510 0.074251
0.515 0.082124
0.520 0.084763
0.525 0.086081
0.530 0.088703
0.535 0.092185
0.540 0.096384
0.545 0.096478
0.550 0.102120
0.555 0.102940
0.560 0.108940
0.565 0.113230
0.570 0.117830
0.575 0.117660
0.580 0.121130
0.585 0.123390
0.590 0.123970
0.595 0.125600
0.600 0.127650
0.605 0.130850
0.610 0.131150
0.615 0.132220
0.620 0.135820
0.625 0.139510
0.630 0.141800
0.635 0.142550
0.640 0.148350
0.645 0.149480
0.650 0.154110
0.655 0.155270
0.660 0.157960
0.665 0.164840
0.670 0.168330
0.675 0.167060
0.680 0.170230
0.685 0.174260
0.690 0.175940
0.695 0.181470
0.700 0.183780
0.705 0.185870
0.710 0.189160
0.715 0.191830
0.720 0.199990
0.725 0.197000
0.730 0.196840
0.735 0.201320
0.740 0.206530
0.745 0.206810
0.750 0.208710
0.755 0.210320
0.760 0.212870
0.765 0.212870
0.770 0.216850
0.775 0.218350
0.780 0.221930
0.785 0.223590
0.790 0.223180
0.795 0.226440
0.800 0.228720
0.805 0.230440
0.810 0.232670
0.815 0.234190
0.820 0.232310
0.825 0.232900
0.830 0.235210
0.835 0.236200
0.840 0.236030
0.845 0.239520
0.850 0.240350
0.855 0.240600
0.860 0.239430
0.865 0.240850
0.870 0.240720
0.875 0.242520
0.880 0.242220
0.885 0.243710
0.890 0.242840
0.895 0.242410
0.900 0.242770
0.905 0.242880
0.910 0.245570
0.915 0.247230
0.920 0.247590
0.925 0.248030
0.930 0.249590
0.935 0.251960
0.940 0.251950
0.945 0.253430
0.950 0.254650
0.955 0.255750
0.960 0.256210
0.965 0.258670
0.970 0.259470
0.975 0.260980
0.980 0.258830
0.985 0.258480
0.990 0.260690
0.995 0.263570
1.000 0.264110
1.005 0.266760
1.010 0.265630
1.015 0.264920
1.020 0.267410
1.025 0.271100
1.030 0.272100
1.035 0.274180
1.040 0.273660
1.045 0.271450
1.050 0.271870
1.055 0.274700
1.060 0.276890
1.065 0.277700
1.070 0.278420
1.075 0.279870
1.080 0.280280
1.085 0.280210
1.090 0.282020
1.095 0.283030
1.100 0.283450
1.105 0.286600
1.110 0.288010
1.115 0.289920
1.120 0.290000
1.125 0.292730
1.130 0.291860
1.135 0.291440
1.140 0.293940
1.145 0.296820
1.150 0.298120
1.155 0.299560
1.160 0.299450
1.165 0.301660
1.170 0.302920
1.175 0.303840
1.180 0.307090
1.185 0.306970
1.190 0.307290
1.195 0.307770
1.200 0.309030
1.205 0.310930
1.210 0.310530
1.215 0.310000
1.220 0.314220
1.225 0.317340
1.230 0.317430
1.235 0.316230
1.240 0.313890
1.245 0.314810
1.250 0.316200
1.255 0.317470
1.260 0.319710
1.265 0.320690
1.270 0.321900
1.275 0.324120
1.280 0.326850
1.285 0.329200
1.290 0.328910
1.295 0.330600
1.300 0.330460
1.305 0.330450
1.310 0.329980
1.315 0.330180
1.320 0.331590
1.325 0.331890
1.330 0.332350
1.335 0.334640
1.340 0.335780
1.345 0.338160
1.350 0.337520
1.355 0.337970
1.360 0.336170
1.365 0.339070
1.370 0.337730
1.375 0.336770
1.380 0.334970
1.385 0.332820
1.390 0.330370
1.395 0.326480
1.400 0.323970
1.405 0.325020
1.410 0.327620
1.415 0.331560
1.420 0.337320
1.425 0.335830
1.430 0.336270
1.435 0.337090
1.440 0.338380
1.445 0.339080
1.450 0.340910
1.455 0.340490
1.460 0.342170
1.465 0.341640
1.470 0.342470
1.475 0.342120
1.480 0.342520
1.485 0.343890
1.490 0.344690
1.495 0.345490
1.500 0.349630
1.505 0.355110
1.510 0.357300
1.515 0.356380
1.520 0.355590
1.525 0.355590
1.530 0.354590
1.535 0.355200
1.540 0.359350
1.545 0.357330
1.550 0.357450
1.555 0.358470
1.560 0.360730
1.565 0.357520
1.570 0.357740
1.575 0.357200
1.580 0.357150
1.585 0.362010
1.590 0.366010
1.595 0.366380
1.600 0.363340
1.605 0.365990
1.610 0.366710
1.615 0.365810
1.620 0.364640
1.625 0.366710
1.630 0.367110
1.635 0.366270
1.640 0.365990
1.645 0.366760
1.650 0.366510
1.655 0.365520
1.660 0.362730
1.665 0.364320
1.670 0.365120
1.675 0.366830
1.680 0.369540
1.685 0.367890
1.690 0.367890
1.695 0.367520
1.700 0.370570
1.705 0.372340
1.710 0.371680
1.715 0.372910
1.720 0.373510
1.725 0.376380
1.730 0.377520
1.735 0.376600
1.740 0.375410
1.745 0.374070
1.750 0.374160
1.755 0.373940
1.760 0.373890
1.765 0.374650
1.770 0.373180
1.775 0.372430
1.780 0.376430
1.785 0.373610
1.790 0.371450
1.795 0.373180
1.800 0.376710
1.805 0.373010
1.810 0.372630
1.815 0.371980
1.820 0.374090
1.825 0.376310
1.830 0.376410
1.835 0.375870
1.840 0.375430
1.845 0.376110
1.850 0.376000
1.855 0.374850
1.860 0.374910
1.865 0.372080
1.870 0.367740
1.875 0.364420
1.880 0.362910
1.885 0.356490
1.890 0.351380
1.895 0.344200
1.900 0.332890
1.905 0.326560
1.910 0.323290
1.915 0.321730
1.920 0.321650
1.925 0.322930
1.930 0.324980
1.935 0.327570
1.940 0.329220
1.945 0.331490
1.950 0.332100
1.955 0.333140
1.960 0.336480
1.965 0.340250
1.970 0.342030
1.975 0.342870
1.980 0.345690
1.985 0.351100
1.990 0.351330
1.995 0.351660
2.000 0.352400
2.005 0.355810
2.010 0.355180
2.015 0.354560
2.020 0.354170
2.025 0.356480
2.030 0.354520
2.035 0.354670
2.040 0.360090
2.045 0.360590
2.050 0.358480
2.055 0.355470
2.060 0.352030
2.065 0.356220
2.070 0.354620
2.075 0.352330
2.080 0.351790
2.085 0.352310
2.090 0.352300
2.095 0.351900
2.100 0.350830
2.105 0.351970
2.110 0.350260
2.115 0.350140
2.120 0.350320
2.125 0.350350
2.130 0.349850
2.135 0.350290
2.140 0.349800
2.145 0.350100
2.150 0.348860
2.155 0.348070
2.160 0.347500
2.165 0.347140
2.170 0.345250
2.175 0.344020
2.180 0.340430
2.185 0.336770
2.190 0.332180
2.195 0.328150
2.200 0.327000
2.205 0.327080
2.210 0.328750
2.215 0.332620
2.220 0.337410
2.225 0.339190
2.230 0.340630
2.235 0.341050
2.240 0.340020
2.245 0.337960
2.250 0.336660
2.255 0.334350
2.260 0.334280
2.265 0.332920
2.270 0.331730
2.275 0.331550
2.280 0.330910
2.285 0.329900
2.290 0.328130
2.295 0.327080
2.300 0.325440
2.305 0.323340
2.310 0.322530
2.315 0.322300
2.320 0.322180
2.325 0.320340
2.330 0.318560
2.335 0.316020
2.340 0.313850
2.345 0.311870
2.350 0.311120
2.355 0.312130
2.360 0.313330
2.365 0.313510
2.370 0.314070
2.375 0.314050
2.380 0.313160
2.385 0.312900
2.390 0.312900
2.395 0.312440
2.400 0.311250
2.405 0.310380
2.410 0.309580
2.415 0.307590
2.420 0.305820
2.425 0.304370
2.430 0.302490
2.435 0.300930
2.440 0.299730
2.445 0.298600
2.450 0.297510
2.455 0.296750
2.460 0.295880
2.465 0.295440
2.470 0.294290
2.475 0.293840
2.480 0.292680
2.485 0.291880
2.490 0.291510
2.495 0.290750
2.500 0.290570
