0.350 0.015937
0.355 0.017531
0.360 0.019124
0.365 0.020718
0.370 0.022312
0.375 0.023906
0.380 0.025499
0.385 0.027093
0.390 0.028687
0.395 0.030280
0.400 0.031874
0.405 0.033648
0.410 0.031227
0.415 0.032511
0.420 0.031628
0.425 0.031505
0.430 0.031793
0.435 0.032160
0.440 0.032043
0.445 0.031641
0.450 0.032193
0.455 0.033539
0.460 0.033316
0.465 0.033916
0.470 0.033449
0.475 0.034367
0.480 0.034107
0.485 0.035004
0.490 0.035453
0.495 0.036840
0.500 0.040220
0.505 0.045340
0.510 0.053397
0.515 0.065803
0.520 0.081841
0.525 0.100240
0.530 0.116830
0.535 0.128310
0.540 0.134660
0.545 0.138700
0.550 0.141690
0.555 0.142850
0.560 0.139740
0.565 0.132090
0.570 0.121090
0.575 0.109500
0.580 0.100380
0.585 0.093728
0.590 0.088642
0.595 0.085512
0.600 0.083160
0.605 0.081241
0.610 0.077431
0.615 0.072989
0.620 0.068868
0.625 0.066581
0.630 0.065547
0.635 0.063885
0.640 0.059320
0.645 0.053061
0.650 0.048107
0.655 0.045696
0.660 0.043070
0.665 0.039895
0.670 0.038186
0.675 0.038145
0.680 0.039896
0.685 0.044488
0.690 0.057305
0.695 0.088654
0.700 0.141330
0.705 0.210460
0.710 0.287650
0.715 0.369910
0.720 0.451600
0.725 0.526440
0.730 0.588770
0.735 0.636100
0.740 0.670660
0.745 0.695090
0.750 0.711500
0.755 0.722720
0.760 0.729790
0.765 0.735290
0.770 0.739240
0.775 0.742660
0.780 0.745650
0.785 0.748440
0.790 0.750970
0.795 0.753930
0.800 0.756760
0.805 0.759340
0.810 0.762090
0.815 0.764810
0.820 0.767270
0.825 0.770150
0.830 0.772440
0.835 0.774950
0.840 0.777910
0.845 0.780970
0.850 0.783480
0.855 0.785970
0.860 0.788550
0.865 0.790520
0.870 0.792440
0.875 0.794430
0.880 0.795740
0.885 0.797220
0.890 0.798360
0.895 0.799650
0.900 0.800580
0.905 0.801890
0.910 0.802480
0.915 0.803040
0.920 0.803140
0.925 0.802780
0.930 0.800950
0.935 0.798460
0.940 0.795140
0.945 0.791030
0.950 0.784500
0.955 0.776110
0.960 0.768910
0.965 0.764880
0.970 0.764310
0.975 0.764780
0.980 0.766270
0.985 0.769130
0.990 0.772400
0.995 0.776050
1.000 0.780890
1.005 0.777010
1.010 0.781900
1.015 0.784650
1.020 0.791210
1.025 0.795770
1.030 0.802300
1.035 0.804000
1.040 0.807140
1.045 0.810090
1.050 0.814050
1.055 0.817160
1.060 0.818930
1.065 0.820350
1.070 0.822010
1.075 0.822690
1.080 0.823360
1.085 0.823880
1.090 0.820880
1.095 0.820420
1.100 0.820990
1.105 0.818030
1.110 0.816640
1.115 0.812730
1.120 0.809610
1.125 0.804670
1.130 0.794530
1.135 0.780930
1.140 0.760890
1.145 0.740790
1.150 0.722610
1.155 0.710660
1.160 0.702760
1.165 0.699490
1.170 0.698170
1.175 0.697290
1.180 0.696420
1.185 0.695680
1.190 0.694720
1.195 0.694540
1.200 0.695360
1.205 0.697530
1.210 0.699810
1.215 0.702700
1.220 0.704920
1.225 0.708250
1.230 0.710620
1.235 0.714870
1.240 0.717280
1.245 0.719800
1.250 0.722000
1.255 0.721960
1.260 0.723230
1.265 0.724080
1.270 0.723470
1.275 0.722090
1.280 0.719610
1.285 0.717220
1.290 0.712250
1.295 0.706960
1.300 0.699590
1.305 0.690390
1.310 0.679170
1.315 0.667020
1.320 0.651830
1.325 0.635520
1.330 0.618150
1.335 0.600300
1.340 0.583030
1.345 0.566830
1.350 0.551800
1.355 0.537130
1.360 0.522390
1.365 0.503430
1.370 0.479510
1.375 0.447660
1.380 0.406120
1.385 0.356360
1.390 0.304660
1.395 0.256830
1.400 0.216750
1.405 0.186980
1.410 0.165890
1.415 0.152450
1.420 0.143640
1.425 0.138100
1.430 0.135210
1.435 0.133470
1.440 0.133310
1.445 0.133620
1.450 0.134690
1.455 0.136240
1.460 0.138810
1.465 0.142880
1.470 0.148420
1.475 0.155040
1.480 0.162640
1.485 0.171280
1.490 0.180320
1.495 0.189390
1.500 0.199290
1.505 0.209020
1.510 0.219030
1.515 0.229370
1.520 0.239100
1.525 0.249430
1.530 0.259330
1.535 0.268830
1.540 0.278330
1.545 0.287390
1.550 0.296390
1.555 0.304730
1.560 0.313020
1.565 0.321220
1.570 0.328900
1.575 0.336250
1.580 0.343360
1.585 0.349830
1.590 0.356190
1.595 0.362580
1.600 0.368520
1.605 0.374210
1.610 0.379900
1.615 0.385490
1.620 0.390290
1.625 0.395090
1.630 0.398990
1.635 0.402710
1.640 0.406210
1.645 0.408820
1.650 0.410750
1.655 0.412140
1.660 0.413120
1.665 0.414030
1.670 0.414680
1.675 0.414480
1.680 0.414010
1.685 0.412550
1.690 0.410670
1.695 0.408380
1.700 0.405250
1.705 0.402020
1.710 0.398920
1.715 0.394310
1.720 0.389880
1.725 0.384980
1.730 0.379650
1.735 0.374090
1.740 0.368130
1.745 0.361960
1.750 0.355170
1.755 0.348790
1.760 0.342040
1.765 0.336310
1.770 0.330510
1.775 0.326110
1.780 0.322340
1.785 0.319860
1.790 0.318260
1.795 0.317600
1.800 0.317480
1.805 0.324360
1.810 0.324340
1.815 0.324050
1.820 0.323260
1.825 0.321470
1.830 0.318560
1.835 0.313870
1.840 0.306820
1.845 0.296730
1.850 0.282780
1.855 0.263980
1.860 0.240220
1.865 0.211950
1.870 0.178850
1.875 0.144380
1.880 0.112910
1.885 0.086455
1.890 0.066186
1.895 0.052736
1.900 0.044775
1.905 0.040291
1.910 0.038092
1.915 0.036808
1.920 0.036409
1.925 0.036345
1.930 0.036565
1.935 0.037083
1.940 0.037928
1.945 0.038994
1.950 0.040368
1.955 0.041727
1.960 0.043445
1.965 0.045158
1.970 0.047447
1.975 0.049588
1.980 0.052097
1.985 0.054943
1.990 0.057723
1.995 0.060872
2.000 0.064145
2.005 0.067395
2.010 0.070797
2.015 0.074161
2.020 0.077580
2.025 0.081100
2.030 0.084575
2.035 0.087744
2.040 0.091113
2.045 0.094446
2.050 0.097677
2.055 0.100970
2.060 0.104450
2.065 0.107490
2.070 0.110890
2.075 0.114220
2.080 0.117670
2.085 0.120900
2.090 0.124250
2.095 0.127470
2.100 0.130810
2.105 0.134010
2.110 0.137330
2.115 0.140390
2.120 0.143320
2.125 0.146230
2.130 0.149120
2.135 0.151890
2.140 0.154530
2.145 0.157050
2.150 0.159600
2.155 0.162050
2.160 0.164120
2.165 0.166380
2.170 0.168190
2.175 0.170200
2.180 0.172020
2.185 0.173990
2.190 0.175600
2.195 0.177190
2.200 0.178480
2.205 0.179520
2.210 0.180370
2.215 0.181160
2.220 0.181070
2.225 0.180660
2.230 0.179810
2.235 0.178440
2.240 0.176550
2.245 0.174130
2.250 0.171120
2.255 0.167770
2.260 0.164440
2.265 0.160600
2.270 0.157150
2.275 0.153810
2.280 0.150370
2.285 0.147440
2.290 0.144430
2.295 0.141340
2.300 0.137880
2.305 0.134170
2.310 0.130830
2.315 0.128200
2.320 0.125380
2.325 0.122530
2.330 0.119700
2.335 0.116530
2.340 0.113580
2.345 0.110080
2.350 0.106990
2.355 0.104190
2.360 0.101530
2.365 0.099223
2.370 0.096481
2.375 0.093229
2.380 0.090905
2.385 0.088066
2.390 0.085644
2.395 0.083265
2.400 0.079816
2.405 0.077844
2.410 0.074786
2.415 0.072525
2.420 0.070449
2.425 0.067634
2.430 0.065904
2.435 0.063120
2.440 0.060383
2.445 0.059118
2.450 0.056664
2.455 0.055365
2.460 0.053020
2.465 0.052559
2.470 0.049752
2.475 0.049459
2.480 0.049310
2.485 0.045798
2.490 0.048703
2.495 0.045385
2.500 0.044049
