0.350 0.027919
0.355 0.030710
0.360 0.033502
0.365 0.036294
0.370 0.039086
0.375 0.041878
0.380 0.044670
0.385 0.047461
0.390 0.050253
0.395 0.053045
0.400 0.055837
0.405 0.058849
0.410 0.061122
0.415 0.063492
0.420 0.066950
0.425 0.069943
0.430 0.073860
0.435 0.078586
0.440 0.082045
0.445 0.086510
0.450 0.090702
0.455 0.095718
0.460 0.095785
0.465 0.098219
0.470 0.103120
0.475 0.104340
0.480 0.109880
0.485 0.113370
0.490 0.117510
0.495 0.119770
0.500 0.126250
0.505 0.124390
0.510 0.133930
0.515 0.137410
0.520 0.146040
0.525 0.144890
0.530 0.149270
0.535 0.155640
0.540 0.162460
0.545 0.167150
0.550 0.174650
0.555 0.180230
0.560 0.184530
0.565 0.191090
0.570 0.196240
0.575 0.203900
0.580 0.205880
0.585 0.217530
0.590 0.216890
0.595 0.215400
0.600 0.219960
0.605 0.221320
0.610 0.222440
0.615 0.225090
0.620 0.223520
0.625 0.227170
0.630 0.230980
0.635 0.232380
0.640 0.232420
0.645 0.231460
0.650 0.235720
0.655 0.236780
0.660 0.239860
0.665 0.240240
0.670 0.237860
0.675 0.245090
0.680 0.241280
0.685 0.246750
0.690 0.247400
0.695 0.250870
0.700 0.250450
0.705 0.249070
0.710 0.253110
0.715 0.259580
0.720 0.251680
0.725 0.253700
0.730 0.261060
0.735 0.259750
0.740 0.261720
0.745 0.261020
0.750 0.264020
0.755 0.266770
0.760 0.266610
0.765 0.266500
0.770 0.268890
0.775 0.272790
0.780 0.272230
0.785 0.273720
0.790 0.274930
0.795 0.280990
0.800 0.276790
0.805 0.278710
0.810 0.279860
0.815 0.281400
0.820 0.280290
0.825 0.280210
0.830 0.278930
0.835 0.279310
0.840 0.279170
0.845 0.276160
0.850 0.276370
0.855 0.276040
0.860 0.276520
0.865 0.274610
0.870 0.274950
0.875 0.275620
0.880 0.273350
0.885 0.276390
0.890 0.274560
0.895 0.273930
0.900 0.274760
0.905 0.275370
0.910 0.276600
0.915 0.277370
0.920 0.277510
0.925 0.277790
0.930 0.279240
0.935 0.278560
0.940 0.277310
0.945 0.279030
0.950 0.279170
0.955 0.281100
0.960 0.280580
0.965 0.279230
0.970 0.281440
0.975 0.280690
0.980 0.276820
0.985 0.279460
0.990 0.282190
0.995 0.281050
1.000 0.283320
1.005 0.283250
1.010 0.284290
1.015 0.284960
1.020 0.286050
1.025 0.285250
1.030 0.282790
1.035 0.283040
1.040 0.284330
1.045 0.285870
1.050 0.287280
1.055 0.288930
1.060 0.287240
1.065 0.287930
1.070 0.289240
1.075 0.288670
1.080 0.290570
1.085 0.291380
1.090 0.293860
1.095 0.292760
1.100 0.289860
1.105 0.289260
1.110 0.293190
1.115 0.295440
1.120 0.298220
1.125 0.298720
1.130 0.297760
1.135 0.299960
1.140 0.301700
1.145 0.295930
1.150 0.297270
1.155 0.298170
1.160 0.299680
1.165 0.302570
1.170 0.304020
1.175 0.305070
1.180 0.306160
1.185 0.307350
1.190 0.308860
1.195 0.309140
1.200 0.310140
1.205 0.310380
1.210 0.313370
1.215 0.313410
1.220 0.313840
1.225 0.313330
1.230 0.316730
1.235 0.316750
1.240 0.317000
1.245 0.318620
1.250 0.320630
1.255 0.317620
1.260 0.317770
1.265 0.316670
1.270 0.319090
1.275 0.320510
1.280 0.319690
1.285 0.323370
1.290 0.326260
1.295 0.329050
1.300 0.325430
1.305 0.326190
1.310 0.328170
1.315 0.326780
1.320 0.327140
1.325 0.327390
1.330 0.325780
1.335 0.327000
1.340 0.332080
1.345 0.326990
1.350 0.326370
1.355 0.329150
1.360 0.329070
1.365 0.325720
1.370 0.327190
1.375 0.328440
1.380 0.326530
1.385 0.328070
1.390 0.321670
1.395 0.320860
1.400 0.317370
1.405 0.316900
1.410 0.317170
1.415 0.321310
1.420 0.324110
1.425 0.324590
1.430 0.326030
1.435 0.325430
1.440 0.326630
1.445 0.328430
1.450 0.331880
1.455 0.337600
1.460 0.338680
1.465 0.339360
1.470 0.340410
1.475 0.341160
1.480 0.341640
1.485 0.342210
1.490 0.345200
1.495 0.342450
1.500 0.341930
1.505 0.346280
1.510 0.346070
1.515 0.345890
1.520 0.345250
1.525 0.346560
1.530 0.346230
1.535 0.346360
1.540 0.350220
1.545 0.352390
1.550 0.354310
1.555 0.353600
1.560 0.350950
1.565 0.352670
1.570 0.349570
1.575 0.348650
1.580 0.350500
1.585 0.352440
1.590 0.353080
1.595 0.355410
1.600 0.359390
1.605 0.357090
1.610 0.355940
1.615 0.359230
1.620 0.359110
1.625 0.361870
1.630 0.360060
1.635 0.359970
1.640 0.360240
1.645 0.363830
1.650 0.364730
1.655 0.363900
1.660 0.360240
1.665 0.361830
1.670 0.361700
1.675 0.366930
1.680 0.365030
1.685 0.363490
1.690 0.361940
1.695 0.361490
1.700 0.362650
1.705 0.364480
1.710 0.365270
1.715 0.367710
1.720 0.366260
1.725 0.363440
1.730 0.362300
1.735 0.363840
1.740 0.366280
1.745 0.366650
1.750 0.367600
1.755 0.366300
1.760 0.365890
1.765 0.365900
1.770 0.366200
1.775 0.365510
1.780 0.366620
1.785 0.365800
1.790 0.366430
1.795 0.368120
1.800 0.368670
1.805 0.367570
1.810 0.370050
1.815 0.369730
1.820 0.368470
1.825 0.368300
1.830 0.364400
1.835 0.361060
1.840 0.363160
1.845 0.365020
1.850 0.371820
1.855 0.374090
1.860 0.368940
1.865 0.359640
1.870 0.352740
1.875 0.349650
1.880 0.346550
1.885 0.341170
1.890 0.333010
1.895 0.323770
1.900 0.311590
1.905 0.301520
1.910 0.298640
1.915 0.297180
1.920 0.304160
1.925 0.309770
1.930 0.315060
1.935 0.320430
1.940 0.320410
1.945 0.322190
1.950 0.324810
1.955 0.325530
1.960 0.327590
1.965 0.329360
1.970 0.333290
1.975 0.336900
1.980 0.338960
1.985 0.343570
1.990 0.342960
1.995 0.345860
2.000 0.346310
2.005 0.351440
2.010 0.356960
2.015 0.359950
2.020 0.362840
2.025 0.363870
2.030 0.363290
2.035 0.367750
2.040 0.369220
2.045 0.370620
2.050 0.372290
2.055 0.372370
2.060 0.374490
2.065 0.375580
2.070 0.374140
2.075 0.376850
2.080 0.377500
2.085 0.380130
2.090 0.377030
2.095 0.378400
2.100 0.379520
2.105 0.377800
2.110 0.377920
2.115 0.377980
2.120 0.379290
2.125 0.377790
2.130 0.378190
2.135 0.378730
2.140 0.379460
2.145 0.379750
2.150 0.378720
2.155 0.378700
2.160 0.378570
2.165 0.375540
2.170 0.376380
2.175 0.375770
2.180 0.374430
2.185 0.373960
2.190 0.370540
2.195 0.370100
2.200 0.367230
2.205 0.362910
2.210 0.363290
2.215 0.362920
2.220 0.362710
2.225 0.364140
2.230 0.363110
2.235 0.362380
2.240 0.360380
2.245 0.358280
2.250 0.357690
2.255 0.357860
2.260 0.356990
2.265 0.356740
2.270 0.356910
2.275 0.354790
2.280 0.352350
2.285 0.350470
2.290 0.347050
2.295 0.344090
2.300 0.342340
2.305 0.340050
2.310 0.338790
2.315 0.335770
2.320 0.333910
2.325 0.331240
2.330 0.330010
2.335 0.329030
2.340 0.327680
2.345 0.329370
2.350 0.329840
2.355 0.329980
2.360 0.330350
2.365 0.331350
2.370 0.330910
2.375 0.329890
2.380 0.328540
2.385 0.327930
2.390 0.326970
2.395 0.325680
2.400 0.325240
2.405 0.323880
2.410 0.322670
2.415 0.321490
2.420 0.319990
2.425 0.317380
2.430 0.314900
2.435 0.311720
2.440 0.310520
2.445 0.309130
2.450 0.306510
2.455 0.304400
2.460 0.302310
2.465 0.300810
2.470 0.299250
2.475 0.296950
2.480 0.295330
2.485 0.293400
2.490 0.291970
2.495 0.291320
2.500 0.289600
