0.350 0.020255
0.355 0.022280
0.360 0.024306
0.365 0.026331
0.370 0.028357
0.375 0.030382
0.380 0.032408
0.385 0.034433
0.390 0.036459
0.395 0.038484
0.400 0.040510
0.405 0.042546
0.410 0.041003
0.415 0.043397
0.420 0.042262
0.425 0.043371
0.430 0.042775
0.435 0.042828
0.440 0.042323
0.445 0.042680
0.450 0.044073
0.455 0.044660
0.460 0.045745
0.465 0.046126
0.470 0.045931
0.475 0.046101
0.480 0.046147
0.485 0.046923
0.490 0.047767
0.495 0.048871
0.500 0.051685
0.505 0.055440
0.510 0.060958
0.515 0.069013
0.520 0.078991
0.525 0.089923
0.530 0.098694
0.535 0.104590
0.540 0.108310
0.545 0.110280
0.550 0.112210
0.555 0.112980
0.560 0.111610
0.565 0.107770
0.570 0.101940
0.575 0.095573
0.580 0.090406
0.585 0.086576
0.590 0.083504
0.595 0.081853
0.600 0.080824
0.605 0.079671
0.610 0.077658
0.615 0.074840
0.620 0.072018
0.625 0.070294
0.630 0.069766
0.635 0.068880
0.640 0.065916
0.645 0.061670
0.650 0.058199
0.655 0.056726
0.660 0.054917
0.665 0.052668
0.670 0.051626
0.675 0.052087
0.680 0.054334
0.685 0.058842
0.690 0.068774
0.695 0.091046
0.700 0.127220
0.705 0.173540
0.710 0.223890
0.715 0.275740
0.720 0.326600
0.725 0.373440
0.730 0.413630
0.735 0.445920
0.740 0.470690
0.745 0.488820
0.750 0.501750
0.755 0.510610
0.760 0.516860
0.765 0.521330
0.770 0.524800
0.775 0.527800
0.780 0.530640
0.785 0.533320
0.790 0.535980
0.795 0.538660
0.800 0.541140
0.805 0.543710
0.810 0.546430
0.815 0.548950
0.820 0.551400
0.825 0.554100
0.830 0.556720
0.835 0.559020
0.840 0.561660
0.845 0.564200
0.850 0.566640
0.855 0.568940
0.860 0.571240
0.865 0.573230
0.870 0.575200
0.875 0.577270
0.880 0.579050
0.885 0.580700
0.890 0.582260
0.895 0.583910
0.900 0.585340
0.905 0.586810
0.910 0.588380
0.915 0.589560
0.920 0.590840
0.925 0.591900
0.930 0.592510
0.935 0.592980
0.940 0.593270
0.945 0.593540
0.950 0.592210
0.955 0.590380
0.960 0.589180
0.965 0.588590
0.970 0.589290
0.975 0.590340
0.980 0.591590
0.985 0.593190
0.990 0.595460
0.995 0.597870
1.000 0.600010
1.005 0.602200
1.010 0.605250
1.015 0.606580
1.020 0.609840
1.025 0.612900
1.030 0.616360
1.035 0.618750
1.040 0.619860
1.045 0.622020
1.050 0.623560
1.055 0.626560
1.060 0.628810
1.065 0.630130
1.070 0.631080
1.075 0.631390
1.080 0.633690
1.085 0.634130
1.090 0.634200
1.095 0.634070
1.100 0.635320
1.105 0.634390
1.110 0.634210
1.115 0.633760
1.120 0.633350
1.125 0.631400
1.130 0.628750
1.135 0.624230
1.140 0.617300
1.145 0.609410
1.150 0.602520
1.155 0.597740
1.160 0.594310
1.165 0.592440
1.170 0.592420
1.175 0.592150
1.180 0.591960
1.185 0.592010
1.190 0.591610
1.195 0.592600
1.200 0.593450
1.205 0.595300
1.210 0.596480
1.215 0.599450
1.220 0.601800
1.225 0.605210
1.230 0.607040
1.235 0.609530
1.240 0.612400
1.245 0.614080
1.250 0.616100
1.255 0.617530
1.260 0.618830
1.265 0.619830
1.270 0.620000
1.275 0.620350
1.280 0.619790
1.285 0.619710
1.290 0.618410
1.295 0.616180
1.300 0.613350
1.305 0.609790
1.310 0.605140
1.315 0.598490
1.320 0.591820
1.325 0.583470
1.330 0.574550
1.335 0.566030
1.340 0.556950
1.345 0.548540
1.350 0.540730
1.355 0.532870
1.360 0.524610
1.365 0.514720
1.370 0.500720
1.375 0.481910
1.380 0.454650
1.385 0.420600
1.390 0.382580
1.395 0.344030
1.400 0.309290
1.405 0.281200
1.410 0.260250
1.415 0.246230
1.420 0.236780
1.425 0.230890
1.430 0.227570
1.435 0.225980
1.440 0.226030
1.445 0.227030
1.450 0.228210
1.455 0.230290
1.460 0.233030
1.465 0.237360
1.470 0.243320
1.475 0.250420
1.480 0.257930
1.485 0.266520
1.490 0.275270
1.495 0.284060
1.500 0.292770
1.505 0.301700
1.510 0.310300
1.515 0.318970
1.520 0.326990
1.525 0.335070
1.530 0.342860
1.535 0.350730
1.540 0.357680
1.545 0.364410
1.550 0.371410
1.555 0.377950
1.560 0.384270
1.565 0.389800
1.570 0.395640
1.575 0.401040
1.580 0.406510
1.585 0.411650
1.590 0.416750
1.595 0.421960
1.600 0.426690
1.605 0.431440
1.610 0.435490
1.615 0.440080
1.620 0.443860
1.625 0.447520
1.630 0.451400
1.635 0.453930
1.640 0.456650
1.645 0.458440
1.650 0.459540
1.655 0.459650
1.660 0.459510
1.665 0.459020
1.670 0.457940
1.675 0.456550
1.680 0.455010
1.685 0.452310
1.690 0.449350
1.695 0.446520
1.700 0.442220
1.705 0.438730
1.710 0.434530
1.715 0.430770
1.720 0.427160
1.725 0.423840
1.730 0.421430
1.735 0.419170
1.740 0.416380
1.745 0.413260
1.750 0.409300
1.755 0.404760
1.760 0.400410
1.765 0.396730
1.770 0.393620
1.775 0.391460
1.780 0.389690
1.785 0.388610
1.790 0.387940
1.795 0.388200
1.800 0.389090
1.805 0.385340
1.810 0.385800
1.815 0.385910
1.820 0.385450
1.825 0.384670
1.830 0.383220
1.835 0.380540
1.840 0.375850
1.845 0.368960
1.850 0.358520
1.855 0.344020
1.860 0.324160
1.865 0.299060
1.870 0.267810
1.875 0.232600
1.880 0.196710
1.885 0.162690
1.890 0.133160
1.895 0.110660
1.900 0.095281
1.905 0.085515
1.910 0.080190
1.915 0.077147
1.920 0.075842
1.925 0.075662
1.930 0.076412
1.935 0.077851
1.940 0.079845
1.945 0.082481
1.950 0.085358
1.955 0.088751
1.960 0.092395
1.965 0.096408
1.970 0.100510
1.975 0.105140
1.980 0.109730
1.985 0.114630
1.990 0.119580
1.995 0.124840
2.000 0.129790
2.005 0.134690
2.010 0.139590
2.015 0.144160
2.020 0.148510
2.025 0.152540
2.030 0.156300
2.035 0.159680
2.040 0.162820
2.045 0.165860
2.050 0.168690
2.055 0.171690
2.060 0.174680
2.065 0.177630
2.070 0.180710
2.075 0.183660
2.080 0.186720
2.085 0.189630
2.090 0.192500
2.095 0.195220
2.100 0.197840
2.105 0.200520
2.110 0.203000
2.115 0.205560
2.120 0.207990
2.125 0.210120
2.130 0.212120
2.135 0.214100
2.140 0.215970
2.145 0.217720
2.150 0.219510
2.155 0.221380
2.160 0.223150
2.165 0.224830
2.170 0.226760
2.175 0.228500
2.180 0.230290
2.185 0.232340
2.190 0.234210
2.195 0.235900
2.200 0.237370
2.205 0.238450
2.210 0.238950
2.215 0.239280
2.220 0.239020
2.225 0.238060
2.230 0.236090
2.235 0.233390
2.240 0.229950
2.245 0.225390
2.250 0.220600
2.255 0.215000
2.260 0.209610
2.265 0.204900
2.270 0.200330
2.275 0.196930
2.280 0.194040
2.285 0.191280
2.290 0.188360
2.295 0.184580
2.300 0.180760
2.305 0.176880
2.310 0.174090
2.315 0.172770
2.320 0.171690
2.325 0.169780
2.330 0.166850
2.335 0.164270
2.340 0.160950
2.345 0.157950
2.350 0.155820
2.355 0.153800
2.360 0.151610
2.365 0.148890
2.370 0.146480
2.375 0.144080
2.380 0.141350
2.385 0.137950
2.390 0.134970
2.395 0.132440
2.400 0.129680
2.405 0.127020
2.410 0.123690
2.415 0.120900
2.420 0.116980
2.425 0.113460
2.430 0.110110
2.435 0.107360
2.440 0.103380
2.445 0.100660
2.450 0.097582
2.455 0.094835
2.460 0.091164
2.465 0.089014
2.470 0.085716
2.475 0.085701
2.480 0.081600
2.485 0.083063
2.490 0.079773
2.495 0.078985
2.500 0.077824
