0.350 0.016574
0.355 0.018231
0.360 0.019889
0.365 0.021546
0.370 0.023204
0.375 0.024861
0.380 0.026518
0.385 0.028176
0.390 0.029833
0.395 0.031491
0.400 0.033148
0.405 0.036931
0.410 0.036257
0.415 0.041294
0.420 0.041122
0.425 0.043048
0.430 0.043529
0.435 0.043514
0.440 0.043428
0.445 0.043487
0.450 0.044661
0.455 0.045104
0.460 0.045986
0.465 0.045975
0.470 0.045622
0.475 0.046221
0.480 0.045781
0.485 0.046474
0.490 0.046813
0.495 0.047463
0.500 0.050059
0.505 0.053665
0.510 0.059641
0.515 0.069978
0.520 0.084601
0.525 0.102150
0.530 0.117730
0.535 0.128880
0.540 0.135700
0.545 0.139640
0.550 0.142840
0.555 0.143930
0.560 0.140470
0.565 0.132550
0.570 0.121370
0.575 0.109650
0.580 0.100510
0.585 0.093938
0.590 0.089105
0.595 0.086437
0.600 0.084856
0.605 0.083049
0.610 0.079149
0.615 0.074238
0.620 0.070348
0.625 0.068432
0.630 0.067373
0.635 0.066038
0.640 0.062821
0.645 0.058493
0.650 0.054822
0.655 0.053121
0.660 0.051062
0.665 0.049027
0.670 0.048714
0.675 0.049597
0.680 0.051926
0.685 0.055926
0.690 0.065343
0.695 0.092701
0.700 0.144480
0.705 0.213350
0.710 0.288540
0.715 0.367740
0.720 0.447530
0.725 0.522780
0.730 0.587900
0.735 0.639710
0.740 0.678780
0.745 0.705840
0.750 0.724020
0.755 0.735370
0.760 0.742770
0.765 0.747390
0.770 0.750560
0.775 0.752990
0.780 0.755400
0.785 0.757510
0.790 0.759700
0.795 0.761890
0.800 0.763930
0.805 0.766080
0.810 0.768350
0.815 0.770390
0.820 0.772080
0.825 0.774200
0.830 0.776000
0.835 0.777410
0.840 0.779320
0.845 0.781130
0.850 0.782920
0.855 0.784340
0.860 0.785950
0.865 0.787210
0.870 0.788460
0.875 0.789810
0.880 0.790820
0.885 0.791790
0.890 0.792720
0.895 0.793760
0.900 0.794440
0.905 0.795400
0.910 0.796100
0.915 0.796610
0.920 0.797070
0.925 0.797090
0.930 0.796420
0.935 0.795470
0.940 0.794250
0.945 0.792700
0.950 0.789200
0.955 0.784770
0.960 0.781470
0.965 0.779500
0.970 0.779710
0.975 0.780190
0.980 0.781350
0.985 0.782890
0.990 0.785340
0.995 0.788410
1.000 0.790560
1.005 0.792300
1.010 0.794410
1.015 0.796850
1.020 0.799680
1.025 0.803190
1.030 0.806810
1.035 0.809290
1.040 0.810170
1.045 0.813210
1.050 0.813780
1.055 0.816260
1.060 0.818540
1.065 0.819160
1.070 0.819570
1.075 0.819910
1.080 0.821590
1.085 0.820820
1.090 0.819750
1.095 0.819290
1.100 0.819900
1.105 0.818410
1.110 0.817830
1.115 0.815960
1.120 0.814320
1.125 0.810600
1.130 0.806720
1.135 0.799650
1.140 0.789310
1.145 0.777280
1.150 0.768110
1.155 0.761080
1.160 0.756840
1.165 0.754630
1.170 0.754650
1.175 0.754390
1.180 0.753840
1.185 0.753280
1.190 0.753920
1.195 0.754620
1.200 0.754970
1.205 0.756870
1.210 0.758400
1.215 0.760580
1.220 0.762830
1.225 0.766300
1.230 0.768250
1.235 0.769970
1.240 0.772400
1.245 0.773970
1.250 0.775430
1.255 0.776740
1.260 0.778040
1.265 0.778370
1.270 0.778180
1.275 0.778240
1.280 0.776850
1.285 0.775680
1.290 0.773080
1.295 0.769480
1.300 0.765240
1.305 0.760260
1.310 0.753330
1.315 0.744620
1.320 0.735480
1.325 0.724590
1.330 0.713090
1.335 0.701960
1.340 0.690080
1.345 0.679290
1.350 0.669210
1.355 0.659180
1.360 0.648140
1.365 0.634910
1.370 0.616020
1.375 0.590440
1.380 0.554480
1.385 0.509050
1.390 0.458180
1.395 0.407350
1.400 0.361220
1.405 0.324480
1.410 0.297200
1.415 0.278730
1.420 0.266190
1.425 0.258660
1.430 0.254650
1.435 0.252670
1.440 0.252600
1.445 0.253390
1.450 0.255200
1.455 0.257540
1.460 0.261500
1.465 0.267870
1.470 0.275920
1.475 0.285920
1.480 0.296410
1.485 0.308240
1.490 0.320230
1.495 0.332660
1.500 0.344760
1.505 0.357000
1.510 0.369540
1.515 0.381940
1.520 0.393560
1.525 0.405040
1.530 0.416240
1.535 0.427410
1.540 0.437650
1.545 0.447570
1.550 0.457580
1.555 0.466920
1.560 0.475670
1.565 0.483620
1.570 0.491950
1.575 0.499170
1.580 0.506470
1.585 0.513000
1.590 0.519820
1.595 0.526420
1.600 0.532500
1.605 0.538660
1.610 0.543900
1.615 0.549410
1.620 0.554450
1.625 0.558650
1.630 0.563240
1.635 0.566590
1.640 0.570100
1.645 0.572390
1.650 0.574000
1.655 0.574560
1.660 0.574850
1.665 0.575470
1.670 0.575600
1.675 0.575000
1.680 0.574130
1.685 0.571810
1.690 0.569920
1.695 0.567470
1.700 0.563800
1.705 0.560600
1.710 0.556470
1.715 0.552700
1.720 0.548310
1.725 0.543510
1.730 0.539620
1.735 0.535750
1.740 0.530140
1.745 0.524730
1.750 0.518910
1.755 0.512170
1.760 0.506670
1.765 0.500670
1.770 0.495810
1.775 0.491570
1.780 0.488530
1.785 0.486500
1.790 0.485050
1.795 0.484840
1.800 0.484530
1.805 0.472900
1.810 0.473290
1.815 0.472980
1.820 0.472120
1.825 0.470450
1.830 0.467830
1.835 0.463460
1.840 0.456680
1.845 0.446950
1.850 0.432340
1.855 0.412320
1.860 0.385230
1.865 0.351000
1.870 0.308290
1.875 0.260420
1.880 0.211460
1.885 0.165340
1.890 0.126450
1.895 0.097124
1.900 0.078246
1.905 0.066818
1.910 0.060562
1.915 0.057264
1.920 0.055902
1.925 0.055860
1.930 0.056759
1.935 0.058472
1.940 0.060720
1.945 0.063704
1.950 0.067207
1.955 0.071178
1.960 0.075710
1.965 0.080614
1.970 0.086026
1.975 0.091758
1.980 0.097738
1.985 0.104260
1.990 0.110850
1.995 0.117800
2.000 0.124740
2.005 0.131680
2.010 0.138590
2.015 0.145320
2.020 0.151940
2.025 0.158350
2.030 0.164320
2.035 0.169970
2.040 0.175370
2.045 0.180540
2.050 0.185560
2.055 0.190690
2.060 0.195860
2.065 0.201080
2.070 0.206400
2.075 0.211640
2.080 0.216810
2.085 0.221840
2.090 0.226680
2.095 0.231460
2.100 0.236000
2.105 0.240540
2.110 0.244820
2.115 0.248970
2.120 0.252970
2.125 0.256660
2.130 0.260160
2.135 0.263350
2.140 0.266570
2.145 0.269650
2.150 0.272560
2.155 0.275230
2.160 0.278030
2.165 0.280440
2.170 0.283040
2.175 0.285500
2.180 0.288090
2.185 0.290850
2.190 0.293460
2.195 0.295720
2.200 0.297540
2.205 0.298870
2.210 0.299930
2.215 0.300370
2.220 0.300030
2.225 0.299040
2.230 0.296960
2.235 0.293840
2.240 0.289890
2.245 0.285170
2.250 0.279920
2.255 0.274450
2.260 0.268450
2.265 0.263450
2.270 0.258170
2.275 0.253410
2.280 0.249140
2.285 0.244440
2.290 0.240120
2.295 0.235140
2.300 0.230030
2.305 0.224680
2.310 0.220180
2.315 0.216680
2.320 0.213490
2.325 0.209380
2.330 0.204980
2.335 0.200600
2.340 0.195590
2.345 0.190770
2.350 0.186510
2.355 0.182210
2.360 0.178600
2.365 0.174570
2.370 0.170170
2.375 0.165530
2.380 0.161650
2.385 0.157150
2.390 0.152580
2.395 0.148240
2.400 0.143050
2.405 0.139160
2.410 0.133380
2.415 0.129090
2.420 0.123200
2.425 0.119190
2.430 0.113670
2.435 0.108980
2.440 0.103980
2.445 0.099392
2.450 0.094814
2.455 0.091013
2.460 0.086083
2.465 0.083427
2.470 0.080143
2.475 0.076149
2.480 0.072187
2.485 0.071421
2.490 0.069905
2.495 0.066144
2.500 0.065404
