0.350 0.015661
0.355 0.017227
0.360 0.018793
0.365 0.020359
0.370 0.021925
0.375 0.023491
0.380 0.025058
0.385 0.026624
0.390 0.028190
0.395 0.029756
0.400 0.031322
0.405 0.031407
0.410 0.031662
0.415 0.032791
0.420 0.034301
0.425 0.036571
0.430 0.039313
0.435 0.041917
0.440 0.044334
0.445 0.046926
0.450 0.049190
0.455 0.051536
0.460 0.053160
0.465 0.054198
0.470 0.054974
0.475 0.055507
0.480 0.056138
0.485 0.056855
0.490 0.057891
0.495 0.059820
0.500 0.063086
0.505 0.068401
0.510 0.076116
0.515 0.086819
0.520 0.100070
0.525 0.113950
0.530 0.125840
0.535 0.134100
0.540 0.139030
0.545 0.142070
0.550 0.144460
0.555 0.145720
0.560 0.144220
0.565 0.139240
0.570 0.131720
0.575 0.123400
0.580 0.116510
0.585 0.111460
0.590 0.107750
0.595 0.105170
0.600 0.103490
0.605 0.101350
0.610 0.098268
0.615 0.094758
0.620 0.091435
0.625 0.089193
0.630 0.088169
0.635 0.087544
0.640 0.084715
0.645 0.079443
0.650 0.074133
0.655 0.070687
0.660 0.067371
0.665 0.063111
0.670 0.059849
0.675 0.058579
0.680 0.059253
0.685 0.063337
0.690 0.076156
0.695 0.103410
0.700 0.144520
0.705 0.194580
0.710 0.249160
0.715 0.306520
0.720 0.365560
0.725 0.424580
0.730 0.479800
0.735 0.527690
0.740 0.566590
0.745 0.596890
0.750 0.619040
0.755 0.634150
0.760 0.644090
0.765 0.650550
0.770 0.654780
0.775 0.657650
0.780 0.659850
0.785 0.661700
0.790 0.663200
0.795 0.664540
0.800 0.665800
0.805 0.666910
0.810 0.668030
0.815 0.669130
0.820 0.670330
0.825 0.671390
0.830 0.672400
0.835 0.673200
0.840 0.674460
0.845 0.676100
0.850 0.677790
0.855 0.679490
0.860 0.680920
0.865 0.682410
0.870 0.683600
0.875 0.684710
0.880 0.685580
0.885 0.686400
0.890 0.687150
0.895 0.687610
0.900 0.687770
0.905 0.688030
0.910 0.688110
0.915 0.688230
0.920 0.688070
0.925 0.687580
0.930 0.686210
0.935 0.684180
0.940 0.681600
0.945 0.677410
0.950 0.671850
0.955 0.664110
0.960 0.653900
0.965 0.645160
0.970 0.639890
0.975 0.637070
0.980 0.635810
0.985 0.635480
0.990 0.636980
0.995 0.639560
1.000 0.645170
1.005 0.655220
1.010 0.660240
1.015 0.663380
1.020 0.667910
1.025 0.673190
1.030 0.677660
1.035 0.682750
1.040 0.686890
1.045 0.690320
1.050 0.694150
1.055 0.697010
1.060 0.699570
1.065 0.700950
1.070 0.702390
1.075 0.703340
1.080 0.704100
1.085 0.703750
1.090 0.703170
1.095 0.702190
1.100 0.700370
1.105 0.698430
1.110 0.695690
1.115 0.692080
1.120 0.687260
1.125 0.679630
1.130 0.668150
1.135 0.651480
1.140 0.629960
1.145 0.606860
1.150 0.585580
1.155 0.569120
1.160 0.557870
1.165 0.550640
1.170 0.545970
1.175 0.542320
1.180 0.538600
1.185 0.534410
1.190 0.530610
1.195 0.528140
1.200 0.527180
1.205 0.527820
1.210 0.529870
1.215 0.533220
1.220 0.538060
1.225 0.543860
1.230 0.549610
1.235 0.554570
1.240 0.558970
1.245 0.562860
1.250 0.566050
1.255 0.568690
1.260 0.570810
1.265 0.572110
1.270 0.572660
1.275 0.572520
1.280 0.571560
1.285 0.569690
1.290 0.566590
1.295 0.562280
1.300 0.556400
1.305 0.548850
1.310 0.539600
1.315 0.528450
1.320 0.515680
1.325 0.501350
1.330 0.485890
1.335 0.470140
1.340 0.454820
1.345 0.440390
1.350 0.427510
1.355 0.415850
1.360 0.404200
1.365 0.391370
1.370 0.376140
1.375 0.356780
1.380 0.331630
1.385 0.300420
1.390 0.266020
1.395 0.232180
1.400 0.201960
1.405 0.177450
1.410 0.158770
1.415 0.145360
1.420 0.135950
1.425 0.129580
1.430 0.125290
1.435 0.122460
1.440 0.120950
1.445 0.120370
1.450 0.120320
1.455 0.120670
1.460 0.121560
1.465 0.123300
1.470 0.125850
1.475 0.129190
1.480 0.133460
1.485 0.138270
1.490 0.143300
1.495 0.148540
1.500 0.154150
1.505 0.159860
1.510 0.165490
1.515 0.171180
1.520 0.176870
1.525 0.182400
1.530 0.187710
1.535 0.193030
1.540 0.198260
1.545 0.203270
1.550 0.208100
1.555 0.212990
1.560 0.217700
1.565 0.222100
1.570 0.226400
1.575 0.230750
1.580 0.234940
1.585 0.238860
1.590 0.242920
1.595 0.247170
1.600 0.251220
1.605 0.255060
1.610 0.258880
1.615 0.262600
1.620 0.265800
1.625 0.268720
1.630 0.271180
1.635 0.273150
1.640 0.275240
1.645 0.277100
1.650 0.277800
1.655 0.277340
1.660 0.276790
1.665 0.276180
1.670 0.275210
1.675 0.274310
1.680 0.273700
1.685 0.272210
1.690 0.269360
1.695 0.266280
1.700 0.263030
1.705 0.258780
1.710 0.254990
1.715 0.251920
1.720 0.248550
1.725 0.245430
1.730 0.243620
1.735 0.242080
1.740 0.240320
1.745 0.238190
1.750 0.234930
1.755 0.231270
1.760 0.229150
1.765 0.227470
1.770 0.225400
1.775 0.224430
1.780 0.224060
1.785 0.222800
1.790 0.222800
1.795 0.223510
1.800 0.223550
1.805 0.228840
1.810 0.229840
1.815 0.230530
1.820 0.230600
1.825 0.230820
1.830 0.230500
1.835 0.229400
1.840 0.227600
1.845 0.224140
1.850 0.218780
1.855 0.210780
1.860 0.199650
1.865 0.185270
1.870 0.167010
1.875 0.145630
1.880 0.123260
1.885 0.101890
1.890 0.082946
1.895 0.068096
1.900 0.057491
1.905 0.050561
1.910 0.046326
1.915 0.043843
1.920 0.042450
1.925 0.041735
1.930 0.041649
1.935 0.041926
1.940 0.042571
1.945 0.043470
1.950 0.044686
1.955 0.046060
1.960 0.047686
1.965 0.049404
1.970 0.051289
1.975 0.053353
1.980 0.055533
1.985 0.057695
1.990 0.060044
1.995 0.062458
2.000 0.064856
2.005 0.067287
2.010 0.069677
2.015 0.072055
2.020 0.074267
2.025 0.076465
2.030 0.078437
2.035 0.080110
2.040 0.081631
2.045 0.083139
2.050 0.084631
2.055 0.086034
2.060 0.087304
2.065 0.088644
2.070 0.089970
2.075 0.091277
2.080 0.092568
2.085 0.093841
2.090 0.095153
2.095 0.096481
2.100 0.097763
2.105 0.098893
2.110 0.100140
2.115 0.101340
2.120 0.102460
2.125 0.103550
2.130 0.104640
2.135 0.105680
2.140 0.106850
2.145 0.108340
2.150 0.109810
2.155 0.111380
2.160 0.113070
2.165 0.114790
2.170 0.116330
2.175 0.117910
2.180 0.119520
2.185 0.120950
2.190 0.122520
2.195 0.124090
2.200 0.125370
2.205 0.126410
2.210 0.127390
2.215 0.127870
2.220 0.127740
2.225 0.127090
2.230 0.126140
2.235 0.124360
2.240 0.122150
2.245 0.119730
2.250 0.116660
2.255 0.113210
2.260 0.109760
2.265 0.106490
2.270 0.103450
2.275 0.101300
2.280 0.099721
2.285 0.098244
2.290 0.096338
2.295 0.093888
2.300 0.091037
2.305 0.088660
2.310 0.086811
2.315 0.086434
2.320 0.086768
2.325 0.086391
2.330 0.085012
2.335 0.083177
2.340 0.081226
2.345 0.079178
2.350 0.077589
2.355 0.076540
2.360 0.075899
2.365 0.074714
2.370 0.073405
2.375 0.072314
2.380 0.070495
2.385 0.069366
2.390 0.068198
2.395 0.067101
2.400 0.065589
2.405 0.064205
2.410 0.062823
2.415 0.061435
2.420 0.060090
2.425 0.058396
2.430 0.057149
2.435 0.055462
2.440 0.053495
2.445 0.052869
2.450 0.051762
2.455 0.050207
2.460 0.048792
2.465 0.048150
2.470 0.047761
2.475 0.047020
2.480 0.046512
2.485 0.047006
2.490 0.046072
2.495 0.044470
2.500 0.046104
