0.350 0.428230
0.355 0.429240
0.360 0.431460
0.365 0.434390
0.370 0.437130
0.375 0.441690
0.380 0.444590
0.385 0.448300
0.390 0.452010
0.395 0.456650
0.400 0.460550
0.405 0.464860
0.410 0.469100
0.415 0.472840
0.420 0.476010
0.425 0.479290
0.430 0.482210
0.435 0.485120
0.440 0.487780
0.445 0.489980
0.450 0.491910
0.455 0.493770
0.460 0.495130
0.465 0.496460
0.470 0.497770
0.475 0.498960
0.480 0.500060
0.485 0.501310
0.490 0.502730
0.495 0.503940
0.500 0.505000
0.505 0.506180
0.510 0.507140
0.515 0.508030
0.520 0.509130
0.525 0.510100
0.530 0.510980
0.535 0.511840
0.540 0.512540
0.545 0.513140
0.550 0.513680
0.555 0.514070
0.560 0.514320
0.565 0.514550
0.570 0.514620
0.575 0.514440
0.580 0.514200
0.585 0.513610
0.590 0.512730
0.595 0.511250
0.600 0.509390
0.605 0.507860
0.610 0.507090
0.615 0.506410
0.620 0.505200
0.625 0.503970
0.630 0.502670
0.635 0.501260
0.640 0.499900
0.645 0.498430
0.650 0.497040
0.655 0.495590
0.660 0.493990
0.665 0.492800
0.670 0.491900
0.675 0.490780
0.680 0.489560
0.685 0.487870
0.690 0.485710
0.695 0.482620
0.700 0.478480
0.705 0.473500
0.710 0.467900
0.715 0.461380
0.720 0.454140
0.725 0.446050
0.730 0.435200
0.735 0.424190
0.740 0.417580
0.745 0.413250
0.750 0.408740
0.755 0.403730
0.760 0.398280
0.765 0.392720
0.770 0.387390
0.775 0.382340
0.780 0.377850
0.785 0.374340
0.790 0.371780
0.795 0.370450
0.800 0.370110
0.805 0.370370
0.810 0.370930
0.815 0.371380
0.820 0.371040
0.825 0.368210
0.830 0.361830
0.835 0.356140
0.840 0.351690
0.845 0.346090
0.850 0.339330
0.855 0.331680
0.860 0.323370
0.865 0.314350
0.870 0.305060
0.875 0.295220
0.880 0.285650
0.885 0.276710
0.890 0.269370
0.895 0.263290
0.900 0.258490
0.905 0.254550
0.910 0.251040
0.915 0.247390
0.920 0.242720
0.925 0.236000
0.930 0.227220
0.935 0.216650
0.940 0.205670
0.945 0.192500
0.950 0.177470
0.955 0.160640
0.960 0.147350
0.965 0.139330
0.970 0.132350
0.975 0.126980
0.980 0.121780
0.985 0.117630
0.990 0.113860
0.995 0.110300
1.000 0.107760
1.005 0.105220
1.010 0.104250
1.015 0.104080
1.020 0.104690
1.025 0.105850
1.030 0.108190
1.035 0.111340
1.040 0.115290
1.045 0.120040
1.050 0.125590
1.055 0.131330
1.060 0.137100
1.065 0.142510
1.070 0.146790
1.075 0.149720
1.080 0.150860
1.085 0.150550
1.090 0.148870
1.095 0.146200
1.100 0.143020
1.105 0.139390
1.110 0.135860
1.115 0.132100
1.120 0.127730
1.125 0.121910
1.130 0.114260
1.135 0.104630
1.140 0.094117
1.145 0.084302
1.150 0.076266
1.155 0.069899
1.160 0.064852
1.165 0.060595
1.170 0.056847
1.175 0.053365
1.180 0.050239
1.185 0.047264
1.190 0.044691
1.195 0.042446
1.200 0.040461
1.205 0.038785
1.210 0.037357
1.215 0.036190
1.220 0.035230
1.225 0.034493
1.230 0.033870
1.235 0.033518
1.240 0.033295
1.245 0.033077
1.250 0.032956
1.255 0.033049
1.260 0.033251
1.265 0.033469
1.270 0.033681
1.275 0.033899
1.280 0.034062
1.285 0.034016
1.290 0.033845
1.295 0.033517
1.300 0.033010
1.305 0.032344
1.310 0.031668
1.315 0.030829
1.320 0.029891
1.325 0.028907
1.330 0.027887
1.335 0.026844
1.340 0.025849
1.345 0.024984
1.350 0.024162
1.355 0.023407
1.360 0.022618
1.365 0.021782
1.370 0.020676
1.375 0.019384
1.380 0.017752
1.385 0.015933
1.390 0.014102
1.395 0.012532
1.400 0.011268
1.405 0.010230
1.410 0.009449
1.415 0.008840
1.420 0.008304
1.425 0.007791
1.430 0.007352
1.435 0.006901
1.440 0.006578
1.445 0.006268
1.450 0.006033
1.455 0.005737
1.460 0.005594
1.465 0.005482
1.470 0.005382
1.475 0.005286
1.480 0.005210
1.485 0.005198
1.490 0.005134
1.495 0.005190
1.500 0.005194
1.505 0.005187
1.510 0.005242
1.515 0.005287
1.520 0.005269
1.525 0.005272
1.530 0.005363
1.535 0.005379
1.540 0.005379
1.545 0.005443
1.550 0.005474
1.555 0.005524
1.560 0.005592
1.565 0.005693
1.570 0.005731
1.575 0.005828
1.580 0.005886
1.585 0.005972
1.590 0.006052
1.595 0.006167
1.600 0.006213
1.605 0.006291
1.610 0.006341
1.615 0.006384
1.620 0.006446
1.625 0.006558
1.630 0.006594
1.635 0.006586
1.640 0.006693
1.645 0.006784
1.650 0.006820
1.655 0.006887
1.660 0.006984
1.665 0.007040
1.670 0.007118
1.675 0.007246
1.680 0.007237
1.685 0.007332
1.690 0.007415
1.695 0.007497
1.700 0.007620
1.705 0.007675
1.710 0.007720
1.715 0.007794
1.720 0.007839
1.725 0.007855
1.730 0.007939
1.735 0.007938
1.740 0.007958
1.745 0.007963
1.750 0.007978
1.755 0.007973
1.760 0.007953
1.765 0.007953
1.770 0.007983
1.775 0.008040
1.780 0.008146
1.785 0.008193
1.790 0.008002
1.795 0.006971
1.800 0.006813
1.805 0.007216
1.810 0.007336
1.815 0.007252
1.820 0.007580
1.825 0.007287
1.830 0.007552
1.835 0.007601
1.840 0.008110
1.845 0.007878
1.850 0.007717
1.855 0.007447
1.860 0.007459
1.865 0.007247
1.870 0.006586
1.875 0.006334
1.880 0.006265
1.885 0.005722
1.890 0.005346
1.895 0.004879
1.900 0.004760
1.905 0.004884
1.910 0.004485
1.915 0.004508
1.920 0.004442
1.925 0.004559
1.930 0.004494
1.935 0.004494
1.940 0.004689
1.945 0.004080
1.950 0.004028
1.955 0.004264
1.960 0.004147
1.965 0.004184
1.970 0.003978
1.975 0.003998
1.980 0.003941
1.985 0.004087
1.990 0.004111
1.995 0.004024
2.000 0.003993
2.005 0.003728
2.010 0.003900
2.015 0.003955
2.020 0.004292
2.025 0.003889
2.030 0.003827
2.035 0.003817
2.040 0.004076
2.045 0.003952
2.050 0.004410
2.055 0.004043
2.060 0.004154
2.065 0.003808
2.070 0.004189
2.075 0.004185
2.080 0.004082
2.085 0.004308
2.090 0.004379
2.095 0.004244
2.100 0.003997
2.105 0.004082
2.110 0.004049
2.115 0.004330
2.120 0.004834
2.125 0.004492
2.130 0.004646
2.135 0.004900
2.140 0.004784
2.145 0.004782
2.150 0.005307
2.155 0.005217
2.160 0.004683
2.165 0.004991
2.170 0.004945
2.175 0.004957
2.180 0.005039
2.185 0.005410
2.190 0.005058
2.195 0.004947
2.200 0.005218
2.205 0.005388
2.210 0.005206
2.215 0.005290
2.220 0.005249
2.225 0.005188
2.230 0.005499
2.235 0.005913
2.240 0.005965
2.245 0.005670
2.250 0.005786
2.255 0.005807
2.260 0.005560
2.265 0.005600
2.270 0.005724
2.275 0.005843
2.280 0.005179
2.285 0.005112
2.290 0.004730
2.295 0.005108
2.300 0.005466
2.305 0.004406
2.310 0.004926
2.315 0.005419
2.320 0.005043
2.325 0.005106
2.330 0.004765
2.335 0.004969
2.340 0.005415
2.345 0.005250
2.350 0.005269
2.355 0.005037
2.360 0.004569
2.365 0.004878
2.370 0.004609
2.375 0.004308
2.380 0.004807
2.385 0.003994
2.390 0.004100
2.395 0.004378
2.400 0.005100
2.405 0.004422
2.410 0.004274
2.415 0.004422
2.420 0.004804
2.425 0.004638
2.430 0.004899
2.435 0.004467
2.440 0.004948
2.445 0.005618
2.450 0.006478
2.455 0.006419
2.460 0.006360
2.465 0.006301
2.470 0.006242
2.475 0.006183
2.480 0.006124
2.485 0.006065
2.490 0.006007
2.495 0.005948
2.500 0.005889
