0.350 0.082500
0.355 0.084162
0.360 0.085800
0.365 0.087702
0.370 0.089700
0.375 0.092006
0.380 0.094100
0.385 0.096638
0.390 0.099300
0.395 0.101790
0.400 0.104200
0.405 0.106310
0.410 0.108300
0.415 0.110200
0.420 0.112200
0.425 0.114310
0.430 0.116400
0.435 0.118550
0.440 0.120600
0.445 0.122340
0.450 0.124000
0.455 0.125400
0.460 0.126700
0.465 0.127820
0.470 0.128800
0.475 0.129810
0.480 0.131000
0.485 0.132190
0.490 0.133600
0.495 0.135140
0.500 0.137000
0.505 0.138800
0.510 0.140600
0.515 0.142440
0.520 0.144300
0.525 0.146200
0.530 0.148100
0.535 0.150000
0.540 0.151900
0.545 0.153810
0.550 0.155700
0.555 0.157600
0.560 0.159500
0.565 0.161310
0.570 0.162900
0.575 0.164410
0.580 0.165700
0.585 0.166850
0.590 0.167900
0.595 0.168760
0.600 0.169400
0.605 0.169970
0.610 0.170300
0.615 0.170550
0.620 0.170700
0.625 0.170800
0.630 0.170800
0.635 0.170750
0.640 0.170600
0.645 0.170450
0.650 0.170300
0.655 0.170050
0.660 0.169800
0.665 0.169550
0.670 0.169300
0.675 0.169050
0.680 0.168700
0.685 0.168350
0.690 0.168000
0.695 0.167640
0.700 0.167500
0.705 0.167190
0.710 0.167000
0.715 0.166640
0.720 0.166500
0.725 0.166200
0.730 0.166000
0.735 0.165750
0.740 0.165500
0.745 0.165360
0.750 0.165100
0.755 0.164850
0.760 0.164700
0.765 0.164450
0.770 0.164200
0.775 0.164000
0.780 0.163800
0.785 0.163610
0.790 0.163300
0.795 0.163030
0.800 0.162900
0.805 0.162600
0.810 0.162350
0.815 0.162120
0.820 0.161900
0.825 0.161690
0.830 0.161460
0.835 0.161200
0.840 0.160900
0.845 0.160550
0.850 0.160210
0.855 0.159960
0.860 0.159900
0.865 0.160080
0.870 0.160400
0.875 0.160750
0.880 0.161000
0.885 0.161050
0.890 0.160870
0.895 0.160460
0.900 0.159800
0.905 0.158890
0.910 0.157870
0.915 0.156920
0.920 0.156200
0.925 0.155850
0.930 0.155760
0.935 0.155790
0.940 0.155800
0.945 0.155670
0.950 0.155450
0.955 0.155200
0.960 0.155000
0.965 0.154890
0.970 0.154850
0.975 0.154830
0.980 0.154800
0.985 0.154720
0.990 0.154600
0.995 0.154460
1.000 0.154300
1.005 0.154140
1.010 0.153970
1.015 0.153790
1.020 0.153600
1.025 0.153400
1.030 0.153190
1.035 0.152980
1.040 0.152800
1.045 0.152640
1.050 0.152490
1.055 0.152320
1.060 0.152100
1.065 0.151820
1.070 0.151510
1.075 0.151220
1.080 0.151000
1.085 0.150870
1.090 0.150800
1.095 0.150730
1.100 0.150600
1.105 0.150380
1.110 0.150090
1.115 0.149780
1.120 0.149500
1.125 0.149280
1.130 0.149090
1.135 0.148910
1.140 0.148700
1.145 0.148430
1.150 0.148140
1.155 0.147850
1.160 0.147600
1.165 0.147410
1.170 0.147260
1.175 0.147110
1.180 0.146900
1.185 0.146620
1.190 0.146280
1.195 0.145930
1.200 0.145600
1.205 0.145320
1.210 0.145070
1.215 0.144840
1.220 0.144600
1.225 0.144350
1.230 0.144080
1.235 0.143790
1.240 0.143500
1.245 0.143200
1.250 0.142900
1.255 0.142600
1.260 0.142300
1.265 0.142000
1.270 0.141700
1.275 0.141400
1.280 0.141100
1.285 0.140800
1.290 0.140500
1.295 0.140200
1.300 0.139900
1.305 0.139600
1.310 0.139310
1.315 0.139040
1.320 0.138800
1.325 0.138590
1.330 0.138390
1.335 0.138170
1.340 0.137900
1.345 0.137560
1.350 0.137180
1.355 0.136780
1.360 0.136400
1.365 0.136070
1.370 0.135770
1.375 0.135480
1.380 0.135200
1.385 0.134900
1.390 0.134590
1.395 0.134250
1.400 0.133900
1.405 0.133530
1.410 0.133150
1.415 0.132770
1.420 0.132400
1.425 0.132060
1.430 0.131740
1.435 0.131450
1.440 0.131200
1.445 0.130980
1.450 0.130780
1.455 0.130560
1.460 0.130300
1.465 0.129980
1.470 0.129620
1.475 0.129280
1.480 0.129000
1.485 0.128810
1.490 0.128690
1.495 0.128590
1.500 0.128500
1.505 0.128370
1.510 0.128210
1.515 0.128020
1.520 0.127800
1.525 0.127550
1.530 0.127280
1.535 0.127000
1.540 0.126700
1.545 0.126400
1.550 0.126110
1.555 0.125840
1.560 0.125600
1.565 0.125400
1.570 0.125240
1.575 0.125070
1.580 0.124900
1.585 0.124700
1.590 0.124470
1.595 0.124240
1.600 0.124000
1.605 0.123770
1.610 0.123560
1.615 0.123370
1.620 0.123200
1.625 0.123060
1.630 0.122940
1.635 0.122820
1.640 0.122700
1.645 0.122560
1.650 0.122400
1.655 0.122180
1.660 0.121900
1.665 0.121540
1.670 0.121150
1.675 0.120790
1.680 0.120500
1.685 0.120340
1.690 0.120260
1.695 0.120230
1.700 0.120200
1.705 0.120130
1.710 0.120020
1.715 0.119870
1.720 0.119700
1.725 0.119500
1.730 0.119290
1.735 0.119050
1.740 0.118800
1.745 0.118540
1.750 0.118280
1.755 0.118030
1.760 0.117800
1.765 0.117610
1.770 0.117450
1.775 0.117310
1.780 0.117200
1.785 0.117100
1.790 0.117000
1.795 0.116870
1.800 0.116700
1.805 0.116470
1.810 0.116200
1.815 0.115900
1.820 0.115600
1.825 0.115320
1.830 0.115060
1.835 0.114820
1.840 0.114600
1.845 0.114410
1.850 0.114250
1.855 0.114110
1.860 0.114000
1.865 0.113910
1.870 0.113810
1.875 0.113650
1.880 0.113400
1.885 0.113020
1.890 0.112550
1.895 0.112030
1.900 0.111500
1.905 0.111000
1.910 0.110530
1.915 0.110130
1.920 0.109800
1.925 0.109560
1.930 0.109390
1.935 0.109280
1.940 0.109200
1.945 0.109140
1.950 0.109110
1.955 0.109090
1.960 0.109100
1.965 0.109140
1.970 0.109190
1.975 0.109250
1.980 0.109300
1.985 0.109340
1.990 0.109370
1.995 0.109390
2.000 0.109400
2.005 0.109410
2.010 0.109400
2.015 0.109370
2.020 0.109300
2.025 0.109190
2.030 0.109050
2.035 0.108920
2.040 0.108800
2.045 0.108720
2.050 0.108670
2.055 0.108600
2.060 0.108500
2.065 0.108350
2.070 0.108170
2.075 0.108010
2.080 0.107900
2.085 0.107870
2.090 0.107890
2.095 0.107920
2.100 0.107900
2.105 0.107810
2.110 0.107670
2.115 0.107490
2.120 0.107300
2.125 0.107120
2.130 0.106960
2.135 0.106820
2.140 0.106700
2.145 0.106600
2.150 0.106520
2.155 0.106420
2.160 0.106300
2.165 0.106140
2.170 0.105940
2.175 0.105730
2.180 0.105500
2.185 0.105270
2.190 0.105050
2.195 0.104860
2.200 0.104700
2.205 0.104590
2.210 0.104480
2.215 0.104340
2.220 0.104100
2.225 0.103750
2.230 0.103390
2.235 0.103160
2.240 0.103200
2.245 0.103600
2.250 0.104190
2.255 0.104730
2.260 0.105000
2.265 0.104820
2.270 0.104320
2.275 0.103680
2.280 0.103090
2.285 0.102700
2.290 0.102510
2.295 0.102490
2.300 0.102630
2.305 0.102900
2.310 0.103180
2.315 0.103320
2.320 0.103190
2.325 0.102690
2.330 0.101980
2.335 0.101300
2.340 0.100870
2.345 0.100850
2.350 0.101100
2.355 0.101420
2.360 0.101610
2.365 0.101500
2.370 0.101170
2.375 0.100720
2.380 0.100250
2.385 0.099856
2.390 0.099552
2.395 0.099356
2.400 0.099288
2.405 0.099351
2.410 0.099460
2.415 0.099510
2.420 0.099394
2.425 0.099037
2.430 0.098520
2.435 0.097962
2.440 0.097475
2.445 0.097150
2.450 0.096969
2.455 0.096896
2.460 0.096897
2.465 0.096945
2.470 0.097014
2.475 0.097085
2.480 0.097133
2.485 0.097141
2.490 0.097105
2.495 0.097024
2.500 0.096896
