0.350 0.015665
0.355 0.017231
0.360 0.018798
0.365 0.020365
0.370 0.021931
0.375 0.023497
0.380 0.025064
0.385 0.026631
0.390 0.028197
0.395 0.029763
0.400 0.031330
0.405 0.030967
0.410 0.030452
0.415 0.030073
0.420 0.029821
0.425 0.029345
0.430 0.029201
0.435 0.029202
0.440 0.029532
0.445 0.029725
0.450 0.029932
0.455 0.030135
0.460 0.030305
0.465 0.030710
0.470 0.031226
0.475 0.031652
0.480 0.031939
0.485 0.032233
0.490 0.032302
0.495 0.032642
0.500 0.032916
0.505 0.033158
0.510 0.033363
0.515 0.033758
0.520 0.034273
0.525 0.034793
0.530 0.035337
0.535 0.035874
0.540 0.036512
0.545 0.037192
0.550 0.037933
0.555 0.038477
0.560 0.038836
0.565 0.038812
0.570 0.038128
0.575 0.036929
0.580 0.035161
0.585 0.033282
0.590 0.031391
0.595 0.029507
0.600 0.028136
0.605 0.027061
0.610 0.026376
0.615 0.026001
0.620 0.025711
0.625 0.025416
0.630 0.025183
0.635 0.025027
0.640 0.024855
0.645 0.024663
0.650 0.024486
0.655 0.024236
0.660 0.024120
0.665 0.024170
0.670 0.024536
0.675 0.025197
0.680 0.025723
0.685 0.026025
0.690 0.025916
0.695 0.025263
0.700 0.024397
0.705 0.023503
0.710 0.022848
0.715 0.022357
0.720 0.021938
0.725 0.021617
0.730 0.021239
0.735 0.020957
0.740 0.020812
0.745 0.020648
0.750 0.020651
0.755 0.020506
0.760 0.020362
0.765 0.020210
0.770 0.020053
0.775 0.019910
0.780 0.019903
0.785 0.019883
0.790 0.019868
0.795 0.019856
0.800 0.019851
0.805 0.019851
0.810 0.019848
0.815 0.019839
0.820 0.019826
0.825 0.019810
0.830 0.019793
0.835 0.019777
0.840 0.019763
0.845 0.019752
0.850 0.019747
0.855 0.019748
0.860 0.019755
0.865 0.019766
0.870 0.019780
0.875 0.019795
0.880 0.019811
0.885 0.019826
0.890 0.019838
0.895 0.019846
0.900 0.019850
0.905 0.019849
0.910 0.019842
0.915 0.019832
0.920 0.019818
0.925 0.019804
0.930 0.019789
0.935 0.019774
0.940 0.019761
0.945 0.019752
0.950 0.019747
0.955 0.019747
0.960 0.019748
0.965 0.019750
0.970 0.019747
0.975 0.019738
0.980 0.019725
0.985 0.019706
0.990 0.019686
0.995 0.019665
1.000 0.019643
1.005 0.019624
1.010 0.019606
1.015 0.019591
1.020 0.019578
1.025 0.019566
1.030 0.019556
1.035 0.019549
1.040 0.019544
1.045 0.019540
1.050 0.019540
1.055 0.019540
1.060 0.019540
1.065 0.019535
1.070 0.019525
1.075 0.019512
1.080 0.019497
1.085 0.019481
1.090 0.019465
1.095 0.019450
1.100 0.019436
1.105 0.019426
1.110 0.019418
1.115 0.019411
1.120 0.019407
1.125 0.019403
1.130 0.019400
1.135 0.019397
1.140 0.019394
1.145 0.019390
1.150 0.019385
1.155 0.019378
1.160 0.019370
1.165 0.019361
1.170 0.019354
1.175 0.019346
1.180 0.019339
1.185 0.019335
1.190 0.019334
1.195 0.019334
1.200 0.019334
1.205 0.019329
1.210 0.019320
1.215 0.019308
1.220 0.019295
1.225 0.019281
1.230 0.019267
1.235 0.019253
1.240 0.019242
1.245 0.019234
1.250 0.019230
1.255 0.019230
1.260 0.019230
1.265 0.019225
1.270 0.019216
1.275 0.019205
1.280 0.019192
1.285 0.019177
1.290 0.019161
1.295 0.019144
1.300 0.019127
1.305 0.019111
1.310 0.019097
1.315 0.019083
1.320 0.019071
1.325 0.019060
1.330 0.019049
1.335 0.019041
1.340 0.019034
1.345 0.019029
1.350 0.019025
1.355 0.019024
1.360 0.019023
1.365 0.019023
1.370 0.019025
1.375 0.019027
1.380 0.019028
1.385 0.019029
1.390 0.019029
1.395 0.019028
1.400 0.019025
1.405 0.019020
1.410 0.019013
1.415 0.019004
1.420 0.018995
1.425 0.018984
1.430 0.018973
1.435 0.018960
1.440 0.018947
1.445 0.018935
1.450 0.018922
1.455 0.018910
1.460 0.018899
1.465 0.018888
1.470 0.018877
1.475 0.018867
1.480 0.018857
1.485 0.018847
1.490 0.018838
1.495 0.018829
1.500 0.018820
1.505 0.018812
1.510 0.018804
1.515 0.018795
1.520 0.018786
1.525 0.018777
1.530 0.018768
1.535 0.018757
1.540 0.018745
1.545 0.018733
1.550 0.018718
1.555 0.018703
1.560 0.018686
1.565 0.018670
1.570 0.018654
1.575 0.018639
1.580 0.018627
1.585 0.018617
1.590 0.018613
1.595 0.018612
1.600 0.018616
1.605 0.018627
1.610 0.018641
1.615 0.018657
1.620 0.018671
1.625 0.018683
1.630 0.018690
1.635 0.018689
1.640 0.018678
1.645 0.018654
1.650 0.018615
1.655 0.018565
1.660 0.018516
1.665 0.018481
1.670 0.018462
1.675 0.018457
1.680 0.018462
1.685 0.018473
1.690 0.018487
1.695 0.018502
1.700 0.018515
1.705 0.018522
1.710 0.018524
1.715 0.018521
1.720 0.018514
1.725 0.018504
1.730 0.018490
1.735 0.018474
1.740 0.018455
1.745 0.018435
1.750 0.018413
1.755 0.018391
1.760 0.018369
1.765 0.018347
1.770 0.018325
1.775 0.018303
1.780 0.018282
1.785 0.018262
1.790 0.018244
1.795 0.018226
1.800 0.018211
1.805 0.018197
1.810 0.018185
1.815 0.018175
1.820 0.018166
1.825 0.018157
1.830 0.018148
1.835 0.018139
1.840 0.018130
1.845 0.018121
1.850 0.018110
1.855 0.018098
1.860 0.018085
1.865 0.018070
1.870 0.018053
1.875 0.018034
1.880 0.018013
1.885 0.017991
1.890 0.017966
1.895 0.017939
1.900 0.017909
1.905 0.017877
1.910 0.017844
1.915 0.017811
1.920 0.017781
1.925 0.017754
1.930 0.017732
1.935 0.017716
1.940 0.017710
1.945 0.017709
1.950 0.017707
1.955 0.017700
1.960 0.017684
1.965 0.017660
1.970 0.017630
1.975 0.017596
1.980 0.017559
1.985 0.017521
1.990 0.017482
1.995 0.017444
2.000 0.017409
2.005 0.017378
2.010 0.017350
2.015 0.017326
2.020 0.017304
2.025 0.017285
2.030 0.017268
2.035 0.017252
2.040 0.017238
2.045 0.017224
2.050 0.017211
2.055 0.017198
2.060 0.017184
2.065 0.017170
2.070 0.017154
2.075 0.017137
2.080 0.017118
2.085 0.017096
2.090 0.017071
2.095 0.017044
2.100 0.017013
2.105 0.016978
2.110 0.016940
2.115 0.016899
2.120 0.016857
2.125 0.016815
2.130 0.016772
2.135 0.016730
2.140 0.016691
2.145 0.016654
2.150 0.016621
2.155 0.016591
2.160 0.016565
2.165 0.016541
2.170 0.016518
2.175 0.016494
2.180 0.016468
2.185 0.016440
2.190 0.016408
2.195 0.016371
2.200 0.016327
2.205 0.016279
2.210 0.016232
2.215 0.016191
2.220 0.016160
2.225 0.016135
2.230 0.016115
2.235 0.016097
2.240 0.016079
2.245 0.016060
2.250 0.016037
2.255 0.016010
2.260 0.015977
2.265 0.015941
2.270 0.015902
2.275 0.015861
2.280 0.015819
2.285 0.015776
2.290 0.015733
2.295 0.015692
2.300 0.015652
2.305 0.015615
2.310 0.015580
2.315 0.015546
2.320 0.015512
2.325 0.015478
2.330 0.015442
2.335 0.015405
2.340 0.015364
2.345 0.015320
2.350 0.015271
2.355 0.015217
2.360 0.015159
2.365 0.015098
2.370 0.015036
2.375 0.014974
2.380 0.014913
2.385 0.014854
2.390 0.014800
2.395 0.014749
2.400 0.014705
2.405 0.014669
2.410 0.014638
2.415 0.014606
2.420 0.014571
2.425 0.014530
2.430 0.014483
2.435 0.014428
2.440 0.014353
2.445 0.014246
2.450 0.014119
2.455 0.013982
2.460 0.013834
2.465 0.013667
2.470 0.013466
2.475 0.013240
2.480 0.013004
2.485 0.012762
2.490 0.012516
2.495 0.012263
2.500 0.011998
