0.350 0.984110
0.355 0.984410
0.360 0.984700
0.365 0.984990
0.370 0.985280
0.375 0.985570
0.380 0.985860
0.385 0.986160
0.390 0.986450
0.395 0.986740
0.400 0.987030
0.405 0.989580
0.410 0.989800
0.415 0.990010
0.420 0.985770
0.425 0.990640
0.430 0.989720
0.435 0.989970
0.440 0.991410
0.445 0.990910
0.450 0.991400
0.455 0.992610
0.460 0.993060
0.465 0.993540
0.470 0.991490
0.475 0.992730
0.480 0.991500
0.485 0.992690
0.490 0.991870
0.495 0.992380
0.500 0.991410
0.505 0.991090
0.510 0.991910
0.515 0.991500
0.520 0.990550
0.525 0.990910
0.530 0.990930
0.535 0.991510
0.540 0.989870
0.545 0.990550
0.550 0.989770
0.555 0.989850
0.560 0.989620
0.565 0.990030
0.570 0.990890
0.575 0.987680
0.580 0.988090
0.585 0.988350
0.590 0.987180
0.595 0.987210
0.600 0.987060
0.605 0.986360
0.610 0.986140
0.615 0.985520
0.620 0.984760
0.625 0.984260
0.630 0.982280
0.635 0.982690
0.640 0.981040
0.645 0.982010
0.650 0.980410
0.655 0.974430
0.660 0.979720
0.665 0.979010
0.670 0.978210
0.675 0.977110
0.680 0.976750
0.685 0.976160
0.690 0.974590
0.695 0.974930
0.700 0.973690
0.705 0.975460
0.710 0.972340
0.715 0.969480
0.720 0.969410
0.725 0.964280
0.730 0.967780
0.735 0.967400
0.740 0.964550
0.745 0.966700
0.750 0.963920
0.755 0.964330
0.760 0.960780
0.765 0.945670
0.770 0.956180
0.775 0.954360
0.780 0.953190
0.785 0.950230
0.790 0.949480
0.795 0.950150
0.800 0.946650
0.805 0.945660
0.810 0.945180
0.815 0.945270
0.820 0.945270
0.825 0.944960
0.830 0.944520
0.835 0.943990
0.840 0.943100
0.845 0.941290
0.850 0.939110
0.855 0.936760
0.860 0.933850
0.865 0.929520
0.870 0.924680
0.875 0.919900
0.880 0.915990
0.885 0.914390
0.890 0.913680
0.895 0.913100
0.900 0.912340
0.905 0.911060
0.910 0.909570
0.915 0.908060
0.920 0.906630
0.925 0.905410
0.930 0.904250
0.935 0.902990
0.940 0.901130
0.945 0.897680
0.950 0.893620
0.955 0.889370
0.960 0.884780
0.965 0.879330
0.970 0.873550
0.975 0.867700
0.980 0.861840
0.985 0.855970
0.990 0.850110
0.995 0.844290
1.000 0.838720
1.005 0.833800
1.010 0.829150
1.015 0.824640
1.020 0.820690
1.025 0.818150
1.030 0.816200
1.035 0.814630
1.040 0.814550
1.045 0.818290
1.050 0.823420
1.055 0.828470
1.060 0.831620
1.065 0.829700
1.070 0.825920
1.075 0.822250
1.080 0.821010
1.085 0.826280
1.090 0.833980
1.095 0.841800
1.100 0.847800
1.105 0.848830
1.110 0.847940
1.115 0.846600
1.120 0.844700
1.125 0.841500
1.130 0.837790
1.135 0.833860
1.140 0.829290
1.145 0.823070
1.150 0.816210
1.155 0.809150
1.160 0.801690
1.165 0.793210
1.170 0.784180
1.175 0.774220
1.180 0.759630
1.185 0.733060
1.190 0.702160
1.195 0.671990
1.200 0.650150
1.205 0.650380
1.210 0.658980
1.215 0.668580
1.220 0.675290
1.225 0.673730
1.230 0.669010
1.235 0.663790
1.240 0.659010
1.245 0.655650
1.250 0.652860
1.255 0.650260
1.260 0.648110
1.265 0.647120
1.270 0.646580
1.275 0.646230
1.280 0.646430
1.285 0.648020
1.290 0.650100
1.295 0.651940
1.300 0.652040
1.305 0.647570
1.310 0.641440
1.315 0.635540
1.320 0.632540
1.325 0.637260
1.330 0.644870
1.335 0.652670
1.340 0.658620
1.345 0.659490
1.350 0.658390
1.355 0.656870
1.360 0.654960
1.365 0.652210
1.370 0.649120
1.375 0.645890
1.380 0.642190
1.385 0.637290
1.390 0.631690
1.395 0.624590
1.400 0.609990
1.405 0.575850
1.410 0.534080
1.415 0.490120
1.420 0.441790
1.425 0.382720
1.430 0.319870
1.435 0.258130
1.440 0.206330
1.445 0.180750
1.450 0.165260
1.455 0.151770
1.460 0.139170
1.465 0.128030
1.470 0.117490
1.475 0.107330
1.480 0.098621
1.485 0.093671
1.490 0.090197
1.495 0.087188
1.500 0.085267
1.505 0.086056
1.510 0.087881
1.515 0.089889
1.520 0.091870
1.525 0.093692
1.530 0.095473
1.535 0.097366
1.540 0.099920
1.545 0.104200
1.550 0.109130
1.555 0.114170
1.560 0.119100
1.565 0.123700
1.570 0.128160
1.575 0.132590
1.580 0.136980
1.585 0.141260
1.590 0.145480
1.595 0.149610
1.600 0.153350
1.605 0.156050
1.610 0.158410
1.615 0.161010
1.620 0.165310
1.625 0.174040
1.630 0.184400
1.635 0.194680
1.640 0.202890
1.645 0.205580
1.650 0.206200
1.655 0.206780
1.660 0.209180
1.665 0.216510
1.670 0.225750
1.675 0.235370
1.680 0.245220
1.685 0.255500
1.690 0.265860
1.695 0.275830
1.700 0.283510
1.705 0.285240
1.710 0.284700
1.715 0.283860
1.720 0.283660
1.725 0.285310
1.730 0.287720
1.735 0.290500
1.740 0.294560
1.745 0.301900
1.750 0.310490
1.755 0.319210
1.760 0.327410
1.765 0.334170
1.770 0.340360
1.775 0.346380
1.780 0.352040
1.785 0.356800
1.790 0.361210
1.795 0.365560
1.800 0.369860
1.805 0.374090
1.810 0.378320
1.815 0.382630
1.820 0.387430
1.825 0.393500
1.830 0.399970
1.835 0.406000
1.840 0.409240
1.845 0.405150
1.850 0.398080
1.855 0.389480
1.860 0.375480
1.865 0.347660
1.870 0.314600
1.875 0.280950
1.880 0.249240
1.885 0.223040
1.890 0.199020
1.895 0.175690
1.900 0.153950
1.905 0.136210
1.910 0.120060
1.915 0.104550
1.920 0.090951
1.925 0.082227
1.930 0.075383
1.935 0.068960
1.940 0.062974
1.945 0.057970
1.950 0.053356
1.955 0.048902
1.960 0.044939
1.965 0.042224
1.970 0.040001
1.975 0.037938
1.980 0.036272
1.985 0.035598
1.990 0.035308
1.995 0.035114
2.000 0.035061
2.005 0.035344
2.010 0.035762
2.015 0.036237
2.020 0.036891
2.025 0.038003
2.030 0.039296
2.035 0.040648
2.040 0.042149
2.045 0.044022
2.050 0.046042
2.055 0.048118
2.060 0.050350
2.065 0.052980
2.070 0.055776
2.075 0.058677
2.080 0.061986
2.085 0.066349
2.090 0.071136
2.095 0.076110
2.100 0.081691
2.105 0.088819
2.110 0.096531
2.115 0.104310
2.120 0.111840
2.125 0.118700
2.130 0.125310
2.135 0.131990
2.140 0.139240
2.145 0.148020
2.150 0.157350
2.155 0.166690
2.160 0.175410
2.165 0.182500
2.170 0.188960
2.175 0.195310
2.180 0.201650
2.185 0.208020
2.190 0.214430
2.195 0.220940
2.200 0.228010
2.205 0.236520
2.210 0.245560
2.215 0.254620
2.220 0.263190
2.225 0.270440
2.230 0.277080
2.235 0.282990
2.240 0.285510
2.245 0.281090
2.250 0.280800
2.255 0.278790
2.260 0.274860
2.265 0.267990
2.270 0.259450
2.275 0.249730
2.280 0.237370
2.285 0.224680
2.290 0.211310
2.295 0.198340
2.300 0.185210
2.305 0.173020
2.310 0.163730
2.315 0.152620
2.320 0.142290
2.325 0.132690
2.330 0.123700
2.335 0.115890
2.340 0.108830
2.345 0.102870
2.350 0.099029
2.355 0.094104
2.360 0.091008
2.365 0.087932
2.370 0.085580
2.375 0.083115
2.380 0.081277
2.385 0.080006
2.390 0.078850
2.395 0.077718
2.400 0.077186
2.405 0.076077
2.410 0.075514
2.415 0.073997
2.420 0.073283
2.425 0.072039
2.430 0.070920
2.435 0.069560
2.440 0.068942
2.445 0.067585
2.450 0.066655
2.455 0.065728
2.460 0.064568
2.465 0.063071
2.470 0.062427
2.475 0.061144
2.480 0.059810
2.485 0.058948
2.490 0.058202
2.495 0.056639
2.500 0.056251
