0.350 0.047849
0.355 0.052634
0.360 0.057419
0.365 0.062204
0.370 0.066989
0.375 0.071774
0.380 0.076559
0.385 0.081344
0.390 0.086129
0.395 0.090914
0.400 0.095699
0.405 0.095686
0.410 0.095575
0.415 0.095569
0.420 0.095746
0.425 0.096170
0.430 0.096380
0.435 0.096597
0.440 0.096678
0.445 0.096790
0.450 0.097002
0.455 0.097247
0.460 0.097410
0.465 0.097497
0.470 0.097554
0.475 0.097609
0.480 0.097650
0.485 0.097712
0.490 0.097968
0.495 0.098466
0.500 0.099400
0.505 0.101090
0.510 0.104190
0.515 0.109670
0.520 0.118740
0.525 0.131250
0.530 0.144470
0.535 0.155400
0.540 0.163040
0.545 0.168430
0.550 0.172940
0.555 0.175630
0.560 0.174070
0.565 0.168330
0.570 0.159780
0.575 0.149870
0.580 0.141500
0.585 0.135570
0.590 0.131420
0.595 0.128750
0.600 0.127080
0.605 0.125020
0.610 0.121900
0.615 0.118230
0.620 0.115090
0.625 0.113190
0.630 0.112290
0.635 0.111700
0.640 0.110230
0.645 0.107620
0.650 0.105030
0.655 0.103130
0.660 0.101230
0.665 0.099237
0.670 0.097958
0.675 0.097637
0.680 0.098097
0.685 0.099551
0.690 0.103820
0.695 0.117070
0.700 0.149040
0.705 0.200530
0.710 0.263040
0.715 0.330980
0.720 0.402240
0.725 0.475180
0.730 0.546210
0.735 0.611340
0.740 0.668080
0.745 0.715110
0.750 0.751940
0.755 0.778950
0.760 0.797540
0.765 0.809940
0.770 0.818180
0.775 0.823750
0.780 0.827660
0.785 0.830570
0.790 0.832960
0.795 0.834970
0.800 0.836740
0.805 0.838350
0.810 0.839830
0.815 0.841300
0.820 0.842800
0.825 0.844400
0.830 0.845830
0.835 0.847140
0.840 0.848920
0.845 0.850900
0.850 0.852890
0.855 0.854850
0.860 0.856710
0.865 0.858290
0.870 0.859630
0.875 0.860770
0.880 0.861670
0.885 0.862400
0.890 0.862840
0.895 0.863030
0.900 0.863090
0.905 0.863080
0.910 0.862970
0.915 0.862690
0.920 0.862390
0.925 0.861680
0.930 0.860510
0.935 0.859080
0.940 0.856990
0.945 0.854010
0.950 0.849580
0.955 0.843690
0.960 0.835740
0.965 0.828950
0.970 0.825050
0.975 0.823120
0.980 0.822440
0.985 0.822630
0.990 0.823700
0.995 0.826060
1.000 0.829400
1.005 0.835230
1.010 0.839030
1.015 0.841210
1.020 0.844340
1.025 0.848100
1.030 0.851360
1.035 0.854530
1.040 0.857570
1.045 0.859980
1.050 0.862520
1.055 0.864370
1.060 0.865900
1.065 0.867260
1.070 0.868100
1.075 0.868770
1.080 0.868670
1.085 0.868390
1.090 0.867670
1.095 0.866250
1.100 0.864920
1.105 0.863050
1.110 0.860530
1.115 0.857910
1.120 0.853920
1.125 0.848090
1.130 0.839090
1.135 0.825560
1.140 0.808060
1.145 0.788880
1.150 0.770860
1.155 0.757110
1.160 0.747700
1.165 0.741920
1.170 0.738620
1.175 0.736140
1.180 0.733460
1.185 0.730900
1.190 0.728510
1.195 0.727220
1.200 0.726670
1.205 0.726990
1.210 0.728300
1.215 0.730970
1.220 0.735150
1.225 0.740030
1.230 0.745020
1.235 0.749150
1.240 0.752700
1.245 0.755840
1.250 0.758390
1.255 0.760230
1.260 0.761630
1.265 0.762180
1.270 0.762050
1.275 0.761460
1.280 0.760210
1.285 0.758100
1.290 0.755000
1.295 0.750910
1.300 0.745500
1.305 0.738650
1.310 0.730420
1.315 0.720470
1.320 0.708830
1.325 0.695570
1.330 0.681040
1.335 0.666040
1.340 0.651030
1.345 0.636760
1.350 0.623790
1.355 0.611780
1.360 0.599910
1.365 0.586250
1.370 0.569340
1.375 0.547270
1.380 0.517860
1.385 0.480180
1.390 0.436750
1.395 0.392170
1.400 0.350800
1.405 0.316170
1.410 0.289540
1.415 0.270450
1.420 0.257530
1.425 0.249080
1.430 0.243890
1.435 0.241070
1.440 0.239990
1.445 0.240120
1.450 0.240980
1.455 0.242370
1.460 0.244510
1.465 0.247980
1.470 0.253040
1.475 0.259520
1.480 0.267150
1.485 0.275340
1.490 0.283900
1.495 0.292800
1.500 0.301840
1.505 0.311000
1.510 0.320070
1.515 0.329100
1.520 0.337970
1.525 0.346640
1.530 0.355030
1.535 0.363230
1.540 0.371050
1.545 0.378650
1.550 0.385970
1.555 0.393030
1.560 0.399690
1.565 0.406050
1.570 0.412080
1.575 0.417920
1.580 0.423670
1.585 0.429250
1.590 0.434630
1.595 0.439860
1.600 0.444930
1.605 0.449730
1.610 0.454350
1.615 0.458600
1.620 0.462440
1.625 0.466020
1.630 0.469230
1.635 0.472130
1.640 0.474410
1.645 0.476140
1.650 0.477000
1.655 0.476810
1.660 0.475940
1.665 0.474770
1.670 0.473490
1.675 0.471880
1.680 0.469730
1.685 0.466760
1.690 0.462950
1.695 0.458990
1.700 0.454710
1.705 0.449930
1.710 0.444890
1.715 0.439860
1.720 0.434780
1.725 0.429730
1.730 0.425980
1.735 0.424080
1.740 0.422620
1.745 0.420210
1.750 0.416210
1.755 0.411890
1.760 0.407700
1.765 0.404280
1.770 0.401890
1.775 0.400160
1.780 0.398520
1.785 0.397300
1.790 0.396610
1.795 0.396400
1.800 0.396480
1.805 0.396160
1.810 0.396760
1.815 0.397100
1.820 0.397320
1.825 0.397060
1.830 0.396080
1.835 0.394390
1.840 0.390850
1.845 0.385250
1.850 0.376580
1.855 0.364240
1.860 0.347020
1.865 0.324870
1.870 0.296500
1.875 0.262680
1.880 0.226770
1.885 0.192110
1.890 0.161910
1.895 0.138840
1.900 0.123550
1.905 0.114330
1.910 0.109170
1.915 0.106490
1.920 0.105170
1.925 0.104720
1.930 0.104870
1.935 0.105520
1.940 0.106590
1.945 0.108080
1.950 0.109840
1.955 0.111980
1.960 0.114410
1.965 0.117080
1.970 0.120010
1.975 0.123400
1.980 0.126980
1.985 0.130850
1.990 0.134910
1.995 0.139060
2.000 0.143250
2.005 0.147510
2.010 0.151770
2.015 0.155950
2.020 0.159890
2.025 0.163800
2.030 0.167310
2.035 0.170550
2.040 0.173550
2.045 0.176310
2.050 0.179040
2.055 0.181660
2.060 0.184530
2.065 0.187590
2.070 0.190740
2.075 0.193870
2.080 0.196890
2.085 0.199780
2.090 0.202480
2.095 0.205180
2.100 0.207850
2.105 0.210350
2.110 0.212750
2.115 0.215020
2.120 0.217120
2.125 0.218940
2.130 0.220640
2.135 0.222150
2.140 0.223680
2.145 0.225420
2.150 0.227160
2.155 0.229000
2.160 0.230850
2.165 0.232670
2.170 0.234580
2.175 0.236550
2.180 0.238690
2.185 0.240880
2.190 0.243170
2.195 0.245490
2.200 0.247430
2.205 0.249030
2.210 0.250450
2.215 0.251180
2.220 0.251270
2.225 0.250860
2.230 0.249560
2.235 0.247150
2.240 0.244010
2.245 0.240180
2.250 0.236040
2.255 0.231390
2.260 0.226740
2.265 0.222340
2.270 0.218130
2.275 0.214460
2.280 0.211010
2.285 0.207720
2.290 0.204120
2.295 0.200220
2.300 0.196190
2.305 0.192350
2.310 0.189590
2.315 0.188300
2.320 0.188350
2.325 0.187510
2.330 0.185550
2.335 0.182790
2.340 0.179450
2.345 0.176220
2.350 0.173510
2.355 0.171770
2.360 0.170300
2.365 0.168470
2.370 0.166170
2.375 0.164090
2.380 0.161550
2.385 0.158780
2.390 0.156610
2.395 0.154280
2.400 0.151680
2.405 0.149240
2.410 0.146850
2.415 0.144230
2.420 0.141600
2.425 0.139000
2.430 0.136770
2.435 0.134090
2.440 0.131270
2.445 0.129660
2.450 0.127430
2.455 0.125200
2.460 0.123200
2.465 0.121130
2.470 0.119930
2.475 0.119180
2.480 0.117710
2.485 0.117450
2.490 0.116510
2.495 0.118170
2.500 0.116060
