0.350 0.016081
0.355 0.017689
0.360 0.019297
0.365 0.020905
0.370 0.022513
0.375 0.024121
0.380 0.025729
0.385 0.027337
0.390 0.028945
0.395 0.030553
0.400 0.032161
0.405 0.034141
0.410 0.030331
0.415 0.031507
0.420 0.032021
0.425 0.031401
0.430 0.031526
0.435 0.032228
0.440 0.033161
0.445 0.033620
0.450 0.034026
0.455 0.034219
0.460 0.035106
0.465 0.035881
0.470 0.035547
0.475 0.035366
0.480 0.035332
0.485 0.036239
0.490 0.037233
0.495 0.038806
0.500 0.042745
0.505 0.048226
0.510 0.057007
0.515 0.070241
0.520 0.087643
0.525 0.107270
0.530 0.124700
0.535 0.137140
0.540 0.143990
0.545 0.148050
0.550 0.151070
0.555 0.151840
0.560 0.148410
0.565 0.140230
0.570 0.128850
0.575 0.116630
0.580 0.107020
0.585 0.100030
0.590 0.094567
0.595 0.091048
0.600 0.089213
0.605 0.087622
0.610 0.083098
0.615 0.077209
0.620 0.072863
0.625 0.070664
0.630 0.069571
0.635 0.067869
0.640 0.062930
0.645 0.056505
0.650 0.051121
0.655 0.048376
0.660 0.045021
0.665 0.041325
0.670 0.039268
0.675 0.039487
0.680 0.041541
0.685 0.047079
0.690 0.061192
0.695 0.094147
0.700 0.147900
0.705 0.218530
0.710 0.298930
0.715 0.386000
0.720 0.473690
0.725 0.554010
0.730 0.620160
0.735 0.669860
0.740 0.705750
0.745 0.730090
0.750 0.746100
0.755 0.756370
0.760 0.762780
0.765 0.766720
0.770 0.769410
0.775 0.771660
0.780 0.773540
0.785 0.775180
0.790 0.776980
0.795 0.778570
0.800 0.780120
0.805 0.781540
0.810 0.783150
0.815 0.785070
0.820 0.786450
0.825 0.788160
0.830 0.789580
0.835 0.791090
0.840 0.792650
0.845 0.794770
0.850 0.796630
0.855 0.798460
0.860 0.799700
0.865 0.801210
0.870 0.802290
0.875 0.803300
0.880 0.804200
0.885 0.804560
0.890 0.805080
0.895 0.805360
0.900 0.805710
0.905 0.806020
0.910 0.806100
0.915 0.805950
0.920 0.805400
0.925 0.803870
0.930 0.801070
0.935 0.797550
0.940 0.793390
0.945 0.788010
0.950 0.779900
0.955 0.769720
0.960 0.761200
0.965 0.756370
0.970 0.755050
0.975 0.754770
0.980 0.755790
0.985 0.758050
0.990 0.761060
0.995 0.765090
1.000 0.769170
1.005 0.779020
1.010 0.782960
1.015 0.787880
1.020 0.792650
1.025 0.796590
1.030 0.802230
1.035 0.805770
1.040 0.809710
1.045 0.814290
1.050 0.816340
1.055 0.818440
1.060 0.820420
1.065 0.822610
1.070 0.823720
1.075 0.824400
1.080 0.825960
1.085 0.824030
1.090 0.823040
1.095 0.821420
1.100 0.820130
1.105 0.818220
1.110 0.814230
1.115 0.811810
1.120 0.805740
1.125 0.799610
1.130 0.788080
1.135 0.771900
1.140 0.750200
1.145 0.727000
1.150 0.708190
1.155 0.693370
1.160 0.685880
1.165 0.681360
1.170 0.679390
1.175 0.678740
1.180 0.677240
1.185 0.675980
1.190 0.674620
1.195 0.674990
1.200 0.676560
1.205 0.677360
1.210 0.679800
1.215 0.682770
1.220 0.685850
1.225 0.689670
1.230 0.692940
1.235 0.696160
1.240 0.699330
1.245 0.702200
1.250 0.705040
1.255 0.706710
1.260 0.708470
1.265 0.708710
1.270 0.708560
1.275 0.707780
1.280 0.705370
1.285 0.701240
1.290 0.697300
1.295 0.690760
1.300 0.682940
1.305 0.673420
1.310 0.661780
1.315 0.647770
1.320 0.632410
1.325 0.614940
1.330 0.596150
1.335 0.577320
1.340 0.559940
1.345 0.543570
1.350 0.528240
1.355 0.513410
1.360 0.497890
1.365 0.479990
1.370 0.456280
1.375 0.426060
1.380 0.386290
1.385 0.339690
1.390 0.291640
1.395 0.247980
1.400 0.211570
1.405 0.184540
1.410 0.165720
1.415 0.153050
1.420 0.145220
1.425 0.139590
1.430 0.136630
1.435 0.134830
1.440 0.134530
1.445 0.134770
1.450 0.135560
1.455 0.136830
1.460 0.139360
1.465 0.143050
1.470 0.148000
1.475 0.154200
1.480 0.161090
1.485 0.168860
1.490 0.176920
1.495 0.185480
1.500 0.194110
1.505 0.203150
1.510 0.212400
1.515 0.221720
1.520 0.230810
1.525 0.239580
1.530 0.248380
1.535 0.257150
1.540 0.266080
1.545 0.274450
1.550 0.282460
1.555 0.290510
1.560 0.298550
1.565 0.305480
1.570 0.312590
1.575 0.319470
1.580 0.326180
1.585 0.332630
1.590 0.338570
1.595 0.345080
1.600 0.350710
1.605 0.356300
1.610 0.361580
1.615 0.366680
1.620 0.371230
1.625 0.375410
1.630 0.379640
1.635 0.383610
1.640 0.386760
1.645 0.388830
1.650 0.390920
1.655 0.392060
1.660 0.392220
1.665 0.392720
1.670 0.393210
1.675 0.392820
1.680 0.391710
1.685 0.390890
1.690 0.389130
1.695 0.386800
1.700 0.384420
1.705 0.380670
1.710 0.377280
1.715 0.372400
1.720 0.368340
1.725 0.363070
1.730 0.358280
1.735 0.353150
1.740 0.347980
1.745 0.342420
1.750 0.336260
1.755 0.329320
1.760 0.322800
1.765 0.317480
1.770 0.312140
1.775 0.308400
1.780 0.305590
1.785 0.302970
1.790 0.301550
1.795 0.301060
1.800 0.300500
1.805 0.295040
1.810 0.294910
1.815 0.294470
1.820 0.293630
1.825 0.292290
1.830 0.289780
1.835 0.285720
1.840 0.279680
1.845 0.270910
1.850 0.258640
1.855 0.242270
1.860 0.221460
1.865 0.196510
1.870 0.167430
1.875 0.136860
1.880 0.108430
1.885 0.083961
1.890 0.064984
1.895 0.051706
1.900 0.043585
1.905 0.038988
1.910 0.036442
1.915 0.035210
1.920 0.034501
1.925 0.034359
1.930 0.034687
1.935 0.035285
1.940 0.036066
1.945 0.037013
1.950 0.038332
1.955 0.039860
1.960 0.041496
1.965 0.043381
1.970 0.045485
1.975 0.047776
1.980 0.050131
1.985 0.052811
1.990 0.055621
1.995 0.058506
2.000 0.061571
2.005 0.064701
2.010 0.067841
2.015 0.070973
2.020 0.074077
2.025 0.077303
2.030 0.080247
2.035 0.083245
2.040 0.086205
2.045 0.089052
2.050 0.091961
2.055 0.094873
2.060 0.097834
2.065 0.100820
2.070 0.103780
2.075 0.106790
2.080 0.109590
2.085 0.112660
2.090 0.115530
2.095 0.118510
2.100 0.121320
2.105 0.124170
2.110 0.126960
2.115 0.129790
2.120 0.132390
2.125 0.135030
2.130 0.137440
2.135 0.139820
2.140 0.142020
2.145 0.144180
2.150 0.146260
2.155 0.148240
2.160 0.150020
2.165 0.151680
2.170 0.153270
2.175 0.154870
2.180 0.156460
2.185 0.157990
2.190 0.159250
2.195 0.160560
2.200 0.161730
2.205 0.162210
2.210 0.162630
2.215 0.162830
2.220 0.162410
2.225 0.161720
2.230 0.160670
2.235 0.158970
2.240 0.156930
2.245 0.154170
2.250 0.151540
2.255 0.148400
2.260 0.145130
2.265 0.142080
2.270 0.138900
2.275 0.136330
2.280 0.133920
2.285 0.131340
2.290 0.128420
2.295 0.125260
2.300 0.122420
2.305 0.119190
2.310 0.116620
2.315 0.114270
2.320 0.112060
2.325 0.109660
2.330 0.107010
2.335 0.104450
2.340 0.101890
2.345 0.098893
2.350 0.096377
2.355 0.094008
2.360 0.091496
2.365 0.088853
2.370 0.086500
2.375 0.083956
2.380 0.081665
2.385 0.078997
2.390 0.076571
2.395 0.074187
2.400 0.071943
2.405 0.069440
2.410 0.067002
2.415 0.065233
2.420 0.062059
2.425 0.060765
2.430 0.057800
2.435 0.056064
2.440 0.053867
2.445 0.051937
2.450 0.049626
2.455 0.047445
2.460 0.046887
2.465 0.044180
2.470 0.043156
2.475 0.041877
2.480 0.041797
2.485 0.038651
2.490 0.037965
2.495 0.038880
2.500 0.038124
