0.350 0.020043
0.355 0.022047
0.360 0.024052
0.365 0.026056
0.370 0.028060
0.375 0.030065
0.380 0.032069
0.385 0.034073
0.390 0.036077
0.395 0.038082
0.400 0.040086
0.405 0.041772
0.410 0.046356
0.415 0.049349
0.420 0.051846
0.425 0.056152
0.430 0.062276
0.435 0.068322
0.440 0.073733
0.445 0.076395
0.450 0.081940
0.455 0.082877
0.460 0.086700
0.465 0.092288
0.470 0.092047
0.475 0.093441
0.480 0.101860
0.485 0.102430
0.490 0.106260
0.495 0.111210
0.500 0.111680
0.505 0.113430
0.510 0.122280
0.515 0.126240
0.520 0.130040
0.525 0.132370
0.530 0.134970
0.535 0.140260
0.540 0.143440
0.545 0.147290
0.550 0.152210
0.555 0.157050
0.560 0.159750
0.565 0.170200
0.570 0.168770
0.575 0.175940
0.580 0.181500
0.585 0.184490
0.590 0.183740
0.595 0.184910
0.600 0.188590
0.605 0.192400
0.610 0.194540
0.615 0.199600
0.620 0.207510
0.625 0.208340
0.630 0.209650
0.635 0.219390
0.640 0.217980
0.645 0.219080
0.650 0.226980
0.655 0.229500
0.660 0.233370
0.665 0.235290
0.670 0.240580
0.675 0.242280
0.680 0.249110
0.685 0.255730
0.690 0.257300
0.695 0.260010
0.700 0.266470
0.705 0.269010
0.710 0.275080
0.715 0.277870
0.720 0.284640
0.725 0.286350
0.730 0.289570
0.735 0.293480
0.740 0.298500
0.745 0.302850
0.750 0.303870
0.755 0.311270
0.760 0.311080
0.765 0.316880
0.770 0.322470
0.775 0.322860
0.780 0.325660
0.785 0.332400
0.790 0.329380
0.795 0.335520
0.800 0.344140
0.805 0.342080
0.810 0.351650
0.815 0.349420
0.820 0.354520
0.825 0.356810
0.830 0.358610
0.835 0.362110
0.840 0.361090
0.845 0.366180
0.850 0.367150
0.855 0.367470
0.860 0.369310
0.865 0.371390
0.870 0.371890
0.875 0.375850
0.880 0.376770
0.885 0.380510
0.890 0.380720
0.895 0.383400
0.900 0.387790
0.905 0.390180
0.910 0.390440
0.915 0.390950
0.920 0.394540
0.925 0.395130
0.930 0.397370
0.935 0.399230
0.940 0.401270
0.945 0.404330
0.950 0.405200
0.955 0.408160
0.960 0.409400
0.965 0.410380
0.970 0.412190
0.975 0.412490
0.980 0.412860
0.985 0.414260
0.990 0.418690
0.995 0.419630
1.000 0.423510
1.005 0.425050
1.010 0.426070
1.015 0.431600
1.020 0.430210
1.025 0.429100
1.030 0.431180
1.035 0.432660
1.040 0.437030
1.045 0.438020
1.050 0.441480
1.055 0.443050
1.060 0.443260
1.065 0.442030
1.070 0.445340
1.075 0.446280
1.080 0.447790
1.085 0.454380
1.090 0.454520
1.095 0.453000
1.100 0.454490
1.105 0.458100
1.110 0.460180
1.115 0.461160
1.120 0.456120
1.125 0.463250
1.130 0.461820
1.135 0.458590
1.140 0.462610
1.145 0.462440
1.150 0.462900
1.155 0.462710
1.160 0.467470
1.165 0.466600
1.170 0.467520
1.175 0.471380
1.180 0.473260
1.185 0.473540
1.190 0.475070
1.195 0.476600
1.200 0.477130
1.205 0.478120
1.210 0.482980
1.215 0.486910
1.220 0.483930
1.225 0.484790
1.230 0.483360
1.235 0.486300
1.240 0.487470
1.245 0.490510
1.250 0.493820
1.255 0.498570
1.260 0.498120
1.265 0.497100
1.270 0.497630
1.275 0.498620
1.280 0.501600
1.285 0.499830
1.290 0.499590
1.295 0.499320
1.300 0.502930
1.305 0.503700
1.310 0.504510
1.315 0.504470
1.320 0.503900
1.325 0.504590
1.330 0.509600
1.335 0.508390
1.340 0.504330
1.345 0.508810
1.350 0.508280
1.355 0.508460
1.360 0.510800
1.365 0.509770
1.370 0.509940
1.375 0.508610
1.380 0.506550
1.385 0.504330
1.390 0.500020
1.395 0.495920
1.400 0.487570
1.405 0.487760
1.410 0.486340
1.415 0.489550
1.420 0.493900
1.425 0.495660
1.430 0.495850
1.435 0.497570
1.440 0.499150
1.445 0.500580
1.450 0.498750
1.455 0.501070
1.460 0.507130
1.465 0.507700
1.470 0.508040
1.475 0.510360
1.480 0.515350
1.485 0.514920
1.490 0.517200
1.495 0.519020
1.500 0.507180
1.505 0.509880
1.510 0.513540
1.515 0.518330
1.520 0.515360
1.525 0.520030
1.530 0.527290
1.535 0.524830
1.540 0.526340
1.545 0.527430
1.550 0.527350
1.555 0.526500
1.560 0.528760
1.565 0.529100
1.570 0.529600
1.575 0.528250
1.580 0.529280
1.585 0.527340
1.590 0.527720
1.595 0.526300
1.600 0.524190
1.605 0.528970
1.610 0.527680
1.615 0.524680
1.620 0.527970
1.625 0.528900
1.630 0.532620
1.635 0.532350
1.640 0.535130
1.645 0.531450
1.650 0.529930
1.655 0.532210
1.660 0.533760
1.665 0.531220
1.670 0.529980
1.675 0.533070
1.680 0.533910
1.685 0.534540
1.690 0.538210
1.695 0.536170
1.700 0.535570
1.705 0.537720
1.710 0.536950
1.715 0.535710
1.720 0.536130
1.725 0.536490
1.730 0.536800
1.735 0.537580
1.740 0.535460
1.745 0.536010
1.750 0.537070
1.755 0.536360
1.760 0.535060
1.765 0.536140
1.770 0.537760
1.775 0.537620
1.780 0.539110
1.785 0.535410
1.790 0.535360
1.795 0.536960
1.800 0.538290
1.805 0.535980
1.810 0.538590
1.815 0.539730
1.820 0.540060
1.825 0.540940
1.830 0.539490
1.835 0.540220
1.840 0.539420
1.845 0.539410
1.850 0.537480
1.855 0.537090
1.860 0.535220
1.865 0.532960
1.870 0.525660
1.875 0.518990
1.880 0.509520
1.885 0.499530
1.890 0.488140
1.895 0.470530
1.900 0.457430
1.905 0.454090
1.910 0.454020
1.915 0.448620
1.920 0.445960
1.925 0.449850
1.930 0.453920
1.935 0.457690
1.940 0.463120
1.945 0.464170
1.950 0.465920
1.955 0.468210
1.960 0.472300
1.965 0.474280
1.970 0.476290
1.975 0.481230
1.980 0.485190
1.985 0.488540
1.990 0.491520
1.995 0.494320
2.000 0.494760
2.005 0.496680
2.010 0.501570
2.015 0.501470
2.020 0.502360
2.025 0.502030
2.030 0.501100
2.035 0.502560
2.040 0.504680
2.045 0.508030
2.050 0.506900
2.055 0.508540
2.060 0.510750
2.065 0.512200
2.070 0.512060
2.075 0.510670
2.080 0.509080
2.085 0.514000
2.090 0.512960
2.095 0.512560
2.100 0.511460
2.105 0.510960
2.110 0.511030
2.115 0.511600
2.120 0.510060
2.125 0.511150
2.130 0.509080
2.135 0.509900
2.140 0.511160
2.145 0.509030
2.150 0.507820
2.155 0.508520
2.160 0.504530
2.165 0.504360
2.170 0.505580
2.175 0.506030
2.180 0.502480
2.185 0.499440
2.190 0.498590
2.195 0.496450
2.200 0.494870
2.205 0.492490
2.210 0.492470
2.215 0.497050
2.220 0.499870
2.225 0.502030
2.230 0.503770
2.235 0.503010
2.240 0.501370
2.245 0.500830
2.250 0.499570
2.255 0.498210
2.260 0.497220
2.265 0.495050
2.270 0.496260
2.275 0.494350
2.280 0.493760
2.285 0.491840
2.290 0.490950
2.295 0.488880
2.300 0.489810
2.305 0.487620
2.310 0.486170
2.315 0.488030
2.320 0.486450
2.325 0.486410
2.330 0.483550
2.335 0.480370
2.340 0.479530
2.345 0.478410
2.350 0.477310
2.355 0.477860
2.360 0.477980
2.365 0.477070
2.370 0.475770
2.375 0.475300
2.380 0.472950
2.385 0.472360
2.390 0.471700
2.395 0.471300
2.400 0.469610
2.405 0.468070
2.410 0.467930
2.415 0.465560
2.420 0.463130
2.425 0.460230
2.430 0.458040
2.435 0.454580
2.440 0.452110
2.445 0.451610
2.450 0.448750
2.455 0.445830
2.460 0.443780
2.465 0.441480
2.470 0.440610
2.475 0.438170
2.480 0.436020
2.485 0.435650
2.490 0.434000
2.495 0.432100
2.500 0.431330
