0.350 0.021025
0.355 0.023128
0.360 0.025231
0.365 0.027333
0.370 0.029436
0.375 0.031538
0.380 0.033641
0.385 0.035743
0.390 0.037846
0.395 0.039948
0.400 0.042051
0.405 0.042784
0.410 0.042206
0.415 0.039588
0.420 0.040820
0.425 0.040319
0.430 0.040104
0.435 0.039178
0.440 0.039828
0.445 0.040624
0.450 0.040116
0.455 0.040739
0.460 0.040620
0.465 0.040182
0.470 0.039956
0.475 0.040110
0.480 0.040679
0.485 0.040698
0.490 0.040444
0.495 0.041501
0.500 0.043341
0.505 0.046778
0.510 0.052928
0.515 0.063596
0.520 0.079314
0.525 0.097760
0.530 0.114890
0.535 0.126500
0.540 0.132990
0.545 0.136180
0.550 0.138860
0.555 0.139670
0.560 0.135500
0.565 0.126240
0.570 0.113750
0.575 0.101260
0.580 0.091796
0.585 0.085318
0.590 0.080248
0.595 0.077219
0.600 0.075409
0.605 0.073614
0.610 0.069906
0.615 0.065689
0.620 0.062074
0.625 0.060376
0.630 0.059389
0.635 0.057951
0.640 0.054469
0.645 0.050110
0.650 0.047076
0.655 0.045846
0.660 0.044714
0.665 0.043582
0.670 0.043882
0.675 0.045696
0.680 0.048758
0.685 0.053337
0.690 0.062415
0.695 0.089177
0.700 0.140410
0.705 0.210910
0.710 0.291840
0.715 0.382300
0.720 0.478260
0.725 0.573170
0.730 0.658580
0.735 0.728910
0.740 0.782420
0.745 0.819660
0.750 0.843330
0.755 0.857120
0.760 0.865200
0.765 0.869440
0.770 0.871180
0.775 0.872230
0.780 0.873230
0.785 0.874190
0.790 0.875070
0.795 0.876330
0.800 0.877530
0.805 0.878680
0.810 0.879850
0.815 0.880990
0.820 0.881590
0.825 0.882690
0.830 0.883260
0.835 0.883560
0.840 0.884270
0.845 0.885280
0.850 0.885870
0.855 0.886600
0.860 0.887250
0.865 0.887580
0.870 0.888130
0.875 0.888680
0.880 0.888940
0.885 0.889280
0.890 0.889240
0.895 0.889750
0.900 0.889910
0.905 0.890180
0.910 0.890210
0.915 0.890310
0.920 0.889660
0.925 0.888590
0.930 0.886640
0.935 0.883980
0.940 0.880840
0.945 0.876820
0.950 0.870740
0.955 0.863060
0.960 0.856260
0.965 0.852760
0.970 0.852640
0.975 0.852900
0.980 0.854640
0.985 0.856570
0.990 0.860000
0.995 0.863830
1.000 0.867810
1.005 0.864230
1.010 0.868240
1.015 0.872540
1.020 0.876670
1.025 0.881720
1.030 0.885200
1.035 0.889120
1.040 0.892020
1.045 0.893720
1.050 0.895670
1.055 0.898990
1.060 0.899760
1.065 0.900680
1.070 0.902880
1.075 0.902290
1.080 0.902980
1.085 0.903010
1.090 0.901750
1.095 0.900230
1.100 0.899070
1.105 0.895840
1.110 0.894390
1.115 0.891610
1.120 0.888870
1.125 0.883580
1.130 0.874700
1.135 0.861680
1.140 0.844530
1.145 0.827150
1.150 0.810870
1.155 0.800180
1.160 0.792720
1.165 0.790830
1.170 0.790430
1.175 0.789910
1.180 0.789350
1.185 0.788750
1.190 0.788840
1.195 0.788420
1.200 0.790050
1.205 0.791660
1.210 0.793380
1.215 0.795960
1.220 0.799580
1.225 0.802750
1.230 0.805260
1.235 0.807870
1.240 0.810390
1.245 0.812520
1.250 0.813480
1.255 0.815600
1.260 0.816390
1.265 0.815880
1.270 0.815890
1.275 0.815050
1.280 0.812780
1.285 0.810300
1.290 0.806260
1.295 0.800280
1.300 0.793380
1.305 0.784490
1.310 0.773830
1.315 0.762080
1.320 0.746800
1.325 0.730680
1.330 0.714120
1.335 0.696810
1.340 0.679400
1.345 0.662820
1.350 0.645890
1.355 0.629850
1.360 0.612980
1.365 0.593480
1.370 0.567640
1.375 0.531370
1.380 0.483330
1.385 0.426550
1.390 0.365110
1.395 0.309040
1.400 0.261780
1.405 0.226690
1.410 0.202360
1.415 0.186860
1.420 0.176990
1.425 0.170990
1.430 0.167560
1.435 0.165640
1.440 0.165770
1.445 0.166110
1.450 0.167440
1.455 0.169610
1.460 0.173040
1.465 0.178470
1.470 0.185700
1.475 0.194660
1.480 0.204550
1.485 0.215680
1.490 0.227130
1.495 0.239510
1.500 0.251940
1.505 0.264980
1.510 0.278110
1.515 0.291630
1.520 0.304810
1.525 0.318370
1.530 0.331190
1.535 0.343900
1.540 0.356490
1.545 0.368690
1.550 0.380530
1.555 0.391630
1.560 0.402950
1.565 0.413370
1.570 0.423160
1.575 0.432400
1.580 0.441680
1.585 0.450600
1.590 0.458450
1.595 0.466590
1.600 0.474150
1.605 0.480800
1.610 0.487290
1.615 0.493400
1.620 0.498620
1.625 0.503500
1.630 0.508560
1.635 0.512270
1.640 0.516630
1.645 0.519300
1.650 0.521780
1.655 0.522780
1.660 0.523890
1.665 0.524640
1.670 0.524710
1.675 0.524620
1.680 0.524440
1.685 0.522950
1.690 0.520400
1.695 0.517550
1.700 0.513370
1.705 0.508760
1.710 0.504520
1.715 0.499060
1.720 0.493790
1.725 0.487840
1.730 0.482630
1.735 0.476680
1.740 0.470020
1.745 0.462150
1.750 0.453990
1.755 0.445040
1.760 0.436920
1.765 0.429610
1.770 0.422570
1.775 0.417220
1.780 0.412470
1.785 0.409290
1.790 0.407420
1.795 0.406010
1.800 0.405680
1.805 0.403680
1.810 0.403240
1.815 0.401900
1.820 0.400180
1.825 0.397280
1.830 0.392830
1.835 0.386410
1.840 0.377330
1.845 0.364850
1.850 0.347620
1.855 0.324360
1.860 0.294080
1.865 0.257380
1.870 0.215490
1.875 0.172650
1.880 0.133670
1.885 0.100790
1.890 0.076277
1.895 0.060107
1.900 0.050779
1.905 0.045644
1.910 0.043006
1.915 0.041665
1.920 0.041216
1.925 0.041223
1.930 0.041569
1.935 0.042258
1.940 0.043238
1.945 0.044445
1.950 0.046015
1.955 0.047736
1.960 0.049714
1.965 0.051933
1.970 0.054493
1.975 0.057287
1.980 0.060321
1.985 0.063572
1.990 0.067182
1.995 0.070961
2.000 0.074889
2.005 0.079079
2.010 0.083259
2.015 0.087597
2.020 0.092105
2.025 0.096580
2.030 0.101140
2.035 0.105610
2.040 0.110180
2.045 0.114630
2.050 0.119280
2.055 0.123850
2.060 0.128640
2.065 0.133610
2.070 0.138610
2.075 0.143600
2.080 0.148420
2.085 0.153340
2.090 0.158220
2.095 0.163030
2.100 0.167770
2.105 0.172370
2.110 0.176780
2.115 0.181110
2.120 0.185030
2.125 0.188940
2.130 0.192360
2.135 0.195690
2.140 0.199000
2.145 0.201990
2.150 0.205210
2.155 0.208080
2.160 0.210720
2.165 0.213300
2.170 0.215750
2.175 0.217900
2.180 0.220010
2.185 0.222050
2.190 0.224040
2.195 0.225740
2.200 0.227180
2.205 0.227940
2.210 0.228440
2.215 0.228590
2.220 0.228140
2.225 0.227030
2.230 0.225300
2.235 0.222910
2.240 0.219960
2.245 0.216840
2.250 0.213090
2.255 0.209380
2.260 0.205060
2.265 0.200970
2.270 0.196640
2.275 0.192430
2.280 0.188000
2.285 0.183430
2.290 0.178520
2.295 0.173640
2.300 0.168430
2.305 0.164330
2.310 0.160890
2.315 0.157540
2.320 0.154100
2.325 0.150140
2.330 0.145910
2.335 0.141630
2.340 0.137020
2.345 0.132590
2.350 0.128680
2.355 0.124850
2.360 0.121640
2.365 0.117600
2.370 0.114050
2.375 0.111030
2.380 0.107310
2.385 0.104180
2.390 0.100160
2.395 0.097132
2.400 0.093908
2.405 0.090939
2.410 0.087324
2.415 0.084418
2.420 0.081128
2.425 0.077995
2.430 0.075044
2.435 0.072297
2.440 0.069125
2.445 0.067030
2.450 0.064709
2.455 0.062696
2.460 0.061022
2.465 0.057416
2.470 0.055113
2.475 0.055106
2.480 0.052190
2.485 0.053492
2.490 0.049944
2.495 0.050420
2.500 0.051093
