0.350 0.013580
0.355 0.013831
0.360 0.014201
0.365 0.015640
0.370 0.015047
0.375 0.014749
0.380 0.014454
0.385 0.013989
0.390 0.014723
0.395 0.015654
0.400 0.016167
0.405 0.016931
0.410 0.017544
0.415 0.017828
0.420 0.018550
0.425 0.019096
0.430 0.019763
0.435 0.020569
0.440 0.021665
0.445 0.022706
0.450 0.023720
0.455 0.024747
0.460 0.025529
0.465 0.026310
0.470 0.027248
0.475 0.028148
0.480 0.029338
0.485 0.030395
0.490 0.031567
0.495 0.033441
0.500 0.035881
0.505 0.039287
0.510 0.043442
0.515 0.048044
0.520 0.053320
0.525 0.058696
0.530 0.064351
0.535 0.070089
0.540 0.076022
0.545 0.082368
0.550 0.088792
0.555 0.095587
0.560 0.102590
0.565 0.109730
0.570 0.116950
0.575 0.124030
0.580 0.131280
0.585 0.138550
0.590 0.145990
0.595 0.153410
0.600 0.160230
0.605 0.166540
0.610 0.171610
0.615 0.176010
0.620 0.180460
0.625 0.185630
0.630 0.191730
0.635 0.198680
0.640 0.205700
0.645 0.210900
0.650 0.212580
0.655 0.209380
0.660 0.198030
0.665 0.181020
0.670 0.165200
0.675 0.156640
0.680 0.156760
0.685 0.174270
0.690 0.216520
0.695 0.261580
0.700 0.292990
0.705 0.311700
0.710 0.321860
0.715 0.327210
0.720 0.329240
0.725 0.328410
0.730 0.324140
0.735 0.319630
0.740 0.318910
0.745 0.320320
0.750 0.321730
0.755 0.322750
0.760 0.322480
0.765 0.324230
0.770 0.326100
0.775 0.327600
0.780 0.329320
0.785 0.331240
0.790 0.333310
0.795 0.335310
0.800 0.336740
0.805 0.337790
0.810 0.337600
0.815 0.336360
0.820 0.332950
0.825 0.326040
0.830 0.315850
0.835 0.308210
0.840 0.303860
0.845 0.299770
0.850 0.296240
0.855 0.292570
0.860 0.289290
0.865 0.285860
0.870 0.281700
0.875 0.277630
0.880 0.273240
0.885 0.268670
0.890 0.264950
0.895 0.261150
0.900 0.257420
0.905 0.253630
0.910 0.248900
0.915 0.242400
0.920 0.234290
0.925 0.222900
0.930 0.207430
0.935 0.188650
0.940 0.164690
0.945 0.143790
0.950 0.124150
0.955 0.105600
0.960 0.095198
0.965 0.090006
0.970 0.086379
0.975 0.082528
0.980 0.082930
0.985 0.080304
0.990 0.081735
0.995 0.081524
1.000 0.079246
1.005 0.080373
1.010 0.081107
1.015 0.081205
1.020 0.084847
1.025 0.088908
1.030 0.093367
1.035 0.098199
1.040 0.102960
1.045 0.107640
1.050 0.112010
1.055 0.115860
1.060 0.119140
1.065 0.121340
1.070 0.122340
1.075 0.122490
1.080 0.121580
1.085 0.119660
1.090 0.116910
1.095 0.113530
1.100 0.109820
1.105 0.106290
1.110 0.103540
1.115 0.100910
1.120 0.096702
1.125 0.089667
1.130 0.080401
1.135 0.068838
1.140 0.057694
1.145 0.049584
1.150 0.042685
1.155 0.038792
1.160 0.036689
1.165 0.035579
1.170 0.034871
1.175 0.034341
1.180 0.033865
1.185 0.033301
1.190 0.032867
1.195 0.032562
1.200 0.032469
1.205 0.032525
1.210 0.032597
1.215 0.032771
1.220 0.032948
1.225 0.033195
1.230 0.033397
1.235 0.033772
1.240 0.034013
1.245 0.034473
1.250 0.034725
1.255 0.035096
1.260 0.035376
1.265 0.034342
1.270 0.035194
1.275 0.035134
1.280 0.034736
1.285 0.034093
1.290 0.033268
1.295 0.032221
1.300 0.031176
1.305 0.029873
1.310 0.028509
1.315 0.027009
1.320 0.025508
1.325 0.024155
1.330 0.022769
1.335 0.021544
1.340 0.020634
1.345 0.019866
1.350 0.019117
1.355 0.018367
1.360 0.017617
1.365 0.016868
1.370 0.016118
1.375 0.015368
1.380 0.014619
1.385 0.013869
1.390 0.013119
1.395 0.012370
1.400 0.011620
1.405 0.010870
1.410 0.010121
1.415 0.009371
1.420 0.008621
1.425 0.008132
1.430 0.007638
1.435 0.007506
1.440 0.006916
1.445 0.006788
1.450 0.006459
1.455 0.006180
1.460 0.006032
1.465 0.006127
1.470 0.006291
1.475 0.006147
1.480 0.006050
1.485 0.006028
1.490 0.006033
1.495 0.005962
1.500 0.005980
1.505 0.005960
1.510 0.005940
1.515 0.005920
1.520 0.005900
1.525 0.005880
1.530 0.005860
1.535 0.005841
1.540 0.005821
1.545 0.005801
1.550 0.005781
1.555 0.005761
1.560 0.005741
1.565 0.005721
1.570 0.005701
1.575 0.005681
1.580 0.005661
1.585 0.005641
1.590 0.005621
1.595 0.005601
1.600 0.005581
1.605 0.005561
1.610 0.005542
1.615 0.005522
1.620 0.005502
1.625 0.005482
1.630 0.005462
1.635 0.005442
1.640 0.005422
1.645 0.005402
1.650 0.005382
1.655 0.005362
1.660 0.005342
1.665 0.005322
1.670 0.005302
1.675 0.005282
1.680 0.005262
1.685 0.005243
1.690 0.005223
1.695 0.005203
1.700 0.005183
1.705 0.005163
1.710 0.005143
1.715 0.005123
1.720 0.005103
1.725 0.005083
1.730 0.005063
1.735 0.005043
1.740 0.005023
1.745 0.005003
1.750 0.004983
1.755 0.004963
1.760 0.004943
1.765 0.004924
1.770 0.004904
1.775 0.004884
1.780 0.004864
1.785 0.004844
1.790 0.004824
1.795 0.004804
1.800 0.004784
1.805 0.004764
1.810 0.004744
1.815 0.004724
1.820 0.004704
1.825 0.004684
1.830 0.004664
1.835 0.004644
1.840 0.004625
1.845 0.004605
1.850 0.004585
1.855 0.004565
1.860 0.004545
1.865 0.004525
1.870 0.004505
1.875 0.004485
1.880 0.004465
1.885 0.004445
1.890 0.004425
1.895 0.004405
1.900 0.004385
1.905 0.004365
1.910 0.004345
1.915 0.004326
1.920 0.004306
1.925 0.004286
1.930 0.004266
1.935 0.004246
1.940 0.004226
1.945 0.004206
1.950 0.004186
1.955 0.004166
1.960 0.004146
1.965 0.004126
1.970 0.004106
1.975 0.004086
1.980 0.004066
1.985 0.004046
1.990 0.004027
1.995 0.004007
2.000 0.003987
2.005 0.003967
2.010 0.003947
2.015 0.003927
2.020 0.003907
2.025 0.003887
2.030 0.003867
2.035 0.003847
2.040 0.003827
2.045 0.003807
2.050 0.003787
2.055 0.003767
2.060 0.003747
2.065 0.003728
2.070 0.003708
2.075 0.003688
2.080 0.003668
2.085 0.003648
2.090 0.003628
2.095 0.003608
2.100 0.003588
2.105 0.003568
2.110 0.003548
2.115 0.003528
2.120 0.003508
2.125 0.003488
2.130 0.003468
2.135 0.003448
2.140 0.003429
2.145 0.003409
2.150 0.003389
2.155 0.003369
2.160 0.003349
2.165 0.003329
2.170 0.003309
2.175 0.003289
2.180 0.003269
2.185 0.003249
2.190 0.003229
2.195 0.003209
2.200 0.003189
2.205 0.003169
2.210 0.003149
2.215 0.003130
2.220 0.003110
2.225 0.003090
2.230 0.003070
2.235 0.003050
2.240 0.003030
2.245 0.003010
2.250 0.002990
2.255 0.002970
2.260 0.002950
2.265 0.002930
2.270 0.002910
2.275 0.002890
2.280 0.002870
2.285 0.002850
2.290 0.002831
2.295 0.002811
2.300 0.002791
2.305 0.002771
2.310 0.002751
2.315 0.002731
2.320 0.002711
2.325 0.002691
2.330 0.002671
2.335 0.002651
2.340 0.002631
2.345 0.002611
2.350 0.002591
2.355 0.002571
2.360 0.002551
2.365 0.002532
2.370 0.002512
2.375 0.002492
2.380 0.002472
2.385 0.002452
2.390 0.002432
2.395 0.002412
2.400 0.002392
2.405 0.002372
2.410 0.002352
2.415 0.002332
2.420 0.002312
2.425 0.002292
2.430 0.002272
2.435 0.002252
2.440 0.002233
2.445 0.002213
2.450 0.002193
2.455 0.002173
2.460 0.002153
2.465 0.002133
2.470 0.002113
2.475 0.002093
2.480 0.002073
2.485 0.002053
2.490 0.002033
2.495 0.002013
2.500 0.001993
