0.350 0.055935
0.355 0.061529
0.360 0.067122
0.365 0.072715
0.370 0.078309
0.375 0.083903
0.380 0.089496
0.385 0.095090
0.390 0.100680
0.395 0.106280
0.400 0.111870
0.405 0.112200
0.410 0.122030
0.415 0.129740
0.420 0.134230
0.425 0.143750
0.430 0.149420
0.435 0.155290
0.440 0.163830
0.445 0.169310
0.450 0.175440
0.455 0.180540
0.460 0.183960
0.465 0.189350
0.470 0.193570
0.475 0.197590
0.480 0.201660
0.485 0.204040
0.490 0.206870
0.495 0.211640
0.500 0.214770
0.505 0.218590
0.510 0.223060
0.515 0.227370
0.520 0.233680
0.525 0.238820
0.530 0.242810
0.535 0.247090
0.540 0.250570
0.545 0.254130
0.550 0.257900
0.555 0.260430
0.560 0.262820
0.565 0.264860
0.570 0.265760
0.575 0.267060
0.580 0.267500
0.585 0.267530
0.590 0.267920
0.595 0.267100
0.600 0.266390
0.605 0.266060
0.610 0.265570
0.615 0.265910
0.620 0.265770
0.625 0.265670
0.630 0.266040
0.635 0.266000
0.640 0.266260
0.645 0.266890
0.650 0.266900
0.655 0.267200
0.660 0.267550
0.665 0.267940
0.670 0.268960
0.675 0.269660
0.680 0.270250
0.685 0.270950
0.690 0.270890
0.695 0.270620
0.700 0.269860
0.705 0.268140
0.710 0.265870
0.715 0.261940
0.720 0.256530
0.725 0.250300
0.730 0.240500
0.735 0.230930
0.740 0.227320
0.745 0.226280
0.750 0.225940
0.755 0.225860
0.760 0.225640
0.765 0.225940
0.770 0.226550
0.775 0.227460
0.780 0.228900
0.785 0.230650
0.790 0.232370
0.795 0.234460
0.800 0.235800
0.805 0.236500
0.810 0.236070
0.815 0.234230
0.820 0.230870
0.825 0.223610
0.830 0.212080
0.835 0.204540
0.840 0.200700
0.845 0.197760
0.850 0.195180
0.855 0.192410
0.860 0.189890
0.865 0.187500
0.870 0.184170
0.875 0.180890
0.880 0.176890
0.885 0.172530
0.890 0.168940
0.895 0.165030
0.900 0.161350
0.905 0.157650
0.910 0.152670
0.915 0.146390
0.920 0.137650
0.925 0.125320
0.930 0.111400
0.935 0.095768
0.940 0.081030
0.945 0.068015
0.950 0.054088
0.955 0.042533
0.960 0.035686
0.965 0.031433
0.970 0.030717
0.975 0.030026
0.980 0.029051
0.985 0.030194
0.990 0.030777
0.995 0.031527
1.000 0.033987
1.005 0.037225
1.010 0.040439
1.015 0.044463
1.020 0.049179
1.025 0.054347
1.030 0.059896
1.035 0.065604
1.040 0.071351
1.045 0.076903
1.050 0.081806
1.055 0.085812
1.060 0.088656
1.065 0.090168
1.070 0.090428
1.075 0.089326
1.080 0.086637
1.085 0.083049
1.090 0.078542
1.095 0.073603
1.100 0.068564
1.105 0.063724
1.110 0.059106
1.115 0.054346
1.120 0.048792
1.125 0.041900
1.130 0.033669
1.135 0.025073
1.140 0.017785
1.145 0.012891
1.150 0.010052
1.155 0.008721
1.160 0.008143
1.165 0.007700
1.170 0.007523
1.175 0.007388
1.180 0.007247
1.185 0.007127
1.190 0.007022
1.195 0.007012
1.200 0.006958
1.205 0.007053
1.210 0.007130
1.215 0.007206
1.220 0.007343
1.225 0.007482
1.230 0.007474
1.235 0.007737
1.240 0.007746
1.245 0.007958
1.250 0.008045
1.255 0.008208
1.260 0.008205
1.265 0.008205
1.270 0.008119
1.275 0.007925
1.280 0.007738
1.285 0.007440
1.290 0.007078
1.295 0.006629
1.300 0.006202
1.305 0.005726
1.310 0.005194
1.315 0.004736
1.320 0.004258
1.325 0.003916
1.330 0.003439
1.335 0.003140
1.340 0.002925
1.345 0.002683
1.350 0.002548
1.355 0.002308
1.360 0.002168
1.365 0.002032
1.370 0.001883
1.375 0.001665
1.380 0.001539
1.385 0.001258
1.390 0.001070
1.395 0.000949
1.400 0.000789
1.405 0.000802
1.410 0.000757
1.415 0.000726
1.420 0.000697
1.425 0.000694
1.430 0.000709
1.435 0.000649
1.440 0.000611
1.445 0.000572
1.450 0.000670
1.455 0.000652
1.460 0.000725
1.465 0.000663
1.470 0.000592
1.475 0.000572
1.480 0.000610
1.485 0.000645
1.490 0.000658
1.495 0.000660
1.500 0.000637
1.505 0.000678
1.510 0.000662
1.515 0.000711
1.520 0.000695
1.525 0.000717
1.530 0.000746
1.535 0.000758
1.540 0.000724
1.545 0.000825
1.550 0.000850
1.555 0.000866
1.560 0.000846
1.565 0.000861
1.570 0.000921
1.575 0.000931
1.580 0.000984
1.585 0.000975
1.590 0.000967
1.595 0.000977
1.600 0.001042
1.605 0.001088
1.610 0.001084
1.615 0.001151
1.620 0.001153
1.625 0.001107
1.630 0.001073
1.635 0.001164
1.640 0.001196
1.645 0.001179
1.650 0.001150
1.655 0.001192
1.660 0.001230
1.665 0.001221
1.670 0.001249
1.675 0.001324
1.680 0.001260
1.685 0.001268
1.690 0.001272
1.695 0.001234
1.700 0.001181
1.705 0.001243
1.710 0.001176
1.715 0.001170
1.720 0.001169
1.725 0.001213
1.730 0.001153
1.735 0.001201
1.740 0.001092
1.745 0.001118
1.750 0.001061
1.755 0.000979
1.760 0.001006
1.765 0.001029
1.770 0.001050
1.775 0.000800
1.780 0.001146
1.785 0.001078
1.790 0.001389
1.795 0.001236
1.800 0.001121
1.805 0.001149
1.810 0.001271
1.815 0.001237
1.820 0.001203
1.825 0.001204
1.830 0.001148
1.835 0.001221
1.840 0.001227
1.845 0.001268
1.850 0.001187
1.855 0.001183
1.860 0.001108
1.865 0.001173
1.870 0.001182
1.875 0.001155
1.880 0.001140
1.885 0.001145
1.890 0.001136
1.895 0.001111
1.900 0.001118
1.905 0.001127
1.910 0.001124
1.915 0.001107
1.920 0.001106
1.925 0.001101
1.930 0.001137
1.935 0.001138
1.940 0.001127
1.945 0.001130
1.950 0.001142
1.955 0.001115
1.960 0.001130
1.965 0.001162
1.970 0.001144
1.975 0.001162
1.980 0.001110
1.985 0.001148
1.990 0.001117
1.995 0.001118
2.000 0.001124
2.005 0.001120
2.010 0.001107
2.015 0.001141
2.020 0.001119
2.025 0.001155
2.030 0.001133
2.035 0.001167
2.040 0.001123
2.045 0.001100
2.050 0.001095
2.055 0.001101
2.060 0.001086
2.065 0.001104
2.070 0.001132
2.075 0.001119
2.080 0.001161
2.085 0.001170
2.090 0.001137
2.095 0.001097
2.100 0.001123
2.105 0.001144
2.110 0.001138
2.115 0.001146
2.120 0.001147
2.125 0.001076
2.130 0.001097
2.135 0.001137
2.140 0.001139
2.145 0.001133
2.150 0.001103
2.155 0.001182
2.160 0.001186
2.165 0.001157
2.170 0.001152
2.175 0.001226
2.180 0.001178
2.185 0.001157
2.190 0.001183
2.195 0.001175
2.200 0.001161
2.205 0.001152
2.210 0.001167
2.215 0.001198
2.220 0.001132
2.225 0.001244
2.230 0.001231
2.235 0.001165
2.240 0.001210
2.245 0.001161
2.250 0.001224
2.255 0.001230
2.260 0.001156
2.265 0.001184
2.270 0.001160
2.275 0.001176
2.280 0.001159
2.285 0.001117
2.290 0.001178
2.295 0.001138
2.300 0.001144
2.305 0.001123
2.310 0.001160
2.315 0.001164
2.320 0.001196
2.325 0.001078
2.330 0.001216
2.335 0.001175
2.340 0.001101
2.345 0.001104
2.350 0.001064
2.355 0.001056
2.360 0.001144
2.365 0.001125
2.370 0.001060
2.375 0.001112
2.380 0.001063
2.385 0.001105
2.390 0.001065
2.395 0.001082
2.400 0.001053
2.405 0.001073
2.410 0.001055
2.415 0.001057
2.420 0.001057
2.425 0.001053
2.430 0.001066
2.435 0.001055
2.440 0.001057
2.445 0.001054
2.450 0.001087
2.455 0.001058
2.460 0.001054
2.465 0.001054
2.470 0.001055
2.475 0.001096
2.480 0.001182
2.485 0.001343
2.490 0.001182
2.495 0.001903
2.500 0.001697
