0.350 0.020340
0.355 0.022374
0.360 0.024408
0.365 0.026442
0.370 0.028476
0.375 0.030510
0.380 0.032544
0.385 0.034578
0.390 0.036612
0.395 0.038646
0.400 0.040680
0.405 0.039633
0.410 0.040329
0.415 0.041363
0.420 0.040033
0.425 0.040571
0.430 0.038937
0.435 0.039495
0.440 0.039223
0.445 0.038520
0.450 0.039004
0.455 0.040119
0.460 0.039392
0.465 0.039502
0.470 0.038614
0.475 0.038853
0.480 0.038971
0.485 0.038876
0.490 0.039409
0.495 0.039298
0.500 0.040156
0.505 0.042315
0.510 0.046330
0.515 0.053957
0.520 0.065825
0.525 0.080690
0.530 0.095493
0.535 0.105950
0.540 0.112150
0.545 0.115760
0.550 0.118330
0.555 0.119220
0.560 0.115530
0.565 0.107060
0.570 0.096002
0.575 0.084948
0.580 0.076529
0.585 0.071015
0.590 0.067134
0.595 0.064943
0.600 0.062703
0.605 0.060231
0.610 0.057702
0.615 0.055095
0.620 0.052245
0.625 0.050075
0.630 0.049501
0.635 0.048945
0.640 0.046631
0.645 0.043636
0.650 0.041724
0.655 0.041079
0.660 0.040148
0.665 0.039642
0.670 0.039682
0.675 0.040527
0.680 0.041850
0.685 0.043739
0.690 0.049030
0.695 0.069727
0.700 0.115790
0.705 0.185070
0.710 0.267560
0.715 0.360380
0.720 0.458690
0.725 0.555660
0.730 0.642300
0.735 0.713040
0.740 0.767140
0.745 0.806470
0.750 0.832820
0.755 0.850050
0.760 0.860470
0.765 0.867080
0.770 0.870980
0.775 0.873570
0.780 0.875470
0.785 0.877240
0.790 0.878410
0.795 0.879760
0.800 0.880980
0.805 0.882470
0.810 0.883870
0.815 0.885690
0.820 0.886760
0.825 0.888630
0.830 0.890060
0.835 0.891790
0.840 0.893590
0.845 0.895370
0.850 0.897260
0.855 0.899060
0.860 0.900430
0.865 0.901720
0.870 0.902750
0.875 0.903630
0.880 0.904420
0.885 0.905010
0.890 0.905780
0.895 0.906270
0.900 0.906670
0.905 0.907190
0.910 0.907500
0.915 0.907890
0.920 0.907900
0.925 0.907360
0.930 0.906140
0.935 0.904240
0.940 0.902100
0.945 0.898970
0.950 0.894750
0.955 0.888500
0.960 0.883650
0.965 0.880860
0.970 0.880810
0.975 0.881640
0.980 0.882900
0.985 0.884990
0.990 0.887160
0.995 0.890310
1.000 0.893690
1.005 0.885150
1.010 0.887920
1.015 0.891850
1.020 0.895030
1.025 0.896820
1.030 0.900630
1.035 0.904910
1.040 0.907300
1.045 0.909350
1.050 0.912770
1.055 0.913450
1.060 0.914500
1.065 0.916600
1.070 0.917320
1.075 0.918840
1.080 0.917950
1.085 0.919340
1.090 0.917950
1.095 0.916860
1.100 0.914090
1.105 0.912940
1.110 0.911890
1.115 0.909340
1.120 0.907390
1.125 0.903730
1.130 0.898120
1.135 0.887730
1.140 0.873560
1.145 0.859270
1.150 0.846040
1.155 0.838130
1.160 0.831930
1.165 0.829010
1.170 0.827370
1.175 0.827160
1.180 0.826470
1.185 0.826070
1.190 0.826060
1.195 0.826740
1.200 0.827020
1.205 0.829330
1.210 0.832310
1.215 0.835040
1.220 0.838360
1.225 0.841960
1.230 0.844710
1.235 0.846850
1.240 0.849160
1.245 0.851270
1.250 0.853560
1.255 0.855370
1.260 0.856080
1.265 0.855890
1.270 0.855230
1.275 0.854320
1.280 0.852850
1.285 0.850780
1.290 0.847070
1.295 0.842260
1.300 0.835870
1.305 0.828940
1.310 0.820300
1.315 0.809610
1.320 0.797880
1.325 0.783720
1.330 0.769220
1.335 0.753700
1.340 0.738190
1.345 0.723510
1.350 0.709520
1.355 0.695790
1.360 0.680790
1.365 0.662490
1.370 0.637450
1.375 0.603820
1.380 0.556250
1.385 0.498820
1.390 0.436280
1.395 0.376120
1.400 0.325410
1.405 0.286150
1.410 0.258620
1.415 0.240610
1.420 0.229320
1.425 0.222560
1.430 0.218910
1.435 0.217280
1.440 0.217290
1.445 0.218540
1.450 0.220170
1.455 0.223040
1.460 0.227100
1.465 0.233660
1.470 0.242360
1.475 0.253070
1.480 0.264700
1.485 0.277620
1.490 0.290820
1.495 0.304490
1.500 0.318570
1.505 0.332860
1.510 0.347000
1.515 0.361920
1.520 0.376140
1.525 0.390800
1.530 0.404400
1.535 0.417830
1.540 0.431270
1.545 0.444200
1.550 0.456710
1.555 0.468500
1.560 0.479430
1.565 0.490120
1.570 0.500560
1.575 0.509850
1.580 0.519680
1.585 0.528920
1.590 0.537490
1.595 0.545640
1.600 0.552880
1.605 0.560330
1.610 0.566620
1.615 0.573590
1.620 0.578740
1.625 0.584040
1.630 0.588480
1.635 0.592910
1.640 0.596910
1.645 0.600680
1.650 0.604130
1.655 0.605760
1.660 0.606660
1.665 0.606930
1.670 0.605860
1.675 0.602640
1.680 0.598930
1.685 0.594730
1.690 0.589780
1.695 0.585160
1.700 0.579340
1.705 0.573930
1.710 0.569430
1.715 0.565010
1.720 0.559960
1.725 0.554840
1.730 0.550100
1.735 0.544380
1.740 0.538140
1.745 0.531140
1.750 0.523540
1.755 0.515980
1.760 0.508520
1.765 0.501590
1.770 0.495780
1.775 0.491110
1.780 0.486680
1.785 0.483820
1.790 0.482150
1.795 0.480400
1.800 0.480070
1.805 0.487420
1.810 0.487120
1.815 0.486420
1.820 0.484810
1.825 0.482320
1.830 0.478200
1.835 0.471550
1.840 0.462050
1.845 0.448310
1.850 0.429300
1.855 0.403750
1.860 0.370760
1.865 0.329990
1.870 0.281920
1.875 0.231160
1.880 0.183860
1.885 0.142790
1.890 0.111030
1.895 0.089373
1.900 0.076398
1.905 0.069105
1.910 0.065239
1.915 0.063243
1.920 0.062396
1.925 0.062336
1.930 0.062789
1.935 0.063736
1.940 0.065320
1.945 0.067155
1.950 0.069345
1.955 0.071912
1.960 0.074946
1.965 0.078298
1.970 0.081787
1.975 0.085779
1.980 0.090211
1.985 0.094819
1.990 0.099744
1.995 0.105030
2.000 0.110470
2.005 0.116010
2.010 0.121600
2.015 0.127290
2.020 0.132810
2.025 0.138590
2.030 0.144010
2.035 0.149450
2.040 0.154920
2.045 0.160100
2.050 0.165540
2.055 0.170940
2.060 0.176520
2.065 0.182480
2.070 0.188560
2.075 0.194440
2.080 0.200380
2.085 0.206270
2.090 0.212000
2.095 0.217610
2.100 0.223190
2.105 0.228700
2.110 0.233700
2.115 0.238800
2.120 0.243650
2.125 0.248280
2.130 0.252590
2.135 0.256320
2.140 0.259740
2.145 0.262830
2.150 0.265890
2.155 0.268390
2.160 0.270830
2.165 0.273100
2.170 0.275490
2.175 0.277690
2.180 0.280110
2.185 0.282370
2.190 0.284640
2.195 0.286430
2.200 0.288160
2.205 0.289150
2.210 0.289920
2.215 0.290100
2.220 0.289300
2.225 0.288000
2.230 0.285680
2.235 0.282250
2.240 0.278210
2.245 0.273240
2.250 0.267830
2.255 0.262020
2.260 0.256190
2.265 0.250290
2.270 0.244800
2.275 0.239500
2.280 0.234070
2.285 0.228310
2.290 0.223320
2.295 0.217850
2.300 0.212830
2.305 0.208580
2.310 0.205160
2.315 0.202310
2.320 0.198860
2.325 0.195000
2.330 0.190410
2.335 0.185540
2.340 0.180560
2.345 0.176360
2.350 0.171920
2.355 0.168190
2.360 0.164510
2.365 0.160110
2.370 0.156500
2.375 0.151960
2.380 0.147870
2.385 0.143760
2.390 0.139390
2.395 0.134910
2.400 0.131400
2.405 0.127010
2.410 0.123240
2.415 0.119040
2.420 0.115370
2.425 0.111700
2.430 0.108010
2.435 0.104300
2.440 0.101330
2.445 0.097556
2.450 0.093559
2.455 0.090065
2.460 0.087940
2.465 0.085189
2.470 0.082497
2.475 0.080995
2.480 0.078771
2.485 0.077495
2.490 0.075349
2.495 0.073499
2.500 0.074785
