0.350 0.001130
0.355 0.001243
0.360 0.001356
0.365 0.001469
0.370 0.001582
0.375 0.001695
0.380 0.001808
0.385 0.001921
0.390 0.002034
0.395 0.002147
0.400 0.002260
0.405 0.005146
0.410 0.008863
0.415 0.011918
0.420 0.016084
0.425 0.018878
0.430 0.021488
0.435 0.020605
0.440 0.023625
0.445 0.025772
0.450 0.027793
0.455 0.032828
0.460 0.033393
0.465 0.034536
0.470 0.035423
0.475 0.040075
0.480 0.039470
0.485 0.041526
0.490 0.044317
0.495 0.043601
0.500 0.044287
0.505 0.047008
0.510 0.049966
0.515 0.052355
0.520 0.053606
0.525 0.053276
0.530 0.057154
0.535 0.060241
0.540 0.062771
0.545 0.062771
0.550 0.065949
0.555 0.065927
0.560 0.073838
0.565 0.075845
0.570 0.076489
0.575 0.078065
0.580 0.078961
0.585 0.081057
0.590 0.081911
0.595 0.084099
0.600 0.086580
0.605 0.088633
0.610 0.088724
0.615 0.090379
0.620 0.093010
0.625 0.093586
0.630 0.097025
0.635 0.097280
0.640 0.097299
0.645 0.097468
0.650 0.102690
0.655 0.106260
0.660 0.104750
0.665 0.109160
0.670 0.109090
0.675 0.111220
0.680 0.113720
0.685 0.114020
0.690 0.115670
0.695 0.119420
0.700 0.121030
0.705 0.124310
0.710 0.125800
0.715 0.127730
0.720 0.127320
0.725 0.131780
0.730 0.133190
0.735 0.134220
0.740 0.138530
0.745 0.139240
0.750 0.141300
0.755 0.142290
0.760 0.144960
0.765 0.147510
0.770 0.149500
0.775 0.152330
0.780 0.153940
0.785 0.153460
0.790 0.159420
0.795 0.160260
0.800 0.165760
0.805 0.167020
0.810 0.170160
0.815 0.172450
0.820 0.173640
0.825 0.175300
0.830 0.177910
0.835 0.180300
0.840 0.182060
0.845 0.185800
0.850 0.184550
0.855 0.186240
0.860 0.188590
0.865 0.191550
0.870 0.193040
0.875 0.193500
0.880 0.195660
0.885 0.200230
0.890 0.198120
0.895 0.202220
0.900 0.205100
0.905 0.206450
0.910 0.208770
0.915 0.208450
0.920 0.211840
0.925 0.213460
0.930 0.218300
0.935 0.218680
0.940 0.222210
0.945 0.222540
0.950 0.224830
0.955 0.227750
0.960 0.226700
0.965 0.230900
0.970 0.232360
0.975 0.232350
0.980 0.236730
0.985 0.238160
0.990 0.239060
0.995 0.243270
1.000 0.246830
1.005 0.245600
1.010 0.248150
1.015 0.252160
1.020 0.255600
1.025 0.254910
1.030 0.258090
1.035 0.258660
1.040 0.259560
1.045 0.262520
1.050 0.264930
1.055 0.265790
1.060 0.266960
1.065 0.268600
1.070 0.271510
1.075 0.271990
1.080 0.271880
1.085 0.273610
1.090 0.278830
1.095 0.279940
1.100 0.280860
1.105 0.280470
1.110 0.283130
1.115 0.285430
1.120 0.287370
1.125 0.290210
1.130 0.291110
1.135 0.291950
1.140 0.292320
1.145 0.293840
1.150 0.298220
1.155 0.298930
1.160 0.303610
1.165 0.303050
1.170 0.305070
1.175 0.304890
1.180 0.306670
1.185 0.308330
1.190 0.310850
1.195 0.312900
1.200 0.313200
1.205 0.313070
1.210 0.311060
1.215 0.315190
1.220 0.318150
1.225 0.320150
1.230 0.319330
1.235 0.319460
1.240 0.321750
1.245 0.323590
1.250 0.323990
1.255 0.324500
1.260 0.326020
1.265 0.324740
1.270 0.324180
1.275 0.327550
1.280 0.328950
1.285 0.330660
1.290 0.332240
1.295 0.331240
1.300 0.333080
1.305 0.333200
1.310 0.334330
1.315 0.334250
1.320 0.337640
1.325 0.341340
1.330 0.340460
1.335 0.340770
1.340 0.338280
1.345 0.340000
1.350 0.341610
1.355 0.343460
1.360 0.340250
1.365 0.338980
1.370 0.339550
1.375 0.339010
1.380 0.334050
1.385 0.333640
1.390 0.334180
1.395 0.331610
1.400 0.332360
1.405 0.328050
1.410 0.329190
1.415 0.331680
1.420 0.335000
1.425 0.339970
1.430 0.341310
1.435 0.343920
1.440 0.343360
1.445 0.343680
1.450 0.344470
1.455 0.343970
1.460 0.346820
1.465 0.347330
1.470 0.349500
1.475 0.349060
1.480 0.350470
1.485 0.349670
1.490 0.350250
1.495 0.351750
1.500 0.353420
1.505 0.355520
1.510 0.356410
1.515 0.357080
1.520 0.358900
1.525 0.359890
1.530 0.360750
1.535 0.363900
1.540 0.364450
1.545 0.363620
1.550 0.363710
1.555 0.365510
1.560 0.367400
1.565 0.368010
1.570 0.370510
1.575 0.365250
1.580 0.365150
1.585 0.367560
1.590 0.366910
1.595 0.367100
1.600 0.367010
1.605 0.366050
1.610 0.367130
1.615 0.368750
1.620 0.369970
1.625 0.368000
1.630 0.372390
1.635 0.376040
1.640 0.372510
1.645 0.371990
1.650 0.374560
1.655 0.374030
1.660 0.373110
1.665 0.375730
1.670 0.374240
1.675 0.373750
1.680 0.373290
1.685 0.377090
1.690 0.377080
1.695 0.375760
1.700 0.377320
1.705 0.375750
1.710 0.377900
1.715 0.378330
1.720 0.380610
1.725 0.379790
1.730 0.380850
1.735 0.378760
1.740 0.379570
1.745 0.377990
1.750 0.381540
1.755 0.380420
1.760 0.379810
1.765 0.379940
1.770 0.378680
1.775 0.380020
1.780 0.378980
1.785 0.381600
1.790 0.380290
1.795 0.379110
1.800 0.380510
1.805 0.381260
1.810 0.382910
1.815 0.380850
1.820 0.378400
1.825 0.381890
1.830 0.381710
1.835 0.383000
1.840 0.383680
1.845 0.380060
1.850 0.379950
1.855 0.379470
1.860 0.379070
1.865 0.377000
1.870 0.369020
1.875 0.362400
1.880 0.353650
1.885 0.345140
1.890 0.333620
1.895 0.321870
1.900 0.315550
1.905 0.310570
1.910 0.310520
1.915 0.314640
1.920 0.316410
1.925 0.322370
1.930 0.324360
1.935 0.327510
1.940 0.330310
1.945 0.330580
1.950 0.332440
1.955 0.333770
1.960 0.335160
1.965 0.338820
1.970 0.340950
1.975 0.344320
1.980 0.344970
1.985 0.349400
1.990 0.353690
1.995 0.355650
2.000 0.357840
2.005 0.357820
2.010 0.359470
2.015 0.360230
2.020 0.364260
2.025 0.363200
2.030 0.362840
2.035 0.364590
2.040 0.366150
2.045 0.366190
2.050 0.366770
2.055 0.370720
2.060 0.370930
2.065 0.372090
2.070 0.370840
2.075 0.371800
2.080 0.372590
2.085 0.370490
2.090 0.370700
2.095 0.371810
2.100 0.370430
2.105 0.371160
2.110 0.371450
2.115 0.371420
2.120 0.372340
2.125 0.372850
2.130 0.373330
2.135 0.372580
2.140 0.373200
2.145 0.371590
2.150 0.371810
2.155 0.369130
2.160 0.368800
2.165 0.368350
2.170 0.367170
2.175 0.365280
2.180 0.364820
2.185 0.363760
2.190 0.360810
2.195 0.358410
2.200 0.355700
2.205 0.352940
2.210 0.353530
2.215 0.355960
2.220 0.358740
2.225 0.359630
2.230 0.360240
2.235 0.360450
2.240 0.360140
2.245 0.360790
2.250 0.361040
2.255 0.361210
2.260 0.361910
2.265 0.362830
2.270 0.363620
2.275 0.361810
2.280 0.361500
2.285 0.361030
2.290 0.360760
2.295 0.359760
2.300 0.359120
2.305 0.358450
2.310 0.358120
2.315 0.358260
2.320 0.357270
2.325 0.356680
2.330 0.355040
2.335 0.353620
2.340 0.353760
2.345 0.352030
2.350 0.350240
2.355 0.349270
2.360 0.348830
2.365 0.348060
2.370 0.346410
2.375 0.345100
2.380 0.343970
2.385 0.342270
2.390 0.341920
2.395 0.341760
2.400 0.340240
2.405 0.339460
2.410 0.338730
2.415 0.337030
2.420 0.335140
2.425 0.332660
2.430 0.330950
2.435 0.328880
2.440 0.327380
2.445 0.325150
2.450 0.323930
2.455 0.321910
2.460 0.320130
2.465 0.318600
2.470 0.317560
2.475 0.314980
2.480 0.314370
2.485 0.312440
2.490 0.311670
2.495 0.310930
2.500 0.309210
