0.350 0.043100
0.355 0.043051
0.360 0.043000
0.365 0.042913
0.370 0.042800
0.375 0.042808
0.380 0.042600
0.385 0.042503
0.390 0.042500
0.395 0.042402
0.400 0.042400
0.405 0.042291
0.410 0.042300
0.415 0.042203
0.420 0.042200
0.425 0.042210
0.430 0.042100
0.435 0.042101
0.440 0.042100
0.445 0.042003
0.450 0.042000
0.455 0.042000
0.460 0.042000
0.465 0.042000
0.470 0.042000
0.475 0.041890
0.480 0.041900
0.485 0.041790
0.490 0.041800
0.495 0.041790
0.500 0.041900
0.505 0.041900
0.510 0.041900
0.515 0.041790
0.520 0.041800
0.525 0.041800
0.530 0.041800
0.535 0.041800
0.540 0.041800
0.545 0.041737
0.550 0.041700
0.555 0.041699
0.560 0.041700
0.565 0.041750
0.570 0.041800
0.575 0.041800
0.580 0.041800
0.585 0.041800
0.590 0.041800
0.595 0.041800
0.600 0.041800
0.605 0.041800
0.610 0.041800
0.615 0.041800
0.620 0.041800
0.625 0.041800
0.630 0.041800
0.635 0.041800
0.640 0.041800
0.645 0.041800
0.650 0.041800
0.655 0.041800
0.660 0.041800
0.665 0.041787
0.670 0.041800
0.675 0.041896
0.680 0.041900
0.685 0.041900
0.690 0.041900
0.695 0.041899
0.700 0.041900
0.705 0.041997
0.710 0.042000
0.715 0.042000
0.720 0.042000
0.725 0.041990
0.730 0.042100
0.735 0.042100
0.740 0.042100
0.745 0.042090
0.750 0.042200
0.755 0.042200
0.760 0.042200
0.765 0.042199
0.770 0.042200
0.775 0.042297
0.780 0.042300
0.785 0.042303
0.790 0.042400
0.795 0.042401
0.800 0.042400
0.805 0.042408
0.810 0.042429
0.815 0.042460
0.820 0.042500
0.825 0.042548
0.830 0.042600
0.835 0.042652
0.840 0.042700
0.845 0.042742
0.850 0.042784
0.855 0.042834
0.860 0.042900
0.865 0.042989
0.870 0.043101
0.875 0.043238
0.880 0.043400
0.885 0.043586
0.890 0.043779
0.895 0.043957
0.900 0.044100
0.905 0.044191
0.910 0.044243
0.915 0.044274
0.920 0.044300
0.925 0.044336
0.930 0.044382
0.935 0.044437
0.940 0.044500
0.945 0.044569
0.950 0.044642
0.955 0.044720
0.960 0.044800
0.965 0.044881
0.970 0.044961
0.975 0.045035
0.980 0.045100
0.985 0.045153
0.990 0.045200
0.995 0.045246
1.000 0.045300
1.005 0.045366
1.010 0.045440
1.015 0.045520
1.020 0.045600
1.025 0.045678
1.030 0.045753
1.035 0.045827
1.040 0.045900
1.045 0.045974
1.050 0.046049
1.055 0.046124
1.060 0.046200
1.065 0.046277
1.070 0.046353
1.075 0.046428
1.080 0.046500
1.085 0.046569
1.090 0.046638
1.095 0.046713
1.100 0.046800
1.105 0.046901
1.110 0.047009
1.115 0.047112
1.120 0.047200
1.125 0.047264
1.130 0.047312
1.135 0.047354
1.140 0.047400
1.145 0.047459
1.150 0.047540
1.155 0.047650
1.160 0.047800
1.165 0.047992
1.170 0.048197
1.175 0.048379
1.180 0.048500
1.185 0.048535
1.190 0.048516
1.195 0.048489
1.200 0.048500
1.205 0.048582
1.210 0.048714
1.215 0.048864
1.220 0.049000
1.225 0.049099
1.230 0.049171
1.235 0.049233
1.240 0.049300
1.245 0.049385
1.250 0.049485
1.255 0.049592
1.260 0.049700
1.265 0.049803
1.270 0.049903
1.275 0.050001
1.280 0.050100
1.285 0.050201
1.290 0.050303
1.295 0.050403
1.300 0.050500
1.305 0.050593
1.310 0.050686
1.315 0.050786
1.320 0.050900
1.325 0.051032
1.330 0.051169
1.335 0.051297
1.340 0.051400
1.345 0.051469
1.350 0.051524
1.355 0.051591
1.360 0.051700
1.365 0.051867
1.370 0.052065
1.375 0.052255
1.380 0.052400
1.385 0.052473
1.390 0.052503
1.395 0.052532
1.400 0.052600
1.405 0.052738
1.410 0.052923
1.415 0.053121
1.420 0.053300
1.425 0.053434
1.430 0.053534
1.435 0.053617
1.440 0.053700
1.445 0.053798
1.450 0.053913
1.455 0.054047
1.460 0.054200
1.465 0.054373
1.470 0.054556
1.475 0.054736
1.480 0.054900
1.485 0.055039
1.490 0.055161
1.495 0.055277
1.500 0.055400
1.505 0.055538
1.510 0.055688
1.515 0.055844
1.520 0.056000
1.525 0.056153
1.530 0.056303
1.535 0.056451
1.540 0.056600
1.545 0.056750
1.550 0.056902
1.555 0.057052
1.560 0.057200
1.565 0.057345
1.570 0.057491
1.575 0.057641
1.580 0.057800
1.585 0.057971
1.590 0.058149
1.595 0.058327
1.600 0.058500
1.605 0.058662
1.610 0.058815
1.615 0.058960
1.620 0.059100
1.625 0.059237
1.630 0.059377
1.635 0.059529
1.640 0.059700
1.645 0.059893
1.650 0.060080
1.655 0.060228
1.660 0.060300
1.665 0.060272
1.670 0.060179
1.675 0.060073
1.680 0.060000
1.685 0.059996
1.690 0.060037
1.695 0.060084
1.700 0.060100
1.705 0.060061
1.710 0.060000
1.715 0.059964
1.720 0.060000
1.725 0.060141
1.730 0.060354
1.735 0.060590
1.740 0.060800
1.745 0.060952
1.750 0.061075
1.755 0.061210
1.760 0.061400
1.765 0.061676
1.770 0.062011
1.775 0.062365
1.780 0.062700
1.785 0.062985
1.790 0.063223
1.795 0.063426
1.800 0.063600
1.805 0.063755
1.810 0.063899
1.815 0.064044
1.820 0.064200
1.825 0.064373
1.830 0.064555
1.835 0.064735
1.840 0.064900
1.845 0.065046
1.850 0.065192
1.855 0.065367
1.860 0.065600
1.865 0.065907
1.870 0.066246
1.875 0.066562
1.880 0.066800
1.885 0.066916
1.890 0.066933
1.895 0.066884
1.900 0.066800
1.905 0.066710
1.910 0.066644
1.915 0.066629
1.920 0.066700
1.925 0.066879
1.930 0.067143
1.935 0.067459
1.940 0.067800
1.945 0.068139
1.950 0.068461
1.955 0.068753
1.960 0.069000
1.965 0.069194
1.970 0.069357
1.975 0.069517
1.980 0.069700
1.985 0.069928
1.990 0.070185
1.995 0.070449
2.000 0.070700
2.005 0.070919
2.010 0.071106
2.015 0.071266
2.020 0.071400
2.025 0.071512
2.030 0.071609
2.035 0.071702
2.040 0.071800
2.045 0.071910
2.050 0.072031
2.055 0.072162
2.060 0.072300
2.065 0.072444
2.070 0.072593
2.075 0.072746
2.080 0.072900
2.085 0.073055
2.090 0.073209
2.095 0.073358
2.100 0.073500
2.105 0.073629
2.110 0.073733
2.115 0.073796
2.120 0.073800
2.125 0.073731
2.130 0.073599
2.135 0.073419
2.140 0.073200
2.145 0.072959
2.150 0.072732
2.155 0.072564
2.160 0.072500
2.165 0.072573
2.170 0.072747
2.175 0.072972
2.180 0.073200
2.185 0.073395
2.190 0.073555
2.195 0.073688
2.200 0.073800
2.205 0.073890
2.210 0.073929
2.215 0.073880
2.220 0.073700
2.225 0.073363
2.230 0.072921
2.235 0.072445
2.240 0.072000
2.245 0.071623
2.250 0.071219
2.255 0.070658
2.260 0.069801
2.265 0.068553
2.270 0.067017
2.275 0.065340
2.280 0.063660
2.285 0.062099
2.290 0.060717
2.295 0.059565
2.300 0.058706
2.305 0.058186
2.310 0.057948
2.315 0.057920
2.320 0.058038
2.325 0.058239
2.330 0.058426
2.335 0.058495
2.340 0.058334
2.345 0.057882
2.350 0.057307
2.355 0.056829
2.360 0.056677
2.365 0.056999
2.370 0.057592
2.375 0.058176
2.380 0.058467
2.385 0.058269
2.390 0.057759
2.395 0.057200
2.400 0.056853
2.405 0.056905
2.410 0.057234
2.415 0.057649
2.420 0.057962
2.425 0.058032
2.430 0.057908
2.435 0.057682
2.440 0.057440
2.445 0.057257
2.450 0.057173
2.455 0.057221
2.460 0.057442
2.465 0.057864
2.470 0.058442
2.475 0.059118
2.480 0.059840
2.485 0.060558
2.490 0.061227
2.495 0.061803
2.500 0.062234
