0.350 0.001591
0.355 0.001750
0.360 0.001909
0.365 0.002068
0.370 0.002227
0.375 0.002386
0.380 0.002545
0.385 0.002704
0.390 0.002863
0.395 0.003022
0.400 0.003181
0.405 0.005146
0.410 0.008863
0.415 0.011918
0.420 0.016084
0.425 0.018878
0.430 0.021488
0.435 0.020605
0.440 0.023625
0.445 0.025772
0.450 0.027793
0.455 0.032828
0.460 0.033393
0.465 0.034536
0.470 0.035423
0.475 0.040075
0.480 0.039470
0.485 0.041526
0.490 0.044317
0.495 0.043601
0.500 0.044287
0.505 0.047008
0.510 0.049966
0.515 0.052355
0.520 0.053606
0.525 0.053276
0.530 0.057154
0.535 0.060241
0.540 0.062771
0.545 0.062771
0.550 0.065949
0.555 0.065927
0.560 0.073838
0.565 0.075845
0.570 0.076489
0.575 0.078065
0.580 0.078961
0.585 0.081057
0.590 0.081911
0.595 0.084099
0.600 0.086580
0.605 0.088633
0.610 0.088724
0.615 0.090379
0.620 0.093010
0.625 0.093586
0.630 0.097025
0.635 0.097280
0.640 0.097299
0.645 0.097468
0.650 0.102690
0.655 0.106260
0.660 0.104750
0.665 0.109160
0.670 0.109090
0.675 0.111220
0.680 0.113720
0.685 0.114020
0.690 0.115670
0.695 0.119420
0.700 0.121030
0.705 0.124310
0.710 0.125800
0.715 0.127730
0.720 0.127320
0.725 0.131780
0.730 0.133190
0.735 0.134220
0.740 0.138530
0.745 0.139240
0.750 0.141300
0.755 0.142290
0.760 0.144960
0.765 0.147510
0.770 0.149500
0.775 0.152330
0.780 0.153940
0.785 0.153460
0.790 0.159420
0.795 0.160260
0.800 0.165760
0.805 0.168310
0.810 0.169970
0.815 0.171960
0.820 0.173640
0.825 0.175750
0.830 0.177890
0.835 0.179880
0.840 0.182060
0.845 0.185170
0.850 0.184860
0.855 0.185890
0.860 0.188590
0.865 0.191720
0.870 0.192950
0.875 0.193560
0.880 0.195660
0.885 0.199200
0.890 0.198750
0.895 0.201270
0.900 0.205100
0.905 0.207270
0.910 0.208480
0.915 0.208560
0.920 0.211840
0.925 0.214740
0.930 0.217830
0.935 0.218910
0.940 0.222210
0.945 0.223130
0.950 0.224900
0.955 0.226910
0.960 0.226700
0.965 0.231020
0.970 0.232220
0.975 0.232670
0.980 0.236730
0.985 0.238320
0.990 0.239360
0.995 0.242240
1.000 0.246830
1.005 0.245880
1.010 0.248240
1.015 0.251680
1.020 0.255600
1.025 0.255720
1.030 0.257810
1.035 0.258730
1.040 0.259560
1.045 0.262920
1.050 0.264790
1.055 0.265810
1.060 0.266960
1.065 0.269600
1.070 0.271280
1.075 0.271680
1.080 0.271880
1.085 0.275030
1.090 0.278430
1.095 0.279760
1.100 0.280860
1.105 0.281240
1.110 0.283080
1.115 0.284870
1.120 0.287370
1.125 0.290200
1.130 0.291120
1.135 0.291880
1.140 0.292320
1.145 0.295190
1.150 0.297820
1.155 0.298900
1.160 0.303610
1.165 0.303780
1.170 0.304820
1.175 0.304990
1.180 0.306670
1.185 0.308700
1.190 0.310810
1.195 0.312610
1.200 0.313200
1.205 0.312390
1.210 0.311650
1.215 0.314100
1.220 0.318150
1.225 0.319900
1.230 0.319420
1.235 0.319420
1.240 0.321750
1.245 0.323720
1.250 0.324000
1.255 0.324340
1.260 0.326020
1.265 0.324470
1.270 0.324550
1.275 0.326740
1.280 0.328950
1.285 0.331140
1.290 0.331980
1.295 0.331580
1.300 0.333080
1.305 0.333680
1.310 0.334190
1.315 0.334300
1.320 0.337640
1.325 0.341030
1.330 0.340640
1.335 0.340430
1.340 0.338280
1.345 0.340050
1.350 0.341680
1.355 0.343080
1.360 0.340250
1.365 0.339200
1.370 0.339490
1.375 0.338930
1.380 0.334050
1.385 0.333590
1.390 0.333860
1.395 0.332680
1.400 0.332360
1.405 0.328590
1.410 0.329260
1.415 0.331050
1.420 0.335000
1.425 0.340020
1.430 0.341480
1.435 0.343240
1.440 0.343360
1.445 0.343830
1.450 0.344320
1.455 0.344350
1.460 0.346820
1.465 0.348270
1.470 0.349220
1.475 0.349010
1.480 0.350470
1.485 0.349870
1.490 0.350320
1.495 0.351370
1.500 0.353420
1.505 0.355740
1.510 0.356390
1.515 0.356900
1.520 0.358900
1.525 0.359740
1.530 0.360980
1.535 0.363330
1.540 0.364450
1.545 0.363400
1.550 0.363850
1.555 0.365350
1.560 0.367400
1.565 0.369060
1.570 0.369740
1.575 0.366560
1.580 0.365150
1.585 0.367300
1.590 0.367010
1.595 0.367010
1.600 0.367010
1.605 0.366350
1.610 0.367160
1.615 0.368420
1.620 0.369970
1.625 0.369350
1.630 0.372330
1.635 0.374870
1.640 0.372510
1.645 0.372670
1.650 0.374270
1.655 0.374220
1.660 0.373110
1.665 0.375590
1.670 0.374380
1.675 0.373380
1.680 0.373290
1.685 0.376690
1.690 0.376960
1.695 0.376480
1.700 0.377320
1.705 0.376660
1.710 0.377680
1.715 0.378180
1.720 0.380610
1.725 0.380230
1.730 0.380510
1.735 0.379420
1.740 0.379570
1.745 0.379230
1.750 0.381060
1.755 0.380690
1.760 0.379810
1.765 0.379600
1.770 0.378970
1.775 0.379480
1.780 0.378980
1.785 0.381210
1.790 0.380320
1.795 0.379390
1.800 0.380510
1.805 0.381910
1.810 0.382580
1.815 0.381190
1.820 0.378400
1.825 0.381660
1.830 0.381880
1.835 0.382660
1.840 0.383680
1.845 0.380370
1.850 0.379890
1.855 0.379430
1.860 0.379070
1.865 0.375060
1.870 0.369210
1.875 0.363660
1.880 0.353650
1.885 0.342730
1.890 0.333590
1.895 0.324420
1.900 0.315550
1.905 0.310310
1.910 0.310890
1.915 0.313840
1.920 0.316410
1.925 0.322710
1.930 0.324500
1.935 0.326670
1.940 0.330310
1.945 0.331000
1.950 0.332380
1.955 0.333550
1.960 0.335160
1.965 0.339210
1.970 0.341110
1.975 0.343390
1.980 0.344970
1.985 0.350060
1.990 0.353470
1.995 0.355620
2.000 0.357840
2.005 0.358470
2.010 0.359340
2.015 0.360070
2.020 0.364260
2.025 0.363060
2.030 0.363020
2.035 0.364230
2.040 0.366150
2.045 0.366100
2.050 0.367110
2.055 0.369790
2.060 0.370930
2.065 0.372030
2.070 0.371110
2.075 0.370940
2.080 0.371660
2.085 0.370290
2.090 0.370540
2.095 0.372000
2.100 0.370400
2.105 0.371150
2.110 0.371450
2.115 0.371420
2.120 0.372450
2.125 0.372810
2.130 0.373340
2.135 0.372560
2.140 0.373220
2.145 0.371610
2.150 0.371740
2.155 0.369180
2.160 0.368790
2.165 0.368410
2.170 0.367170
2.175 0.365310
2.180 0.364820
2.185 0.363990
2.190 0.360700
2.195 0.358470
2.200 0.356130
2.205 0.352930
2.210 0.353460
2.215 0.355680
2.220 0.358840
2.225 0.359630
2.230 0.360240
2.235 0.360450
2.240 0.360160
2.245 0.360820
2.250 0.361040
2.255 0.361210
2.260 0.361850
2.265 0.362860
2.270 0.363610
2.275 0.361900
2.280 0.361490
2.285 0.361060
2.290 0.360760
2.295 0.359790
2.300 0.359120
2.305 0.358440
2.310 0.358120
2.315 0.358190
2.320 0.357280
2.325 0.356790
2.330 0.355040
2.335 0.353590
2.340 0.353740
2.345 0.352150
2.350 0.350240
2.355 0.349210
2.360 0.348860
2.365 0.348060
2.370 0.346210
2.375 0.345120
2.380 0.343910
2.385 0.342370
2.390 0.341920
2.395 0.341780
2.400 0.340190
2.405 0.339430
2.410 0.338700
2.415 0.337160
2.420 0.335040
2.425 0.332740
2.430 0.330980
2.435 0.328880
2.440 0.327560
2.445 0.325040
2.450 0.323930
2.455 0.322080
2.460 0.319990
2.465 0.318580
2.470 0.317650
2.475 0.315180
2.480 0.314360
2.485 0.312350
2.490 0.311670
2.495 0.310990
2.500 0.309320
