0.350 0.015837
0.355 0.017421
0.360 0.019005
0.365 0.020589
0.370 0.022172
0.375 0.023756
0.380 0.025340
0.385 0.026924
0.390 0.028507
0.395 0.030091
0.400 0.031675
0.405 0.026690
0.410 0.030176
0.415 0.029272
0.420 0.030597
0.425 0.029942
0.430 0.030078
0.435 0.030107
0.440 0.030649
0.445 0.030842
0.450 0.031328
0.455 0.031007
0.460 0.030650
0.465 0.030945
0.470 0.031350
0.475 0.030040
0.480 0.031257
0.485 0.031041
0.490 0.031332
0.495 0.031277
0.500 0.031868
0.505 0.033571
0.510 0.036308
0.515 0.042152
0.520 0.050951
0.525 0.063627
0.530 0.076235
0.535 0.085106
0.540 0.090888
0.545 0.093769
0.550 0.096109
0.555 0.096835
0.560 0.093793
0.565 0.087015
0.570 0.077683
0.575 0.068468
0.580 0.061450
0.585 0.056314
0.590 0.053127
0.595 0.051132
0.600 0.049969
0.605 0.048842
0.610 0.046305
0.615 0.043542
0.620 0.041289
0.625 0.040077
0.630 0.039560
0.635 0.038772
0.640 0.037028
0.645 0.034940
0.650 0.033616
0.655 0.032833
0.660 0.032115
0.665 0.031773
0.670 0.032052
0.675 0.032979
0.680 0.034489
0.685 0.036253
0.690 0.040122
0.695 0.055274
0.700 0.092815
0.705 0.153880
0.710 0.230600
0.715 0.318710
0.720 0.412670
0.725 0.504820
0.730 0.586750
0.735 0.653220
0.740 0.703830
0.745 0.739890
0.750 0.764460
0.755 0.780320
0.760 0.789970
0.765 0.796330
0.770 0.799850
0.775 0.802600
0.780 0.804660
0.785 0.806370
0.790 0.807650
0.795 0.809260
0.800 0.810810
0.805 0.812150
0.810 0.813590
0.815 0.815260
0.820 0.816730
0.825 0.818500
0.830 0.820180
0.835 0.821930
0.840 0.823860
0.845 0.825930
0.850 0.827880
0.855 0.829440
0.860 0.831210
0.865 0.832840
0.870 0.834130
0.875 0.835170
0.880 0.836350
0.885 0.837340
0.890 0.838270
0.895 0.839290
0.900 0.839850
0.905 0.840950
0.910 0.841400
0.915 0.842030
0.920 0.842330
0.925 0.842380
0.930 0.841810
0.935 0.840620
0.940 0.839250
0.945 0.837190
0.950 0.833590
0.955 0.828910
0.960 0.825290
0.965 0.822610
0.970 0.823010
0.975 0.823750
0.980 0.824890
0.985 0.826900
0.990 0.829220
0.995 0.832000
1.000 0.834860
1.005 0.825570
1.010 0.830320
1.015 0.831270
1.020 0.834730
1.025 0.837480
1.030 0.841000
1.035 0.842840
1.040 0.845340
1.045 0.847200
1.050 0.850440
1.055 0.853010
1.060 0.852840
1.065 0.854320
1.070 0.853890
1.075 0.856040
1.080 0.857120
1.085 0.857740
1.090 0.856630
1.095 0.855840
1.100 0.855020
1.105 0.855200
1.110 0.853130
1.115 0.852110
1.120 0.850630
1.125 0.847620
1.130 0.841420
1.135 0.833710
1.140 0.822570
1.145 0.810840
1.150 0.799880
1.155 0.791370
1.160 0.788180
1.165 0.785240
1.170 0.784300
1.175 0.784210
1.180 0.783170
1.185 0.783220
1.190 0.783030
1.195 0.783730
1.200 0.784900
1.205 0.786750
1.210 0.788450
1.215 0.790960
1.220 0.793580
1.225 0.795790
1.230 0.799010
1.235 0.800710
1.240 0.802570
1.245 0.805560
1.250 0.806270
1.255 0.807120
1.260 0.807920
1.265 0.808250
1.270 0.808680
1.275 0.809180
1.280 0.807350
1.285 0.805250
1.290 0.802320
1.295 0.798540
1.300 0.794440
1.305 0.788050
1.310 0.781090
1.315 0.772030
1.320 0.761610
1.325 0.750100
1.330 0.736990
1.335 0.723910
1.340 0.710710
1.345 0.698240
1.350 0.685690
1.355 0.674340
1.360 0.661360
1.365 0.646050
1.370 0.625090
1.375 0.596010
1.380 0.555400
1.385 0.503840
1.390 0.446400
1.395 0.389170
1.400 0.337810
1.405 0.297250
1.410 0.267540
1.415 0.247520
1.420 0.234440
1.425 0.226380
1.430 0.222230
1.435 0.220560
1.440 0.220690
1.445 0.221650
1.450 0.223820
1.455 0.226380
1.460 0.230660
1.465 0.237030
1.470 0.245760
1.475 0.256160
1.480 0.267640
1.485 0.280170
1.490 0.293070
1.495 0.306590
1.500 0.319650
1.505 0.333160
1.510 0.346320
1.515 0.359750
1.520 0.372760
1.525 0.385490
1.530 0.397730
1.535 0.408950
1.540 0.420470
1.545 0.431350
1.550 0.441440
1.555 0.451470
1.560 0.461040
1.565 0.470540
1.570 0.479550
1.575 0.487680
1.580 0.495770
1.585 0.503870
1.590 0.511530
1.595 0.518670
1.600 0.525340
1.605 0.531920
1.610 0.537730
1.615 0.543780
1.620 0.549080
1.625 0.553990
1.630 0.558760
1.635 0.562970
1.640 0.566490
1.645 0.568960
1.650 0.570710
1.655 0.571730
1.660 0.571600
1.665 0.570050
1.670 0.568100
1.675 0.566620
1.680 0.565330
1.685 0.563120
1.690 0.560430
1.695 0.557310
1.700 0.554930
1.705 0.550390
1.710 0.546610
1.715 0.542450
1.720 0.537610
1.725 0.532410
1.730 0.528100
1.735 0.522810
1.740 0.517110
1.745 0.511820
1.750 0.504630
1.755 0.497730
1.760 0.490410
1.765 0.484640
1.770 0.478770
1.775 0.474390
1.780 0.470480
1.785 0.467750
1.790 0.466910
1.795 0.466810
1.800 0.466640
1.805 0.478470
1.810 0.478890
1.815 0.478750
1.820 0.478320
1.825 0.476530
1.830 0.473500
1.835 0.468580
1.840 0.460600
1.845 0.449240
1.850 0.432110
1.855 0.408820
1.860 0.378160
1.865 0.339620
1.870 0.292580
1.875 0.240460
1.880 0.190010
1.885 0.144520
1.890 0.107680
1.895 0.081385
1.900 0.065109
1.905 0.055675
1.910 0.050753
1.915 0.048322
1.920 0.047289
1.925 0.047065
1.930 0.047766
1.935 0.049146
1.940 0.050878
1.945 0.053162
1.950 0.055910
1.955 0.059197
1.960 0.062807
1.965 0.066804
1.970 0.071303
1.975 0.076320
1.980 0.081639
1.985 0.087295
1.990 0.093108
1.995 0.099289
2.000 0.105650
2.005 0.112110
2.010 0.118400
2.015 0.124680
2.020 0.130760
2.025 0.136620
2.030 0.142330
2.035 0.147510
2.040 0.152460
2.045 0.157420
2.050 0.162150
2.055 0.166970
2.060 0.172000
2.065 0.177090
2.070 0.182190
2.075 0.187280
2.080 0.192150
2.085 0.196890
2.090 0.201670
2.095 0.206090
2.100 0.210350
2.105 0.214790
2.110 0.218900
2.115 0.223360
2.120 0.227840
2.125 0.232350
2.130 0.236740
2.135 0.240320
2.140 0.243920
2.145 0.247260
2.150 0.250830
2.155 0.254120
2.160 0.257330
2.165 0.260560
2.170 0.263430
2.175 0.266670
2.180 0.269750
2.185 0.272800
2.190 0.275780
2.195 0.278550
2.200 0.280860
2.205 0.282900
2.210 0.283940
2.215 0.284950
2.220 0.284860
2.225 0.283860
2.230 0.281950
2.235 0.278740
2.240 0.274470
2.245 0.269580
2.250 0.264140
2.255 0.258130
2.260 0.252190
2.265 0.245880
2.270 0.240090
2.275 0.234380
2.280 0.228900
2.285 0.224330
2.290 0.219460
2.295 0.215060
2.300 0.209520
2.305 0.204330
2.310 0.200230
2.315 0.196420
2.320 0.193590
2.325 0.190070
2.330 0.185800
2.335 0.181350
2.340 0.176610
2.345 0.171940
2.350 0.167750
2.355 0.163780
2.360 0.159920
2.365 0.156090
2.370 0.152050
2.375 0.147900
2.380 0.143300
2.385 0.138830
2.390 0.134620
2.395 0.129750
2.400 0.125370
2.405 0.120850
2.410 0.115850
2.415 0.111660
2.420 0.106920
2.425 0.102720
2.430 0.098318
2.435 0.094659
2.440 0.089444
2.445 0.085423
2.450 0.082125
2.455 0.078223
2.460 0.074097
2.465 0.072958
2.470 0.069257
2.475 0.066533
2.480 0.063728
2.485 0.063466
2.490 0.058349
2.495 0.059419
2.500 0.058171
