0.350 0.017372
0.355 0.019109
0.360 0.020846
0.365 0.022584
0.370 0.024321
0.375 0.026058
0.380 0.027795
0.385 0.029532
0.390 0.031270
0.395 0.033007
0.400 0.034744
0.405 0.033091
0.410 0.033899
0.415 0.031764
0.420 0.032357
0.425 0.030457
0.430 0.031159
0.435 0.030570
0.440 0.031293
0.445 0.032108
0.450 0.031047
0.455 0.031410
0.460 0.031309
0.465 0.030886
0.470 0.030944
0.475 0.031192
0.480 0.031554
0.485 0.031426
0.490 0.031198
0.495 0.031950
0.500 0.032850
0.505 0.034655
0.510 0.038203
0.515 0.045856
0.520 0.057777
0.525 0.072562
0.530 0.086526
0.535 0.096243
0.540 0.102140
0.545 0.105470
0.550 0.108250
0.555 0.109170
0.560 0.105720
0.565 0.098136
0.570 0.088025
0.575 0.077624
0.580 0.069634
0.585 0.064353
0.590 0.060451
0.595 0.058255
0.600 0.056723
0.605 0.054397
0.610 0.051317
0.615 0.048126
0.620 0.045407
0.625 0.043766
0.630 0.043032
0.635 0.042201
0.640 0.039924
0.645 0.037007
0.650 0.034895
0.655 0.034031
0.660 0.033254
0.665 0.032802
0.670 0.033277
0.675 0.034648
0.680 0.036651
0.685 0.039495
0.690 0.045234
0.695 0.066790
0.700 0.112290
0.705 0.175100
0.710 0.244940
0.715 0.320510
0.720 0.399010
0.725 0.476080
0.730 0.545430
0.735 0.602860
0.740 0.647350
0.745 0.679060
0.750 0.700390
0.755 0.713740
0.760 0.722240
0.765 0.727530
0.770 0.730690
0.775 0.732980
0.780 0.735050
0.785 0.736860
0.790 0.738480
0.795 0.740430
0.800 0.742190
0.805 0.743890
0.810 0.745640
0.815 0.747320
0.820 0.748640
0.825 0.750430
0.830 0.751750
0.835 0.752780
0.840 0.754190
0.845 0.755810
0.850 0.757160
0.855 0.758650
0.860 0.759810
0.865 0.760950
0.870 0.762130
0.875 0.763290
0.880 0.764130
0.885 0.765050
0.890 0.765570
0.895 0.766430
0.900 0.767110
0.905 0.767840
0.910 0.768370
0.915 0.769110
0.920 0.769180
0.925 0.769040
0.930 0.768090
0.935 0.766470
0.940 0.764500
0.945 0.761810
0.950 0.757520
0.955 0.751720
0.960 0.746120
0.965 0.742950
0.970 0.742960
0.975 0.743280
0.980 0.744830
0.985 0.746440
0.990 0.749400
0.995 0.752740
1.000 0.756790
1.005 0.749870
1.010 0.754620
1.015 0.758790
1.020 0.761660
1.025 0.766120
1.030 0.769760
1.035 0.774240
1.040 0.777150
1.045 0.779190
1.050 0.781000
1.055 0.784220
1.060 0.785950
1.065 0.787280
1.070 0.788900
1.075 0.788620
1.080 0.789540
1.085 0.790890
1.090 0.789500
1.095 0.789550
1.100 0.788400
1.105 0.786540
1.110 0.784460
1.115 0.782740
1.120 0.780210
1.125 0.776120
1.130 0.769630
1.135 0.758820
1.140 0.744590
1.145 0.729320
1.150 0.714520
1.155 0.703970
1.160 0.696330
1.165 0.693800
1.170 0.693250
1.175 0.692380
1.180 0.691790
1.185 0.691130
1.190 0.691050
1.195 0.691410
1.200 0.692870
1.205 0.694460
1.210 0.696570
1.215 0.699460
1.220 0.702690
1.225 0.706340
1.230 0.709170
1.235 0.711610
1.240 0.713920
1.245 0.716350
1.250 0.717710
1.255 0.720080
1.260 0.720910
1.265 0.720710
1.270 0.721260
1.275 0.721030
1.280 0.719330
1.285 0.717390
1.290 0.714920
1.295 0.709710
1.300 0.703910
1.305 0.696240
1.310 0.687200
1.315 0.676750
1.320 0.663210
1.325 0.648570
1.330 0.633260
1.335 0.617200
1.340 0.601110
1.345 0.585200
1.350 0.569280
1.355 0.554740
1.360 0.539140
1.365 0.522520
1.370 0.499800
1.375 0.468780
1.380 0.426700
1.385 0.376410
1.390 0.322210
1.395 0.270570
1.400 0.226960
1.405 0.193620
1.410 0.170040
1.415 0.154720
1.420 0.144640
1.425 0.138430
1.430 0.134760
1.435 0.132610
1.440 0.132280
1.445 0.132630
1.450 0.133560
1.455 0.135040
1.460 0.137560
1.465 0.141430
1.470 0.147560
1.475 0.154530
1.480 0.162890
1.485 0.171870
1.490 0.181300
1.495 0.191170
1.500 0.201350
1.505 0.211680
1.510 0.222090
1.515 0.232960
1.520 0.243490
1.525 0.253550
1.530 0.264010
1.535 0.273560
1.540 0.283110
1.545 0.292290
1.550 0.301270
1.555 0.309750
1.560 0.318110
1.565 0.326510
1.570 0.334280
1.575 0.341620
1.580 0.348740
1.585 0.355800
1.590 0.362800
1.595 0.369250
1.600 0.375850
1.605 0.381200
1.610 0.386830
1.615 0.392600
1.620 0.397250
1.625 0.401650
1.630 0.405840
1.635 0.408930
1.640 0.412230
1.645 0.414530
1.650 0.415720
1.655 0.416230
1.660 0.416980
1.665 0.418110
1.670 0.419500
1.675 0.419510
1.680 0.419000
1.685 0.417260
1.690 0.414100
1.695 0.411490
1.700 0.407790
1.705 0.403640
1.710 0.399960
1.715 0.395730
1.720 0.391790
1.725 0.387330
1.730 0.382930
1.735 0.378250
1.740 0.372720
1.745 0.366720
1.750 0.360930
1.755 0.353620
1.760 0.347610
1.765 0.342150
1.770 0.336530
1.775 0.332070
1.780 0.328690
1.785 0.326450
1.790 0.325300
1.795 0.324540
1.800 0.324330
1.805 0.325550
1.810 0.325880
1.815 0.325340
1.820 0.324610
1.825 0.322840
1.830 0.320310
1.835 0.316220
1.840 0.309840
1.845 0.300710
1.850 0.287540
1.855 0.269400
1.860 0.245460
1.865 0.216070
1.870 0.181790
1.875 0.146530
1.880 0.113600
1.885 0.085682
1.890 0.064460
1.895 0.050389
1.900 0.042424
1.905 0.038221
1.910 0.036078
1.915 0.035087
1.920 0.034813
1.925 0.034820
1.930 0.035014
1.935 0.035441
1.940 0.036051
1.945 0.036864
1.950 0.037909
1.955 0.039073
1.960 0.040428
1.965 0.042113
1.970 0.043815
1.975 0.045918
1.980 0.048224
1.985 0.050612
1.990 0.053364
1.995 0.056168
2.000 0.059336
2.005 0.062290
2.010 0.065484
2.015 0.068682
2.020 0.072006
2.025 0.075125
2.030 0.078161
2.035 0.081128
2.040 0.084089
2.045 0.086917
2.050 0.089586
2.055 0.092322
2.060 0.095138
2.065 0.097973
2.070 0.100730
2.075 0.103660
2.080 0.106160
2.085 0.108860
2.090 0.111620
2.095 0.114240
2.100 0.116830
2.105 0.119330
2.110 0.121740
2.115 0.124110
2.120 0.126330
2.125 0.128590
2.130 0.130670
2.135 0.132950
2.140 0.135160
2.145 0.137590
2.150 0.139990
2.155 0.142220
2.160 0.144320
2.165 0.146400
2.170 0.148190
2.175 0.150220
2.180 0.152190
2.185 0.154110
2.190 0.155870
2.195 0.157890
2.200 0.159570
2.205 0.160920
2.210 0.162180
2.215 0.162940
2.220 0.163280
2.225 0.162980
2.230 0.161860
2.235 0.159740
2.240 0.157000
2.245 0.154070
2.250 0.150530
2.255 0.147260
2.260 0.143820
2.265 0.140260
2.270 0.136670
2.275 0.132940
2.280 0.129490
2.285 0.126480
2.290 0.123560
2.295 0.120410
2.300 0.117330
2.305 0.114370
2.310 0.111440
2.315 0.108850
2.320 0.106300
2.325 0.104010
2.330 0.101390
2.335 0.099019
2.340 0.096537
2.345 0.093993
2.350 0.092047
2.355 0.089336
2.360 0.087124
2.365 0.085117
2.370 0.082360
2.375 0.080279
2.380 0.077968
2.385 0.075732
2.390 0.073290
2.395 0.070181
2.400 0.068321
2.405 0.065854
2.410 0.063353
2.415 0.060965
2.420 0.059002
2.425 0.056554
2.430 0.054244
2.435 0.051994
2.440 0.050418
2.445 0.048271
2.450 0.046622
2.455 0.045348
2.460 0.044505
2.465 0.042188
2.470 0.043031
2.475 0.041427
2.480 0.040754
2.485 0.038173
2.490 0.040080
2.495 0.038375
2.500 0.039227
