0.350 0.078533
0.355 0.086386
0.360 0.094240
0.365 0.102090
0.370 0.109950
0.375 0.117800
0.380 0.125650
0.385 0.133510
0.390 0.141360
0.395 0.149210
0.400 0.157070
0.405 0.161580
0.410 0.167520
0.415 0.173560
0.420 0.176550
0.425 0.179590
0.430 0.185560
0.435 0.188700
0.440 0.197540
0.445 0.202030
0.450 0.204820
0.455 0.209440
0.460 0.214210
0.465 0.221750
0.470 0.223700
0.475 0.229260
0.480 0.233810
0.485 0.237710
0.490 0.241450
0.495 0.245760
0.500 0.251290
0.505 0.255070
0.510 0.259550
0.515 0.263890
0.520 0.269070
0.525 0.275910
0.530 0.281700
0.535 0.288270
0.540 0.294070
0.545 0.301460
0.550 0.306210
0.555 0.310730
0.560 0.313780
0.565 0.318260
0.570 0.322750
0.575 0.328800
0.580 0.333200
0.585 0.339120
0.590 0.344120
0.595 0.348350
0.600 0.352850
0.605 0.357380
0.610 0.361890
0.615 0.366330
0.620 0.372650
0.625 0.377550
0.630 0.382020
0.635 0.388490
0.640 0.392680
0.645 0.398920
0.650 0.403230
0.655 0.407540
0.660 0.413610
0.665 0.419700
0.670 0.423760
0.675 0.431560
0.680 0.438800
0.685 0.443320
0.690 0.449350
0.695 0.455340
0.700 0.461350
0.705 0.467360
0.710 0.472010
0.715 0.479310
0.720 0.486910
0.725 0.491180
0.730 0.494440
0.735 0.498910
0.740 0.503210
0.745 0.504970
0.750 0.507960
0.755 0.510860
0.760 0.515180
0.765 0.516520
0.770 0.520300
0.775 0.523120
0.780 0.525410
0.785 0.528610
0.790 0.531740
0.795 0.532800
0.800 0.537020
0.805 0.539150
0.810 0.541930
0.815 0.545890
0.820 0.548150
0.825 0.551050
0.830 0.553000
0.835 0.557240
0.840 0.560100
0.845 0.563100
0.850 0.566220
0.855 0.567300
0.860 0.570860
0.865 0.575160
0.870 0.578030
0.875 0.579800
0.880 0.582420
0.885 0.585650
0.890 0.588650
0.895 0.591720
0.900 0.594450
0.905 0.597560
0.910 0.600550
0.915 0.603550
0.920 0.606530
0.925 0.609520
0.930 0.614010
0.935 0.615540
0.940 0.618360
0.945 0.619940
0.950 0.621450
0.955 0.622980
0.960 0.622890
0.965 0.624480
0.970 0.626030
0.975 0.626100
0.980 0.627370
0.985 0.628990
0.990 0.630500
0.995 0.632010
1.000 0.633780
1.005 0.634830
1.010 0.636470
1.015 0.638060
1.020 0.637870
1.025 0.639500
1.030 0.641080
1.035 0.640880
1.040 0.642520
1.045 0.644020
1.050 0.645500
1.055 0.647010
1.060 0.648500
1.065 0.650090
1.070 0.649870
1.075 0.651660
1.080 0.651990
1.085 0.652940
1.090 0.652890
1.095 0.654650
1.100 0.654430
1.105 0.656180
1.110 0.656060
1.115 0.656090
1.120 0.656110
1.125 0.656140
1.130 0.656160
1.135 0.656190
1.140 0.656220
1.145 0.656240
1.150 0.656280
1.155 0.656310
1.160 0.656450
1.165 0.654700
1.170 0.654310
1.175 0.652920
1.180 0.651540
1.185 0.650630
1.190 0.650520
1.195 0.652590
1.200 0.657270
1.205 0.662470
1.210 0.666050
1.215 0.668500
1.220 0.668410
1.225 0.668440
1.230 0.668470
1.235 0.668500
1.240 0.668660
1.245 0.666930
1.250 0.667100
1.255 0.667170
1.260 0.667820
1.265 0.671140
1.270 0.674110
1.275 0.676090
1.280 0.674470
1.285 0.674590
1.290 0.673820
1.295 0.673260
1.300 0.673270
1.305 0.673450
1.310 0.671860
1.315 0.670230
1.320 0.669740
1.325 0.667530
1.330 0.665100
1.335 0.664210
1.340 0.660260
1.345 0.656430
1.350 0.653090
1.355 0.649590
1.360 0.645110
1.365 0.641090
1.370 0.638850
1.375 0.633590
1.380 0.627470
1.385 0.622790
1.390 0.613360
1.395 0.606810
1.400 0.601470
1.405 0.592590
1.410 0.585650
1.415 0.579750
1.420 0.574060
1.425 0.568290
1.430 0.562630
1.435 0.558210
1.440 0.556760
1.445 0.553730
1.450 0.552430
1.455 0.550730
1.460 0.550790
1.465 0.550810
1.470 0.550730
1.475 0.552180
1.480 0.555160
1.485 0.558130
1.490 0.564130
1.495 0.565640
1.500 0.568630
1.505 0.568660
1.510 0.568680
1.515 0.570180
1.520 0.570210
1.525 0.570230
1.530 0.570260
1.535 0.568820
1.540 0.567380
1.545 0.565940
1.550 0.568900
1.555 0.568930
1.560 0.570500
1.565 0.573440
1.570 0.578180
1.575 0.583690
1.580 0.586980
1.585 0.589900
1.590 0.592910
1.595 0.594260
1.600 0.597180
1.605 0.597130
1.610 0.597400
1.615 0.598900
1.620 0.600080
1.625 0.600150
1.630 0.600180
1.635 0.600200
1.640 0.600230
1.645 0.600270
1.650 0.600370
1.655 0.598770
1.660 0.597020
1.665 0.594210
1.670 0.591300
1.675 0.588400
1.680 0.585740
1.685 0.584250
1.690 0.582570
1.695 0.581290
1.700 0.580030
1.705 0.579840
1.710 0.578480
1.715 0.577180
1.720 0.577180
1.725 0.577250
1.730 0.575680
1.735 0.575750
1.740 0.577410
1.745 0.577340
1.750 0.577530
1.755 0.578760
1.760 0.580450
1.765 0.580320
1.770 0.582010
1.775 0.582140
1.780 0.583290
1.785 0.584940
1.790 0.586460
1.795 0.588040
1.800 0.588220
1.805 0.589360
1.810 0.589410
1.815 0.589370
1.820 0.591020
1.825 0.592580
1.830 0.592130
1.835 0.591160
1.840 0.589390
1.845 0.588840
1.850 0.585890
1.855 0.580060
1.860 0.573190
1.865 0.556810
1.870 0.545700
1.875 0.531570
1.880 0.519750
1.885 0.511070
1.890 0.503700
1.895 0.482900
1.900 0.469700
1.905 0.478380
1.910 0.446050
1.915 0.445110
1.920 0.446210
1.925 0.448250
1.930 0.451040
1.935 0.455140
1.940 0.456370
1.945 0.459320
1.950 0.463820
1.955 0.471880
1.960 0.478580
1.965 0.483550
1.970 0.488200
1.975 0.490900
1.980 0.494380
1.985 0.500350
1.990 0.501930
1.995 0.501120
2.000 0.499860
2.005 0.496880
2.010 0.492840
2.015 0.487550
2.020 0.482880
2.025 0.477860
2.030 0.471260
2.035 0.467120
2.040 0.462860
2.045 0.459300
2.050 0.456380
2.055 0.453350
2.060 0.452070
2.065 0.450770
2.070 0.447650
2.075 0.446380
2.080 0.445570
2.085 0.445400
2.090 0.446590
2.095 0.445660
2.100 0.445500
2.105 0.447210
2.110 0.449690
2.115 0.449270
2.120 0.451590
2.125 0.453120
2.130 0.454730
2.135 0.456860
2.140 0.457570
2.145 0.457630
2.150 0.457480
2.155 0.458460
2.160 0.457770
2.165 0.457760
2.170 0.457780
2.175 0.457800
2.180 0.457840
2.185 0.457860
2.190 0.457900
2.195 0.458080
2.200 0.456490
2.205 0.454850
2.210 0.454180
2.215 0.452790
2.220 0.451590
2.225 0.449290
2.230 0.447030
2.235 0.444180
2.240 0.441260
2.245 0.437470
2.250 0.427280
2.255 0.422910
2.260 0.415770
2.265 0.410940
2.270 0.407930
2.275 0.406970
2.280 0.406640
2.285 0.405680
2.290 0.403970
2.295 0.404130
2.300 0.404250
2.305 0.402570
2.310 0.402740
2.315 0.402770
2.320 0.402810
2.325 0.402830
2.330 0.402890
2.335 0.403250
2.340 0.404340
2.345 0.404410
2.350 0.404440
2.355 0.404470
2.360 0.404600
2.365 0.403300
2.370 0.404500
2.375 0.404570
2.380 0.404610
2.385 0.404730
2.390 0.403020
2.395 0.402910
2.400 0.400270
2.405 0.398450
2.410 0.396010
2.415 0.392830
2.420 0.391030
2.425 0.383570
2.430 0.379750
2.435 0.375360
2.440 0.366250
2.445 0.359360
2.450 0.356480
2.455 0.352150
2.460 0.347960
2.465 0.343410
2.470 0.340710
2.475 0.337770
2.480 0.333430
2.485 0.328930
2.490 0.325530
2.495 0.324610
2.500 0.326820
