0.350 0.068795
0.355 0.075675
0.360 0.082554
0.365 0.089434
0.370 0.096313
0.375 0.103190
0.380 0.110070
0.385 0.116950
0.390 0.123830
0.395 0.130710
0.400 0.137590
0.405 0.140440
0.410 0.142660
0.415 0.144300
0.420 0.146600
0.425 0.151150
0.430 0.153460
0.435 0.157460
0.440 0.157620
0.445 0.159870
0.450 0.162410
0.455 0.164820
0.460 0.161110
0.465 0.165900
0.470 0.170170
0.475 0.170650
0.480 0.172420
0.485 0.174790
0.490 0.179320
0.495 0.178140
0.500 0.182080
0.505 0.185610
0.510 0.187280
0.515 0.188890
0.520 0.190510
0.525 0.189100
0.530 0.191080
0.535 0.192820
0.540 0.193680
0.545 0.193840
0.550 0.195380
0.555 0.196170
0.560 0.200060
0.565 0.199870
0.570 0.198570
0.575 0.195490
0.580 0.193030
0.585 0.192960
0.590 0.192030
0.595 0.192700
0.600 0.189900
0.605 0.192020
0.610 0.193910
0.615 0.194690
0.620 0.194800
0.625 0.194910
0.630 0.191250
0.635 0.193250
0.640 0.190360
0.645 0.189760
0.650 0.190690
0.655 0.191140
0.660 0.189870
0.665 0.192590
0.670 0.190540
0.675 0.189650
0.680 0.190600
0.685 0.190160
0.690 0.192320
0.695 0.193260
0.700 0.193200
0.705 0.194020
0.710 0.195260
0.715 0.194590
0.720 0.197420
0.725 0.199760
0.730 0.200360
0.735 0.200630
0.740 0.203680
0.745 0.204450
0.750 0.206930
0.755 0.208920
0.760 0.209900
0.765 0.213700
0.770 0.214910
0.775 0.219640
0.780 0.220550
0.785 0.220850
0.790 0.221140
0.795 0.224300
0.800 0.223330
0.805 0.224220
0.810 0.224720
0.815 0.225270
0.820 0.225970
0.825 0.225930
0.830 0.225010
0.835 0.226330
0.840 0.225380
0.845 0.225950
0.850 0.226810
0.855 0.226650
0.860 0.226760
0.865 0.227420
0.870 0.227740
0.875 0.230060
0.880 0.230680
0.885 0.230030
0.890 0.231420
0.895 0.231510
0.900 0.233230
0.905 0.235130
0.910 0.235160
0.915 0.235170
0.920 0.238480
0.925 0.239290
0.930 0.240380
0.935 0.241580
0.940 0.244400
0.945 0.245430
0.950 0.246460
0.955 0.249420
0.960 0.250600
0.965 0.252000
0.970 0.254000
0.975 0.255460
0.980 0.257190
0.985 0.257820
0.990 0.260400
0.995 0.261950
1.000 0.264630
1.005 0.266510
1.010 0.267310
1.015 0.269000
1.020 0.269350
1.025 0.270480
1.030 0.271520
1.035 0.271390
1.040 0.274180
1.045 0.275180
1.050 0.279580
1.055 0.280300
1.060 0.282230
1.065 0.281230
1.070 0.283370
1.075 0.283430
1.080 0.285700
1.085 0.284250
1.090 0.287350
1.095 0.291180
1.100 0.291030
1.105 0.289240
1.110 0.292930
1.115 0.294730
1.120 0.295200
1.125 0.298460
1.130 0.299860
1.135 0.303310
1.140 0.304290
1.145 0.305830
1.150 0.308910
1.155 0.312340
1.160 0.315290
1.165 0.318220
1.170 0.321160
1.175 0.323900
1.180 0.323140
1.185 0.326610
1.190 0.328660
1.195 0.330340
1.200 0.332030
1.205 0.334480
1.210 0.338260
1.215 0.343040
1.220 0.339810
1.225 0.340730
1.230 0.345630
1.235 0.348750
1.240 0.352830
1.245 0.354950
1.250 0.358440
1.255 0.361100
1.260 0.364640
1.265 0.366310
1.270 0.369980
1.275 0.373560
1.280 0.377020
1.285 0.381160
1.290 0.385980
1.295 0.389270
1.300 0.392530
1.305 0.396190
1.310 0.399030
1.315 0.401870
1.320 0.403960
1.325 0.406340
1.330 0.407610
1.335 0.412240
1.340 0.416730
1.345 0.422250
1.350 0.421350
1.355 0.418340
1.360 0.418940
1.365 0.422880
1.370 0.428140
1.375 0.423880
1.380 0.421140
1.385 0.423220
1.390 0.422070
1.395 0.427380
1.400 0.431060
1.405 0.434510
1.410 0.445220
1.415 0.453190
1.420 0.458990
1.425 0.460460
1.430 0.463710
1.435 0.465910
1.440 0.466360
1.445 0.470680
1.450 0.474310
1.455 0.478180
1.460 0.478230
1.465 0.481070
1.470 0.483730
1.475 0.486560
1.480 0.487430
1.485 0.488590
1.490 0.488660
1.495 0.488320
1.500 0.496950
1.505 0.503350
1.510 0.505580
1.515 0.510450
1.520 0.513250
1.525 0.514440
1.530 0.514670
1.535 0.517590
1.540 0.519830
1.545 0.520030
1.550 0.520090
1.555 0.520340
1.560 0.522280
1.565 0.526560
1.570 0.529990
1.575 0.532080
1.580 0.535540
1.585 0.537110
1.590 0.538460
1.595 0.542940
1.600 0.545370
1.605 0.549600
1.610 0.548410
1.615 0.548750
1.620 0.551590
1.625 0.554090
1.630 0.555100
1.635 0.555250
1.640 0.555860
1.645 0.558520
1.650 0.562860
1.655 0.562730
1.660 0.564270
1.665 0.569550
1.670 0.570680
1.675 0.572990
1.680 0.573450
1.685 0.575460
1.690 0.576830
1.695 0.581880
1.700 0.583320
1.705 0.583450
1.710 0.585010
1.715 0.587480
1.720 0.584960
1.725 0.583430
1.730 0.587500
1.735 0.590050
1.740 0.591330
1.745 0.592370
1.750 0.594780
1.755 0.592260
1.760 0.594160
1.765 0.595110
1.770 0.595640
1.775 0.597820
1.780 0.599310
1.785 0.603940
1.790 0.606250
1.795 0.608190
1.800 0.606850
1.805 0.609810
1.810 0.609690
1.815 0.611280
1.820 0.615360
1.825 0.616440
1.830 0.612890
1.835 0.608080
1.840 0.612420
1.845 0.615750
1.850 0.622170
1.855 0.624210
1.860 0.623720
1.865 0.617890
1.870 0.616400
1.875 0.620940
1.880 0.625060
1.885 0.622030
1.890 0.621330
1.895 0.616690
1.900 0.613130
1.905 0.610620
1.910 0.611630
1.915 0.614870
1.920 0.612920
1.925 0.617410
1.930 0.621830
1.935 0.624460
1.940 0.629240
1.945 0.633100
1.950 0.635820
1.955 0.635030
1.960 0.637040
1.965 0.637140
1.970 0.639480
1.975 0.641920
1.980 0.642910
1.985 0.643680
1.990 0.647500
1.995 0.653280
2.000 0.654170
2.005 0.655030
2.010 0.657490
2.015 0.661940
2.020 0.668090
2.025 0.669140
2.030 0.673370
2.035 0.673430
2.040 0.675320
2.045 0.675390
2.050 0.678610
2.055 0.679630
2.060 0.678020
2.065 0.679640
2.070 0.682950
2.075 0.682850
2.080 0.682900
2.085 0.684800
2.090 0.684100
2.095 0.683040
2.100 0.682940
2.105 0.683160
2.110 0.681420
2.115 0.684730
2.120 0.682270
2.125 0.683830
2.130 0.682810
2.135 0.684560
2.140 0.682740
2.145 0.685380
2.150 0.684210
2.155 0.684600
2.160 0.686660
2.165 0.685320
2.170 0.683700
2.175 0.682720
2.180 0.684070
2.185 0.683170
2.190 0.681630
2.195 0.678600
2.200 0.678920
2.205 0.678720
2.210 0.680020
2.215 0.680710
2.220 0.680400
2.225 0.682540
2.230 0.679760
2.235 0.677950
2.240 0.673130
2.245 0.665570
2.250 0.661500
2.255 0.660110
2.260 0.663380
2.265 0.666340
2.270 0.666710
2.275 0.664180
2.280 0.655630
2.285 0.643330
2.290 0.631780
2.295 0.617250
2.300 0.607670
2.305 0.603730
2.310 0.596810
2.315 0.594840
2.320 0.589960
2.325 0.589280
2.330 0.590220
2.335 0.592250
2.340 0.597870
2.345 0.601630
2.350 0.610860
2.355 0.615610
2.360 0.620940
2.365 0.623180
2.370 0.622630
2.375 0.618340
2.380 0.612580
2.385 0.607830
2.390 0.605580
2.395 0.606160
2.400 0.608990
2.405 0.615660
2.410 0.619860
2.415 0.627060
2.420 0.632960
2.425 0.635730
2.430 0.639160
2.435 0.640310
2.440 0.642250
2.445 0.640510
2.450 0.642100
2.455 0.642100
2.460 0.640640
2.465 0.641940
2.470 0.638380
2.475 0.639650
2.480 0.639550
2.485 0.638970
2.490 0.637050
2.495 0.639350
2.500 0.637230
