0.350 0.016521
0.355 0.018173
0.360 0.019825
0.365 0.021477
0.370 0.023129
0.375 0.024781
0.380 0.026434
0.385 0.028086
0.390 0.029738
0.395 0.031390
0.400 0.033042
0.405 0.033291
0.410 0.033623
0.415 0.034129
0.420 0.032184
0.425 0.032866
0.430 0.034017
0.435 0.033327
0.440 0.033905
0.445 0.034267
0.450 0.035330
0.455 0.035409
0.460 0.036337
0.465 0.036277
0.470 0.036739
0.475 0.037182
0.480 0.037792
0.485 0.037671
0.490 0.038438
0.495 0.039720
0.500 0.042259
0.505 0.046612
0.510 0.054315
0.515 0.066644
0.520 0.083970
0.525 0.104940
0.530 0.124370
0.535 0.138850
0.540 0.147050
0.545 0.152270
0.550 0.156310
0.555 0.157800
0.560 0.153590
0.565 0.144230
0.570 0.130940
0.575 0.116910
0.580 0.105970
0.585 0.098104
0.590 0.092714
0.595 0.089454
0.600 0.087021
0.605 0.084699
0.610 0.080045
0.615 0.074350
0.620 0.069530
0.625 0.066748
0.630 0.065661
0.635 0.064205
0.640 0.060404
0.645 0.054988
0.650 0.050592
0.655 0.047986
0.660 0.044629
0.665 0.041484
0.670 0.039882
0.675 0.040028
0.680 0.041527
0.685 0.045481
0.690 0.057353
0.695 0.089922
0.700 0.149140
0.705 0.229010
0.710 0.319000
0.715 0.415210
0.720 0.511990
0.725 0.601660
0.730 0.677370
0.735 0.736060
0.740 0.778990
0.745 0.809150
0.750 0.828720
0.755 0.841340
0.760 0.849010
0.765 0.853980
0.770 0.856890
0.775 0.859160
0.780 0.861010
0.785 0.862810
0.790 0.864130
0.795 0.865710
0.800 0.867310
0.805 0.868700
0.810 0.870170
0.815 0.871850
0.820 0.873170
0.825 0.874570
0.830 0.875530
0.835 0.876560
0.840 0.878200
0.845 0.879540
0.850 0.881080
0.855 0.882100
0.860 0.883780
0.865 0.884890
0.870 0.885510
0.875 0.886620
0.880 0.887340
0.885 0.887720
0.890 0.888390
0.895 0.888720
0.900 0.889010
0.905 0.889540
0.910 0.889600
0.915 0.889630
0.920 0.889110
0.925 0.887880
0.930 0.885510
0.935 0.882160
0.940 0.878360
0.945 0.873250
0.950 0.865860
0.955 0.856360
0.960 0.848750
0.965 0.844520
0.970 0.844050
0.975 0.844200
0.980 0.845790
0.985 0.848550
0.990 0.851640
0.995 0.855240
1.000 0.859340
1.005 0.852150
1.010 0.857300
1.015 0.861940
1.020 0.867030
1.025 0.871410
1.030 0.874040
1.035 0.880200
1.040 0.882360
1.045 0.886120
1.050 0.889100
1.055 0.889900
1.060 0.893850
1.065 0.895840
1.070 0.895570
1.075 0.895590
1.080 0.894460
1.085 0.895190
1.090 0.894430
1.095 0.891960
1.100 0.890400
1.105 0.887860
1.110 0.885100
1.115 0.884010
1.120 0.878630
1.125 0.873000
1.130 0.863420
1.135 0.848830
1.140 0.829190
1.145 0.808980
1.150 0.791260
1.155 0.779420
1.160 0.772620
1.165 0.768580
1.170 0.768080
1.175 0.767890
1.180 0.767220
1.185 0.767160
1.190 0.767130
1.195 0.767760
1.200 0.769440
1.205 0.770910
1.210 0.773560
1.215 0.776130
1.220 0.779110
1.225 0.781980
1.230 0.785190
1.235 0.788270
1.240 0.791360
1.245 0.793190
1.250 0.794850
1.255 0.795900
1.260 0.797700
1.265 0.798090
1.270 0.797400
1.275 0.795810
1.280 0.793970
1.285 0.790830
1.290 0.786790
1.295 0.780220
1.300 0.772370
1.305 0.762410
1.310 0.750990
1.315 0.737450
1.320 0.722260
1.325 0.705480
1.330 0.687970
1.335 0.669560
1.340 0.651740
1.345 0.634970
1.350 0.619630
1.355 0.604140
1.360 0.588680
1.365 0.568740
1.370 0.542470
1.375 0.507630
1.380 0.461770
1.385 0.405850
1.390 0.347790
1.395 0.293410
1.400 0.247810
1.405 0.214050
1.410 0.190400
1.415 0.175230
1.420 0.165710
1.425 0.159790
1.430 0.156420
1.435 0.155180
1.440 0.155080
1.445 0.155440
1.450 0.156760
1.455 0.158890
1.460 0.162120
1.465 0.167050
1.470 0.173820
1.475 0.181840
1.480 0.191470
1.485 0.201720
1.490 0.212500
1.495 0.223750
1.500 0.235520
1.505 0.247250
1.510 0.259500
1.515 0.272120
1.520 0.283950
1.525 0.295980
1.530 0.308190
1.535 0.320030
1.540 0.331690
1.545 0.342610
1.550 0.353760
1.555 0.364390
1.560 0.374240
1.565 0.383820
1.570 0.393320
1.575 0.402480
1.580 0.410880
1.585 0.419000
1.590 0.427000
1.595 0.434850
1.600 0.441910
1.605 0.448690
1.610 0.455230
1.615 0.460940
1.620 0.466770
1.625 0.471540
1.630 0.476150
1.635 0.480530
1.640 0.484010
1.645 0.487060
1.650 0.489420
1.655 0.490790
1.660 0.490920
1.665 0.490780
1.670 0.490430
1.675 0.489940
1.680 0.489020
1.685 0.487510
1.690 0.484750
1.695 0.482560
1.700 0.479300
1.705 0.475310
1.710 0.471420
1.715 0.467170
1.720 0.461970
1.725 0.456370
1.730 0.451050
1.735 0.445260
1.740 0.439110
1.745 0.432150
1.750 0.424220
1.755 0.415970
1.760 0.408450
1.765 0.400830
1.770 0.393640
1.775 0.388120
1.780 0.383310
1.785 0.380300
1.790 0.378860
1.795 0.377640
1.800 0.377130
1.805 0.381560
1.810 0.381370
1.815 0.380960
1.820 0.379630
1.825 0.377370
1.830 0.374050
1.835 0.368080
1.840 0.359660
1.845 0.347170
1.850 0.330200
1.855 0.307680
1.860 0.278970
1.865 0.244760
1.870 0.205120
1.875 0.163930
1.880 0.126700
1.885 0.095484
1.890 0.071951
1.895 0.056243
1.900 0.047055
1.905 0.042286
1.910 0.039768
1.915 0.038498
1.920 0.037912
1.925 0.037908
1.930 0.038297
1.935 0.038782
1.940 0.039663
1.945 0.040762
1.950 0.042175
1.955 0.043906
1.960 0.045709
1.965 0.047978
1.970 0.050168
1.975 0.052954
1.980 0.055885
1.985 0.059111
1.990 0.062462
1.995 0.066059
2.000 0.069788
2.005 0.073738
2.010 0.077900
2.015 0.081942
2.020 0.086076
2.025 0.090110
2.030 0.094316
2.035 0.098443
2.040 0.102480
2.045 0.106280
2.050 0.110190
2.055 0.114400
2.060 0.118640
2.065 0.123030
2.070 0.127200
2.075 0.131590
2.080 0.136040
2.085 0.140320
2.090 0.144580
2.095 0.148760
2.100 0.152690
2.105 0.156870
2.110 0.160890
2.115 0.164730
2.120 0.168470
2.125 0.171930
2.130 0.175230
2.135 0.178250
2.140 0.181270
2.145 0.183890
2.150 0.186680
2.155 0.189440
2.160 0.192030
2.165 0.194420
2.170 0.197080
2.175 0.199340
2.180 0.201360
2.185 0.203340
2.190 0.205340
2.195 0.207050
2.200 0.208370
2.205 0.209120
2.210 0.209830
2.215 0.209970
2.220 0.209760
2.225 0.208890
2.230 0.207100
2.235 0.204990
2.240 0.201990
2.245 0.198630
2.250 0.194830
2.255 0.190630
2.260 0.186220
2.265 0.181770
2.270 0.177020
2.275 0.172980
2.280 0.169050
2.285 0.165490
2.290 0.161730
2.295 0.157840
2.300 0.153690
2.305 0.149670
2.310 0.146210
2.315 0.142890
2.320 0.139540
2.325 0.136050
2.330 0.132950
2.335 0.128680
2.340 0.124790
2.345 0.121360
2.350 0.117800
2.355 0.114540
2.360 0.111370
2.365 0.108240
2.370 0.104350
2.375 0.101350
2.380 0.098374
2.385 0.095486
2.390 0.091913
2.395 0.088764
2.400 0.085598
2.405 0.083047
2.410 0.080143
2.415 0.077248
2.420 0.074674
2.425 0.070857
2.430 0.069033
2.435 0.066944
2.440 0.063524
2.445 0.061028
2.450 0.058458
2.455 0.056121
2.460 0.055765
2.465 0.053195
2.470 0.051612
2.475 0.048996
2.480 0.047193
2.485 0.046677
2.490 0.046273
2.495 0.049590
2.500 0.046837
