0.350 0.022383
0.355 0.024621
0.360 0.026860
0.365 0.029098
0.370 0.031336
0.375 0.033575
0.380 0.035813
0.385 0.038051
0.390 0.040289
0.395 0.042528
0.400 0.044766
0.405 0.045950
0.410 0.043876
0.415 0.045803
0.420 0.044080
0.425 0.044810
0.430 0.045359
0.435 0.044815
0.440 0.044554
0.445 0.044791
0.450 0.045612
0.455 0.045730
0.460 0.046087
0.465 0.046379
0.470 0.046137
0.475 0.046546
0.480 0.045872
0.485 0.046469
0.490 0.046466
0.495 0.046826
0.500 0.048575
0.505 0.050854
0.510 0.054917
0.515 0.062267
0.520 0.073756
0.525 0.088060
0.530 0.100940
0.535 0.110350
0.540 0.116510
0.545 0.120320
0.550 0.123370
0.555 0.124620
0.560 0.121830
0.565 0.115450
0.570 0.106570
0.575 0.097173
0.580 0.089829
0.585 0.084630
0.590 0.080647
0.595 0.078934
0.600 0.078469
0.605 0.077895
0.610 0.075187
0.615 0.070694
0.620 0.067526
0.625 0.066389
0.630 0.066006
0.635 0.065143
0.640 0.062272
0.645 0.058446
0.650 0.055191
0.655 0.053765
0.660 0.052054
0.665 0.050170
0.670 0.049518
0.675 0.049992
0.680 0.051703
0.685 0.055287
0.690 0.064966
0.695 0.093107
0.700 0.144120
0.705 0.210530
0.710 0.281650
0.715 0.354220
0.720 0.424660
0.725 0.488710
0.730 0.542340
0.735 0.583860
0.740 0.614580
0.745 0.635850
0.750 0.650130
0.755 0.659240
0.760 0.665130
0.765 0.669010
0.770 0.671650
0.775 0.673850
0.780 0.675850
0.785 0.677650
0.790 0.679540
0.795 0.681430
0.800 0.683180
0.805 0.684970
0.810 0.686990
0.815 0.688760
0.820 0.690330
0.825 0.692100
0.830 0.693580
0.835 0.694770
0.840 0.696470
0.845 0.698140
0.850 0.699750
0.855 0.701300
0.860 0.702680
0.865 0.703930
0.870 0.705180
0.875 0.706420
0.880 0.707420
0.885 0.708260
0.890 0.709140
0.895 0.710180
0.900 0.710810
0.905 0.711490
0.910 0.712250
0.915 0.712720
0.920 0.713020
0.925 0.712730
0.930 0.712010
0.935 0.710780
0.940 0.709430
0.945 0.707350
0.950 0.703540
0.955 0.698190
0.960 0.693780
0.965 0.691170
0.970 0.690840
0.975 0.691150
0.980 0.692270
0.985 0.694000
0.990 0.696750
0.995 0.700040
1.000 0.702820
1.005 0.707640
1.010 0.711090
1.015 0.714420
1.020 0.717260
1.025 0.721260
1.030 0.726030
1.035 0.728670
1.040 0.730680
1.045 0.733380
1.050 0.735160
1.055 0.738170
1.060 0.740840
1.065 0.742130
1.070 0.743280
1.075 0.743470
1.080 0.745750
1.085 0.745910
1.090 0.745380
1.095 0.744320
1.100 0.745530
1.105 0.744140
1.110 0.743650
1.115 0.742640
1.120 0.740640
1.125 0.735930
1.130 0.730990
1.135 0.721930
1.140 0.709260
1.145 0.695270
1.150 0.682010
1.155 0.672250
1.160 0.666020
1.165 0.663470
1.170 0.662690
1.175 0.662060
1.180 0.661400
1.185 0.661360
1.190 0.660910
1.195 0.661580
1.200 0.661610
1.205 0.663640
1.210 0.665170
1.215 0.668400
1.220 0.672440
1.225 0.676800
1.230 0.680610
1.235 0.683970
1.240 0.687230
1.245 0.689580
1.250 0.691750
1.255 0.693540
1.260 0.695840
1.265 0.696430
1.270 0.696530
1.275 0.696100
1.280 0.695040
1.285 0.693490
1.290 0.690900
1.295 0.686920
1.300 0.682170
1.305 0.675620
1.310 0.667260
1.315 0.656960
1.320 0.646170
1.325 0.632640
1.330 0.618250
1.335 0.603940
1.340 0.588910
1.345 0.574640
1.350 0.561540
1.355 0.548130
1.360 0.534050
1.365 0.517680
1.370 0.495620
1.375 0.466530
1.380 0.426820
1.385 0.378790
1.390 0.326810
1.395 0.277190
1.400 0.234560
1.405 0.201900
1.410 0.178590
1.415 0.163030
1.420 0.153310
1.425 0.147410
1.430 0.144510
1.435 0.143060
1.440 0.142910
1.445 0.143550
1.450 0.144850
1.455 0.146550
1.460 0.149610
1.465 0.153660
1.470 0.159870
1.475 0.167200
1.480 0.175080
1.485 0.184320
1.490 0.194000
1.495 0.203740
1.500 0.213740
1.505 0.224030
1.510 0.234170
1.515 0.244630
1.520 0.254390
1.525 0.264330
1.530 0.274540
1.535 0.284030
1.540 0.293160
1.545 0.301910
1.550 0.310690
1.555 0.319170
1.560 0.327270
1.565 0.334530
1.570 0.341970
1.575 0.348900
1.580 0.355570
1.585 0.361500
1.590 0.367770
1.595 0.374170
1.600 0.379920
1.605 0.385550
1.610 0.390510
1.615 0.395790
1.620 0.400390
1.625 0.404410
1.630 0.408470
1.635 0.411480
1.640 0.414220
1.645 0.415320
1.650 0.415450
1.655 0.415250
1.660 0.414810
1.665 0.415710
1.670 0.416030
1.675 0.415750
1.680 0.415260
1.685 0.413230
1.690 0.410330
1.695 0.406760
1.700 0.402380
1.705 0.398010
1.710 0.392440
1.715 0.387040
1.720 0.381460
1.725 0.375640
1.730 0.372210
1.735 0.368630
1.740 0.364890
1.745 0.360740
1.750 0.355190
1.755 0.349300
1.760 0.344270
1.765 0.339530
1.770 0.335080
1.775 0.331450
1.780 0.328750
1.785 0.326800
1.790 0.325340
1.795 0.325130
1.800 0.324550
1.805 0.322600
1.810 0.322560
1.815 0.322360
1.820 0.321690
1.825 0.320400
1.830 0.318200
1.835 0.314520
1.840 0.308480
1.845 0.299900
1.850 0.287240
1.855 0.270060
1.860 0.247580
1.865 0.219600
1.870 0.186390
1.875 0.151120
1.880 0.117800
1.885 0.089365
1.890 0.067622
1.895 0.053195
1.900 0.044975
1.905 0.040389
1.910 0.038120
1.915 0.036991
1.920 0.036650
1.925 0.036567
1.930 0.036824
1.935 0.037432
1.940 0.038165
1.945 0.039068
1.950 0.040330
1.955 0.041662
1.960 0.043212
1.965 0.044966
1.970 0.047044
1.975 0.049282
1.980 0.051895
1.985 0.054546
1.990 0.057491
1.995 0.060577
2.000 0.063937
2.005 0.067295
2.010 0.070661
2.015 0.074126
2.020 0.077652
2.025 0.080979
2.030 0.084210
2.035 0.087235
2.040 0.090215
2.045 0.093019
2.050 0.095795
2.055 0.098498
2.060 0.101260
2.065 0.103940
2.070 0.106670
2.075 0.109280
2.080 0.111880
2.085 0.114330
2.090 0.116800
2.095 0.119240
2.100 0.121330
2.105 0.123560
2.110 0.125530
2.115 0.127450
2.120 0.129340
2.125 0.130930
2.130 0.132770
2.135 0.134480
2.140 0.136540
2.145 0.138470
2.150 0.140620
2.155 0.142850
2.160 0.144950
2.165 0.146930
2.170 0.148890
2.175 0.150820
2.180 0.152660
2.185 0.154660
2.190 0.156730
2.195 0.158760
2.200 0.160280
2.205 0.161770
2.210 0.162940
2.215 0.163910
2.220 0.164110
2.225 0.163830
2.230 0.162960
2.235 0.160760
2.240 0.158100
2.245 0.154850
2.250 0.151360
2.255 0.147630
2.260 0.143860
2.265 0.140600
2.270 0.137250
2.275 0.134080
2.280 0.131480
2.285 0.128530
2.290 0.125230
2.295 0.121310
2.300 0.117530
2.305 0.113940
2.310 0.111390
2.315 0.109650
2.320 0.108670
2.325 0.106530
2.330 0.103890
2.335 0.100880
2.340 0.097639
2.345 0.094851
2.350 0.092098
2.355 0.090116
2.360 0.088208
2.365 0.085977
2.370 0.083926
2.375 0.080878
2.380 0.078529
2.385 0.076435
2.390 0.074094
2.395 0.072029
2.400 0.069763
2.405 0.067193
2.410 0.064984
2.415 0.062503
2.420 0.060965
2.425 0.058553
2.430 0.056303
2.435 0.054314
2.440 0.051771
2.445 0.050939
2.450 0.048389
2.455 0.047459
2.460 0.047225
2.465 0.044585
2.470 0.044340
2.475 0.043817
2.480 0.040047
2.485 0.041466
2.490 0.039442
2.495 0.038692
2.500 0.041687
