0.350 0.378260
0.355 0.375040
0.360 0.373550
0.365 0.371000
0.370 0.371070
0.375 0.370100
0.380 0.370330
0.385 0.370900
0.390 0.370970
0.395 0.371010
0.400 0.372150
0.405 0.372150
0.410 0.373210
0.415 0.373930
0.420 0.375090
0.425 0.376790
0.430 0.378500
0.435 0.380100
0.440 0.381430
0.445 0.382270
0.450 0.383440
0.455 0.383710
0.460 0.384500
0.465 0.384810
0.470 0.384660
0.475 0.384970
0.480 0.385150
0.485 0.385180
0.490 0.385790
0.495 0.386410
0.500 0.387620
0.505 0.389270
0.510 0.391730
0.515 0.395060
0.520 0.399320
0.525 0.403610
0.530 0.407290
0.535 0.409820
0.540 0.410880
0.545 0.412130
0.550 0.412650
0.555 0.413280
0.560 0.412510
0.565 0.411160
0.570 0.408740
0.575 0.406490
0.580 0.404450
0.585 0.403600
0.590 0.401720
0.595 0.400620
0.600 0.399990
0.605 0.399050
0.610 0.397550
0.615 0.395690
0.620 0.394440
0.625 0.393720
0.630 0.392920
0.635 0.392580
0.640 0.391460
0.645 0.389920
0.650 0.387430
0.655 0.386880
0.660 0.384980
0.665 0.383170
0.670 0.381890
0.675 0.381260
0.680 0.380810
0.685 0.381440
0.690 0.385110
0.695 0.393300
0.700 0.406020
0.705 0.421840
0.710 0.439660
0.715 0.459760
0.720 0.482210
0.725 0.507400
0.730 0.530920
0.735 0.552960
0.740 0.570740
0.745 0.584940
0.750 0.594210
0.755 0.600300
0.760 0.603610
0.765 0.605570
0.770 0.606420
0.775 0.606450
0.780 0.605080
0.785 0.605220
0.790 0.605040
0.795 0.604660
0.800 0.605190
0.805 0.604960
0.810 0.606510
0.815 0.607460
0.820 0.607900
0.825 0.608780
0.830 0.609080
0.835 0.608680
0.840 0.607990
0.845 0.606840
0.850 0.605110
0.855 0.602950
0.860 0.600140
0.865 0.596270
0.870 0.592200
0.875 0.588730
0.880 0.585520
0.885 0.581940
0.890 0.578140
0.895 0.574880
0.900 0.572600
0.905 0.570460
0.910 0.568280
0.915 0.566310
0.920 0.564870
0.925 0.562920
0.930 0.559630
0.935 0.555410
0.940 0.549890
0.945 0.542070
0.950 0.531650
0.955 0.519940
0.960 0.509720
0.965 0.501000
0.970 0.492720
0.975 0.486660
0.980 0.479580
0.985 0.473250
0.990 0.467300
0.995 0.462200
1.000 0.459700
1.005 0.457480
1.010 0.454910
1.015 0.455300
1.020 0.456610
1.025 0.458600
1.030 0.461930
1.035 0.463930
1.040 0.468490
1.045 0.474450
1.050 0.480690
1.055 0.487610
1.060 0.492440
1.065 0.497090
1.070 0.501990
1.075 0.505500
1.080 0.507780
1.085 0.505980
1.090 0.505710
1.095 0.503650
1.100 0.500230
1.105 0.498060
1.110 0.493590
1.115 0.489700
1.120 0.484960
1.125 0.478820
1.130 0.469820
1.135 0.456330
1.140 0.438340
1.145 0.418950
1.150 0.401920
1.155 0.385880
1.160 0.372640
1.165 0.360390
1.170 0.349920
1.175 0.339660
1.180 0.331730
1.185 0.323320
1.190 0.313730
1.195 0.306600
1.200 0.300920
1.205 0.295990
1.210 0.292980
1.215 0.290640
1.220 0.290580
1.225 0.291590
1.230 0.292000
1.235 0.292450
1.240 0.293480
1.245 0.294780
1.250 0.295810
1.255 0.297170
1.260 0.297010
1.265 0.298340
1.270 0.299930
1.275 0.300560
1.280 0.300010
1.285 0.300330
1.290 0.299570
1.295 0.297380
1.300 0.294370
1.305 0.291300
1.310 0.286940
1.315 0.280770
1.320 0.274990
1.325 0.267940
1.330 0.258580
1.335 0.250310
1.340 0.243220
1.345 0.234400
1.350 0.227540
1.355 0.221070
1.360 0.213980
1.365 0.208430
1.370 0.201010
1.375 0.191520
1.380 0.176520
1.385 0.159690
1.390 0.140920
1.395 0.121730
1.400 0.104480
1.405 0.090319
1.410 0.079676
1.415 0.070696
1.420 0.064130
1.425 0.059289
1.430 0.056057
1.435 0.053728
1.440 0.050052
1.445 0.049194
1.450 0.048428
1.455 0.047418
1.460 0.048290
1.465 0.046914
1.470 0.047559
1.475 0.049606
1.480 0.050552
1.485 0.051716
1.490 0.053036
1.495 0.054349
1.500 0.055971
1.505 0.058403
1.510 0.060354
1.515 0.061966
1.520 0.064366
1.525 0.066591
1.530 0.068011
1.535 0.069642
1.540 0.071782
1.545 0.072464
1.550 0.074064
1.555 0.076212
1.560 0.078320
1.565 0.080032
1.570 0.081173
1.575 0.083284
1.580 0.085058
1.585 0.086042
1.590 0.087359
1.595 0.088752
1.600 0.090357
1.605 0.092159
1.610 0.093705
1.615 0.095259
1.620 0.096729
1.625 0.097791
1.630 0.099204
1.635 0.100130
1.640 0.100340
1.645 0.101550
1.650 0.103000
1.655 0.103670
1.660 0.103610
1.665 0.103570
1.670 0.103730
1.675 0.103740
1.680 0.103180
1.685 0.102330
1.690 0.101510
1.695 0.100950
1.700 0.100200
1.705 0.098626
1.710 0.096792
1.715 0.095330
1.720 0.094461
1.725 0.093045
1.730 0.090872
1.735 0.090491
1.740 0.091643
1.745 0.091989
1.750 0.091425
1.755 0.090659
1.760 0.090231
1.765 0.089540
1.770 0.088253
1.775 0.087930
1.780 0.088293
1.785 0.088152
1.790 0.088564
1.795 0.089414
1.800 0.089779
1.805 0.089517
1.810 0.089480
1.815 0.089972
1.820 0.090836
1.825 0.091441
1.830 0.091253
1.835 0.090846
1.840 0.090828
1.845 0.090394
1.850 0.088156
1.855 0.084928
1.860 0.081211
1.865 0.075616
1.870 0.067827
1.875 0.059072
1.880 0.050978
1.885 0.043175
1.890 0.035325
1.895 0.028303
1.900 0.023657
1.905 0.021077
1.910 0.019954
1.915 0.019111
1.920 0.017566
1.925 0.016289
1.930 0.016304
1.935 0.016611
1.940 0.015901
1.945 0.015658
1.950 0.017138
1.955 0.018238
1.960 0.017716
1.965 0.017131
1.970 0.017999
1.975 0.019483
1.980 0.019972
1.985 0.020347
1.990 0.021516
1.995 0.022857
2.000 0.023184
2.005 0.023424
2.010 0.023696
2.015 0.024319
2.020 0.025301
2.025 0.026348
2.030 0.027440
2.035 0.028072
2.040 0.028067
2.045 0.027964
2.050 0.028123
2.055 0.028660
2.060 0.029046
2.065 0.029657
2.070 0.030396
2.075 0.030951
2.080 0.031377
2.085 0.031723
2.090 0.032450
2.095 0.032691
2.100 0.032205
2.105 0.032062
2.110 0.033001
2.115 0.034210
2.120 0.035165
2.125 0.036029
2.130 0.037143
2.135 0.038191
2.140 0.038686
2.145 0.038667
2.150 0.038310
2.155 0.038125
2.160 0.038808
2.165 0.039707
2.170 0.040503
2.175 0.041503
2.180 0.042617
2.185 0.043512
2.190 0.043229
2.195 0.042997
2.200 0.044094
2.205 0.045323
2.210 0.045703
2.215 0.045792
2.220 0.046579
2.225 0.046909
2.230 0.046436
2.235 0.045838
2.240 0.045404
2.245 0.044519
2.250 0.042747
2.255 0.040933
2.260 0.040249
2.265 0.039182
2.270 0.037002
2.275 0.034922
2.280 0.035107
2.285 0.035321
2.290 0.032937
2.295 0.031033
2.300 0.032603
2.305 0.033576
2.310 0.030055
2.315 0.027041
2.320 0.028280
2.325 0.030232
2.330 0.029493
2.335 0.027566
2.340 0.026975
2.345 0.026926
2.350 0.026247
2.355 0.025153
2.360 0.024718
2.365 0.024524
2.370 0.024260
2.375 0.023956
2.380 0.023741
2.385 0.023455
2.390 0.022731
2.395 0.022290
2.400 0.021901
2.405 0.021821
2.410 0.020984
2.415 0.020144
2.420 0.019780
2.425 0.019104
2.430 0.018707
2.435 0.018413
2.440 0.017711
2.445 0.017984
2.450 0.017809
2.455 0.017669
2.460 0.018399
2.465 0.017737
2.470 0.017991
2.475 0.017050
2.480 0.016969
2.485 0.016757
2.490 0.016714
2.495 0.015921
2.500 0.016386
