0.350 0.027981
0.355 0.030779
0.360 0.033577
0.365 0.036375
0.370 0.039173
0.375 0.041971
0.380 0.044770
0.385 0.047568
0.390 0.050366
0.395 0.053164
0.400 0.055962
0.405 0.058938
0.410 0.062757
0.415 0.063184
0.420 0.065779
0.425 0.068811
0.430 0.070070
0.435 0.067943
0.440 0.072310
0.445 0.071954
0.450 0.075466
0.455 0.080531
0.460 0.079623
0.465 0.082164
0.470 0.080414
0.475 0.086401
0.480 0.084594
0.485 0.087995
0.490 0.089591
0.495 0.088808
0.500 0.090866
0.505 0.092413
0.510 0.091559
0.515 0.095086
0.520 0.095068
0.525 0.096187
0.530 0.098766
0.535 0.100500
0.540 0.104480
0.545 0.104480
0.550 0.107910
0.555 0.107020
0.560 0.110990
0.565 0.113230
0.570 0.112690
0.575 0.114750
0.580 0.118120
0.585 0.118930
0.590 0.119630
0.595 0.120670
0.600 0.123530
0.605 0.126230
0.610 0.127730
0.615 0.130550
0.620 0.133030
0.625 0.135110
0.630 0.139590
0.635 0.139900
0.640 0.141540
0.645 0.145420
0.650 0.149420
0.655 0.155360
0.660 0.156630
0.665 0.162290
0.670 0.164740
0.675 0.168200
0.680 0.173230
0.685 0.176180
0.690 0.182910
0.695 0.186660
0.700 0.190840
0.705 0.195370
0.710 0.201870
0.715 0.205020
0.720 0.209560
0.725 0.213980
0.730 0.220350
0.735 0.221390
0.740 0.228160
0.745 0.232500
0.750 0.235850
0.755 0.240430
0.760 0.244270
0.765 0.248070
0.770 0.253650
0.775 0.255330
0.780 0.260600
0.785 0.263690
0.790 0.267330
0.795 0.271760
0.800 0.283550
0.805 0.285290
0.810 0.288620
0.815 0.291400
0.820 0.295270
0.825 0.298670
0.830 0.300910
0.835 0.302570
0.840 0.307330
0.845 0.311560
0.850 0.312110
0.855 0.315820
0.860 0.315850
0.865 0.321750
0.870 0.323530
0.875 0.324400
0.880 0.329380
0.885 0.332320
0.890 0.331240
0.895 0.333380
0.900 0.339660
0.905 0.340380
0.910 0.342190
0.915 0.342820
0.920 0.343460
0.925 0.347900
0.930 0.350920
0.935 0.351390
0.940 0.354210
0.945 0.357700
0.950 0.358700
0.955 0.359370
0.960 0.358350
0.965 0.362630
0.970 0.363100
0.975 0.363340
0.980 0.368220
0.985 0.369710
0.990 0.370010
0.995 0.373340
1.000 0.374790
1.005 0.374050
1.010 0.377090
1.015 0.381060
1.020 0.382070
1.025 0.379640
1.030 0.382310
1.035 0.383340
1.040 0.385500
1.045 0.383930
1.050 0.386520
1.055 0.390900
1.060 0.389340
1.065 0.392170
1.070 0.392370
1.075 0.393540
1.080 0.393860
1.085 0.397160
1.090 0.402290
1.095 0.402700
1.100 0.400780
1.105 0.401110
1.110 0.403250
1.115 0.405410
1.120 0.407200
1.125 0.408010
1.130 0.406370
1.135 0.406660
1.140 0.408150
1.145 0.411370
1.150 0.413600
1.155 0.415200
1.160 0.415410
1.165 0.416760
1.170 0.417030
1.175 0.417790
1.180 0.419570
1.185 0.420390
1.190 0.423010
1.195 0.422600
1.200 0.424070
1.205 0.425920
1.210 0.426770
1.215 0.424910
1.220 0.426910
1.225 0.429830
1.230 0.434290
1.235 0.435420
1.240 0.435100
1.245 0.435410
1.250 0.432520
1.255 0.431880
1.260 0.433480
1.265 0.434670
1.270 0.438830
1.275 0.442790
1.280 0.443030
1.285 0.445540
1.290 0.445460
1.295 0.446640
1.300 0.447580
1.305 0.448630
1.310 0.449240
1.315 0.449040
1.320 0.449720
1.325 0.450270
1.330 0.451420
1.335 0.453360
1.340 0.451010
1.345 0.455300
1.350 0.456340
1.355 0.458560
1.360 0.454160
1.365 0.453520
1.370 0.454180
1.375 0.453720
1.380 0.450880
1.385 0.449490
1.390 0.451190
1.395 0.449390
1.400 0.448360
1.405 0.448330
1.410 0.446190
1.415 0.445400
1.420 0.445640
1.425 0.445590
1.430 0.444490
1.435 0.445110
1.440 0.444400
1.445 0.444670
1.450 0.444610
1.455 0.443760
1.460 0.444150
1.465 0.445350
1.470 0.446380
1.475 0.449240
1.480 0.452220
1.485 0.451390
1.490 0.452030
1.495 0.453780
1.500 0.454130
1.505 0.457020
1.510 0.459190
1.515 0.459150
1.520 0.460350
1.525 0.462970
1.530 0.464510
1.535 0.465290
1.540 0.466900
1.545 0.469610
1.550 0.468480
1.555 0.470940
1.560 0.471980
1.565 0.472340
1.570 0.475550
1.575 0.473020
1.580 0.472970
1.585 0.474130
1.590 0.474310
1.595 0.473980
1.600 0.474800
1.605 0.472270
1.610 0.470180
1.615 0.471540
1.620 0.475470
1.625 0.476120
1.630 0.480390
1.635 0.480730
1.640 0.478930
1.645 0.477670
1.650 0.477550
1.655 0.477260
1.660 0.477540
1.665 0.478180
1.670 0.474560
1.675 0.474590
1.680 0.475310
1.685 0.475660
1.690 0.475450
1.695 0.473370
1.700 0.474980
1.705 0.472000
1.710 0.473180
1.715 0.475130
1.720 0.474260
1.725 0.476020
1.730 0.475930
1.735 0.474010
1.740 0.476240
1.745 0.472930
1.750 0.475850
1.755 0.477160
1.760 0.476640
1.765 0.476890
1.770 0.476990
1.775 0.479690
1.780 0.478800
1.785 0.480300
1.790 0.478870
1.795 0.478780
1.800 0.479230
1.805 0.480560
1.810 0.481890
1.815 0.481830
1.820 0.479170
1.825 0.480560
1.830 0.481910
1.835 0.482570
1.840 0.481730
1.845 0.480200
1.850 0.480180
1.855 0.480300
1.860 0.478940
1.865 0.474130
1.870 0.466400
1.875 0.456860
1.880 0.449020
1.885 0.437820
1.890 0.423290
1.895 0.406910
1.900 0.393020
1.905 0.383330
1.910 0.378560
1.915 0.375750
1.920 0.373430
1.925 0.377010
1.930 0.379360
1.935 0.381370
1.940 0.386370
1.945 0.391380
1.950 0.396850
1.955 0.398950
1.960 0.400950
1.965 0.405120
1.970 0.408880
1.975 0.413760
1.980 0.416030
1.985 0.422280
1.990 0.429210
1.995 0.430960
2.000 0.432040
2.005 0.432180
2.010 0.435540
2.015 0.434400
2.020 0.434290
2.025 0.434670
2.030 0.434590
2.035 0.434720
2.040 0.436180
2.045 0.432550
2.050 0.430020
2.055 0.432310
2.060 0.433800
2.065 0.435180
2.070 0.434430
2.075 0.433820
2.080 0.431490
2.085 0.432280
2.090 0.431780
2.095 0.429280
2.100 0.430730
2.105 0.429190
2.110 0.429560
2.115 0.429840
2.120 0.430100
2.125 0.429430
2.130 0.427830
2.135 0.427570
2.140 0.426970
2.145 0.426880
2.150 0.426000
2.155 0.427600
2.160 0.427240
2.165 0.428400
2.170 0.429050
2.175 0.430700
2.180 0.430390
2.185 0.431280
2.190 0.431770
2.195 0.431500
2.200 0.431840
2.205 0.432590
2.210 0.433430
2.215 0.434670
2.220 0.434600
2.225 0.433890
2.230 0.432980
2.235 0.430670
2.240 0.427910
2.245 0.424410
2.250 0.419700
2.255 0.414590
2.260 0.411400
2.265 0.407470
2.270 0.404610
2.275 0.401970
2.280 0.401910
2.285 0.398920
2.290 0.396880
2.295 0.394670
2.300 0.391080
2.305 0.389810
2.310 0.388080
2.315 0.390120
2.320 0.395870
2.325 0.398480
2.330 0.397450
2.335 0.396350
2.340 0.395100
2.345 0.393380
2.350 0.391920
2.355 0.395320
2.360 0.398340
2.365 0.398220
2.370 0.398500
2.375 0.398500
2.380 0.398570
2.385 0.397320
2.390 0.396960
2.395 0.397110
2.400 0.396740
2.405 0.395790
2.410 0.395170
2.415 0.392910
2.420 0.390580
2.425 0.388980
2.430 0.385680
2.435 0.383230
2.440 0.379520
2.445 0.376790
2.450 0.373850
2.455 0.369920
2.460 0.365980
2.465 0.362970
2.470 0.360450
2.475 0.357710
2.480 0.356370
2.485 0.354520
2.490 0.353180
2.495 0.352810
2.500 0.351890
