0.350 0.668140
0.355 0.666710
0.360 0.662610
0.365 0.658220
0.370 0.656750
0.375 0.655470
0.380 0.653680
0.385 0.654220
0.390 0.654600
0.395 0.656220
0.400 0.657530
0.405 0.658760
0.410 0.660230
0.415 0.661120
0.420 0.661820
0.425 0.661820
0.430 0.662430
0.435 0.663040
0.440 0.663300
0.445 0.663590
0.450 0.664040
0.455 0.664410
0.460 0.664610
0.465 0.664870
0.470 0.664910
0.475 0.665070
0.480 0.665290
0.485 0.665460
0.490 0.665750
0.495 0.665970
0.500 0.666120
0.505 0.666450
0.510 0.666670
0.515 0.667020
0.520 0.667340
0.525 0.667530
0.530 0.667680
0.535 0.667860
0.540 0.667890
0.545 0.668030
0.550 0.668030
0.555 0.668000
0.560 0.667940
0.565 0.668010
0.570 0.667940
0.575 0.667840
0.580 0.667640
0.585 0.667400
0.590 0.667300
0.595 0.667030
0.600 0.666540
0.605 0.666120
0.610 0.666010
0.615 0.665680
0.620 0.665160
0.625 0.664630
0.630 0.664160
0.635 0.663470
0.640 0.662880
0.645 0.662200
0.650 0.661440
0.655 0.660700
0.660 0.659880
0.665 0.659220
0.670 0.658610
0.675 0.658050
0.680 0.657420
0.685 0.656930
0.690 0.656400
0.695 0.655560
0.700 0.654270
0.705 0.652610
0.710 0.650870
0.715 0.649190
0.720 0.647500
0.725 0.645670
0.730 0.643370
0.735 0.641050
0.740 0.639050
0.745 0.637120
0.750 0.634770
0.755 0.632040
0.760 0.628770
0.765 0.625310
0.770 0.621610
0.775 0.617930
0.780 0.614560
0.785 0.611540
0.790 0.609130
0.795 0.607360
0.800 0.606400
0.805 0.606030
0.810 0.606260
0.815 0.606720
0.820 0.607200
0.825 0.607010
0.830 0.606100
0.835 0.604820
0.840 0.603200
0.845 0.600560
0.850 0.596800
0.855 0.592230
0.860 0.586860
0.865 0.580960
0.870 0.574230
0.875 0.567220
0.880 0.560020
0.885 0.553460
0.890 0.547780
0.895 0.543300
0.900 0.539710
0.905 0.537000
0.910 0.534960
0.915 0.532850
0.920 0.530810
0.925 0.527740
0.930 0.522770
0.935 0.516750
0.940 0.509820
0.945 0.499860
0.950 0.487730
0.955 0.472510
0.960 0.458090
0.965 0.446620
0.970 0.436590
0.975 0.425810
0.980 0.415000
0.985 0.403910
0.990 0.394200
0.995 0.384800
1.000 0.376030
1.005 0.369150
1.010 0.364070
1.015 0.361080
1.020 0.359650
1.025 0.360120
1.030 0.362750
1.035 0.367030
1.040 0.373030
1.045 0.380430
1.050 0.389130
1.055 0.398420
1.060 0.407850
1.065 0.416390
1.070 0.423520
1.075 0.428650
1.080 0.431480
1.085 0.431990
1.090 0.430580
1.095 0.427880
1.100 0.424140
1.105 0.419810
1.110 0.415310
1.115 0.410390
1.120 0.404800
1.125 0.397510
1.130 0.387310
1.135 0.373530
1.140 0.356750
1.145 0.338570
1.150 0.321000
1.155 0.304590
1.160 0.289650
1.165 0.275290
1.170 0.261460
1.175 0.248060
1.180 0.235380
1.185 0.223410
1.190 0.212340
1.195 0.202440
1.200 0.193530
1.205 0.185830
1.210 0.179130
1.215 0.173470
1.220 0.168770
1.225 0.164880
1.230 0.161860
1.235 0.159570
1.240 0.157880
1.245 0.156830
1.250 0.156360
1.255 0.156430
1.260 0.157060
1.265 0.158070
1.270 0.159360
1.275 0.160540
1.280 0.161480
1.285 0.161840
1.290 0.161590
1.295 0.160610
1.300 0.158990
1.305 0.156940
1.310 0.154420
1.315 0.151330
1.320 0.147840
1.325 0.143870
1.330 0.139660
1.335 0.135370
1.340 0.131080
1.345 0.127020
1.350 0.123180
1.355 0.119500
1.360 0.115610
1.365 0.111140
1.370 0.105500
1.375 0.098070
1.380 0.088393
1.385 0.076931
1.390 0.064696
1.395 0.053259
1.400 0.043594
1.405 0.035856
1.410 0.029895
1.415 0.025142
1.420 0.021326
1.425 0.018099
1.430 0.015434
1.435 0.013197
1.440 0.011337
1.445 0.009879
1.450 0.008678
1.455 0.007806
1.460 0.007139
1.465 0.006632
1.470 0.006267
1.475 0.005995
1.480 0.005820
1.485 0.005776
1.490 0.005708
1.495 0.005707
1.500 0.005775
1.505 0.005815
1.510 0.005880
1.515 0.005941
1.520 0.006086
1.525 0.006189
1.530 0.006317
1.535 0.006478
1.540 0.006627
1.545 0.006837
1.550 0.007035
1.555 0.007273
1.560 0.007583
1.565 0.007901
1.570 0.008250
1.575 0.008634
1.580 0.009020
1.585 0.009457
1.590 0.009872
1.595 0.010268
1.600 0.010657
1.605 0.011008
1.610 0.011355
1.615 0.011666
1.620 0.011965
1.625 0.012283
1.630 0.012636
1.635 0.012962
1.640 0.013326
1.645 0.013750
1.650 0.014198
1.655 0.014640
1.660 0.015131
1.665 0.015596
1.670 0.016067
1.675 0.016545
1.680 0.017029
1.685 0.017519
1.690 0.018013
1.695 0.018506
1.700 0.019009
1.705 0.019513
1.710 0.019937
1.715 0.020360
1.720 0.020724
1.725 0.021041
1.730 0.021278
1.735 0.021484
1.740 0.021592
1.745 0.021684
1.750 0.021707
1.755 0.021714
1.760 0.021693
1.765 0.021726
1.770 0.021844
1.775 0.022005
1.780 0.022220
1.785 0.022661
1.790 0.022575
1.795 0.021664
1.800 0.022053
1.805 0.022437
1.810 0.022781
1.815 0.023090
1.820 0.023485
1.825 0.023796
1.830 0.024051
1.835 0.024012
1.840 0.023410
1.845 0.022608
1.850 0.021732
1.855 0.020098
1.860 0.018249
1.865 0.016246
1.870 0.013882
1.875 0.011711
1.880 0.009746
1.885 0.007923
1.890 0.006635
1.895 0.005676
1.900 0.005067
1.905 0.004531
1.910 0.004320
1.915 0.004150
1.920 0.003929
1.925 0.003857
1.930 0.003571
1.935 0.003255
1.940 0.003340
1.945 0.003420
1.950 0.003376
1.955 0.003478
1.960 0.003504
1.965 0.003508
1.970 0.003431
1.975 0.003487
1.980 0.003495
1.985 0.003490
1.990 0.003381
1.995 0.003357
2.000 0.003433
2.005 0.003444
2.010 0.003469
2.015 0.003397
2.020 0.003465
2.025 0.003327
2.030 0.003429
2.035 0.003475
2.040 0.003216
2.045 0.003396
2.050 0.003359
2.055 0.003517
2.060 0.003394
2.065 0.003413
2.070 0.003514
2.075 0.003699
2.080 0.004043
2.085 0.004112
2.090 0.003979
2.095 0.003907
2.100 0.004054
2.105 0.004259
2.110 0.004668
2.115 0.004742
2.120 0.004958
2.125 0.005072
2.130 0.005257
2.135 0.005497
2.140 0.005753
2.145 0.005864
2.150 0.006006
2.155 0.006513
2.160 0.006766
2.165 0.006936
2.170 0.007151
2.175 0.007362
2.180 0.007228
2.185 0.008088
2.190 0.008383
2.195 0.008561
2.200 0.008851
2.205 0.009292
2.210 0.009634
2.215 0.010012
2.220 0.010247
2.225 0.010451
2.230 0.010467
2.235 0.010774
2.240 0.010756
2.245 0.010599
2.250 0.010691
2.255 0.010391
2.260 0.010405
2.265 0.010069
2.270 0.009639
2.275 0.009319
2.280 0.008869
2.285 0.008585
2.290 0.008328
2.295 0.007664
2.300 0.007206
2.305 0.006776
2.310 0.006894
2.315 0.006461
2.320 0.006220
2.325 0.005721
2.330 0.005434
2.335 0.005454
2.340 0.005299
2.345 0.004867
2.350 0.004979
2.355 0.005244
2.360 0.004291
2.365 0.004372
2.370 0.004304
2.375 0.004292
2.380 0.003661
2.385 0.003384
2.390 0.003307
2.395 0.003221
2.400 0.003228
2.405 0.002950
2.410 0.003052
2.415 0.002925
2.420 0.002930
2.425 0.003171
2.430 0.003444
2.435 0.003647
2.440 0.003476
2.445 0.003894
2.450 0.003846
2.455 0.005053
2.460 0.005173
2.465 0.006285
2.470 0.006246
2.475 0.006719
2.480 0.007174
2.485 0.007157
2.490 0.008946
2.495 0.012117
2.500 0.013194
