0.350 0.021297
0.355 0.023427
0.360 0.025556
0.365 0.027686
0.370 0.029816
0.375 0.031946
0.380 0.034075
0.385 0.036205
0.390 0.038335
0.395 0.040464
0.400 0.042594
0.405 0.046835
0.410 0.051362
0.415 0.056067
0.420 0.060964
0.425 0.065872
0.430 0.070792
0.435 0.075787
0.440 0.080272
0.445 0.084600
0.450 0.088934
0.455 0.093214
0.460 0.097355
0.465 0.101360
0.470 0.105310
0.475 0.109140
0.480 0.112920
0.485 0.116660
0.490 0.120330
0.495 0.123960
0.500 0.127540
0.505 0.131080
0.510 0.134610
0.515 0.138110
0.520 0.141600
0.525 0.145070
0.530 0.148530
0.535 0.151980
0.540 0.155450
0.545 0.159200
0.550 0.162470
0.555 0.165880
0.560 0.169390
0.565 0.172890
0.570 0.176350
0.575 0.179820
0.580 0.183240
0.585 0.186460
0.590 0.189710
0.595 0.192970
0.600 0.196290
0.605 0.199580
0.610 0.202730
0.615 0.205780
0.620 0.208740
0.625 0.211760
0.630 0.214780
0.635 0.217640
0.640 0.220340
0.645 0.222950
0.650 0.225530
0.655 0.228120
0.660 0.230630
0.665 0.233040
0.670 0.235440
0.675 0.237950
0.680 0.240630
0.685 0.243660
0.690 0.247120
0.695 0.250670
0.700 0.254100
0.705 0.257350
0.710 0.260410
0.715 0.263280
0.720 0.266000
0.725 0.268580
0.730 0.271050
0.735 0.273420
0.740 0.275680
0.745 0.277860
0.750 0.279980
0.755 0.282000
0.760 0.283990
0.765 0.285940
0.770 0.287830
0.775 0.289630
0.780 0.291400
0.785 0.293150
0.790 0.294840
0.795 0.296470
0.800 0.298080
0.805 0.299630
0.810 0.301130
0.815 0.302610
0.820 0.304040
0.825 0.305450
0.830 0.306810
0.835 0.308130
0.840 0.309440
0.845 0.310680
0.850 0.311880
0.855 0.313060
0.860 0.314200
0.865 0.315290
0.870 0.316370
0.875 0.317410
0.880 0.318380
0.885 0.319340
0.890 0.320250
0.895 0.321150
0.900 0.322020
0.905 0.322880
0.910 0.323730
0.915 0.324580
0.920 0.325430
0.925 0.326320
0.930 0.327220
0.935 0.328100
0.940 0.328990
0.945 0.329830
0.950 0.330640
0.955 0.331360
0.960 0.332020
0.965 0.332590
0.970 0.333030
0.975 0.333460
0.980 0.333930
0.985 0.334510
0.990 0.335160
0.995 0.335820
1.000 0.336180
1.005 0.335890
1.010 0.336720
1.015 0.337710
1.020 0.338500
1.025 0.339250
1.030 0.340030
1.035 0.340840
1.040 0.341660
1.045 0.342480
1.050 0.343240
1.055 0.343920
1.060 0.344630
1.065 0.345410
1.070 0.346200
1.075 0.347000
1.080 0.347810
1.085 0.348620
1.090 0.349390
1.095 0.350140
1.100 0.350890
1.105 0.351580
1.110 0.352200
1.115 0.352740
1.120 0.353210
1.125 0.353560
1.130 0.353740
1.135 0.353760
1.140 0.353630
1.145 0.353380
1.150 0.352980
1.155 0.352460
1.160 0.351980
1.165 0.351580
1.170 0.351290
1.175 0.351070
1.180 0.350880
1.185 0.350730
1.190 0.350710
1.195 0.350810
1.200 0.351010
1.205 0.351330
1.210 0.351830
1.215 0.352610
1.220 0.353670
1.225 0.354930
1.230 0.356310
1.235 0.357710
1.240 0.359040
1.245 0.360270
1.250 0.361400
1.255 0.362440
1.260 0.363370
1.265 0.364210
1.270 0.365020
1.275 0.365850
1.280 0.366730
1.285 0.367600
1.290 0.368400
1.295 0.369120
1.300 0.369760
1.305 0.370300
1.310 0.370690
1.315 0.370910
1.320 0.370930
1.325 0.370700
1.330 0.370140
1.335 0.369190
1.340 0.367900
1.345 0.366290
1.350 0.364450
1.355 0.362530
1.360 0.360670
1.365 0.358970
1.370 0.357500
1.375 0.356170
1.380 0.354570
1.385 0.352260
1.390 0.348970
1.395 0.344580
1.400 0.338960
1.405 0.332160
1.410 0.324470
1.415 0.316410
1.420 0.308690
1.425 0.301990
1.430 0.296760
1.435 0.293110
1.440 0.290870
1.445 0.289650
1.450 0.289080
1.455 0.288920
1.460 0.289040
1.465 0.289410
1.470 0.290100
1.475 0.291080
1.480 0.292300
1.485 0.293680
1.490 0.295210
1.495 0.296920
1.500 0.298790
1.505 0.300780
1.510 0.302860
1.515 0.304960
1.520 0.306970
1.525 0.308790
1.530 0.310350
1.535 0.311630
1.540 0.312730
1.545 0.313760
1.550 0.314710
1.555 0.315620
1.560 0.316490
1.565 0.317330
1.570 0.318180
1.575 0.319110
1.580 0.320180
1.585 0.321450
1.590 0.322980
1.595 0.324740
1.600 0.326670
1.605 0.328670
1.610 0.330650
1.615 0.332530
1.620 0.334250
1.625 0.335810
1.630 0.337200
1.635 0.338420
1.640 0.339440
1.645 0.340190
1.650 0.340580
1.655 0.340530
1.660 0.339970
1.665 0.338970
1.670 0.337540
1.675 0.335700
1.680 0.333540
1.685 0.331230
1.690 0.328980
1.695 0.326960
1.700 0.325200
1.705 0.323610
1.710 0.321970
1.715 0.320180
1.720 0.318520
1.725 0.317500
1.730 0.317430
1.735 0.318250
1.740 0.319400
1.745 0.320240
1.750 0.320600
1.755 0.320610
1.760 0.320540
1.765 0.320680
1.770 0.321190
1.775 0.321920
1.780 0.322630
1.785 0.323240
1.790 0.323800
1.795 0.324460
1.800 0.324850
1.805 0.324680
1.810 0.325120
1.815 0.325840
1.820 0.326570
1.825 0.327470
1.830 0.328590
1.835 0.329790
1.840 0.330970
1.845 0.332000
1.850 0.332660
1.855 0.332750
1.860 0.332220
1.865 0.330970
1.870 0.328660
1.875 0.324620
1.880 0.318360
1.885 0.309310
1.890 0.297000
1.895 0.282280
1.900 0.266970
1.905 0.253270
1.910 0.242540
1.915 0.235280
1.920 0.231150
1.925 0.229710
1.930 0.230390
1.935 0.232650
1.940 0.236100
1.945 0.240120
1.950 0.244360
1.955 0.248620
1.960 0.252620
1.965 0.256460
1.970 0.260160
1.975 0.263630
1.980 0.266950
1.985 0.270150
1.990 0.272940
1.995 0.275110
2.000 0.276580
2.005 0.277290
2.010 0.276870
2.015 0.275390
2.020 0.272790
2.025 0.269230
2.030 0.264810
2.035 0.259870
2.040 0.254760
2.045 0.249700
2.050 0.244940
2.055 0.240690
2.060 0.237070
2.065 0.234080
2.070 0.231530
2.075 0.229510
2.080 0.228010
2.085 0.226940
2.090 0.226260
2.095 0.225860
2.100 0.225720
2.105 0.225890
2.110 0.226390
2.115 0.227170
2.120 0.228280
2.125 0.229500
2.130 0.230890
2.135 0.232290
2.140 0.233840
2.145 0.235440
2.150 0.237070
2.155 0.238460
2.160 0.239790
2.165 0.241140
2.170 0.242600
2.175 0.243950
2.180 0.245380
2.185 0.246680
2.190 0.248030
2.195 0.249210
2.200 0.250260
2.205 0.251190
2.210 0.251780
2.215 0.251750
2.220 0.251090
2.225 0.249560
2.230 0.246960
2.235 0.243100
2.240 0.238080
2.245 0.232340
2.250 0.226500
2.255 0.221210
2.260 0.216670
2.265 0.212740
2.270 0.209580
2.275 0.207430
2.280 0.206270
2.285 0.205530
2.290 0.204380
2.295 0.202570
2.300 0.200170
2.305 0.197560
2.310 0.195430
2.315 0.194680
2.320 0.195180
2.325 0.195500
2.330 0.195160
2.335 0.194750
2.340 0.194250
2.345 0.193820
2.350 0.193760
2.355 0.194500
2.360 0.195720
2.365 0.196790
2.370 0.197280
2.375 0.197580
2.380 0.197650
2.385 0.197720
2.390 0.197530
2.395 0.197450
2.400 0.197150
2.405 0.196230
2.410 0.194960
2.415 0.193280
2.420 0.191330
2.425 0.188820
2.430 0.185700
2.435 0.182250
2.440 0.178850
2.445 0.175300
2.450 0.171630
2.455 0.167840
2.460 0.164410
2.465 0.161100
2.470 0.158000
2.475 0.155270
2.480 0.152840
2.485 0.150520
2.490 0.149550
2.495 0.149800
2.500 0.150420
