0.350 0.020049
0.355 0.022054
0.360 0.024059
0.365 0.026064
0.370 0.028069
0.375 0.030074
0.380 0.032078
0.385 0.034083
0.390 0.036088
0.395 0.038093
0.400 0.040098
0.405 0.042488
0.410 0.040792
0.415 0.042031
0.420 0.044512
0.425 0.045417
0.430 0.045872
0.435 0.046285
0.440 0.048167
0.445 0.048874
0.450 0.048912
0.455 0.050482
0.460 0.051182
0.465 0.051954
0.470 0.051383
0.475 0.051818
0.480 0.051906
0.485 0.052543
0.490 0.053600
0.495 0.054808
0.500 0.058606
0.505 0.063236
0.510 0.070703
0.515 0.081732
0.520 0.096170
0.525 0.113550
0.530 0.129680
0.535 0.141110
0.540 0.147820
0.545 0.151910
0.550 0.154900
0.555 0.155380
0.560 0.151650
0.565 0.143040
0.570 0.131190
0.575 0.118910
0.580 0.109600
0.585 0.103070
0.590 0.098411
0.595 0.095757
0.600 0.094177
0.605 0.092174
0.610 0.087918
0.615 0.082994
0.620 0.079138
0.625 0.076997
0.630 0.075709
0.635 0.074674
0.640 0.071732
0.645 0.067802
0.650 0.063923
0.655 0.061557
0.660 0.058555
0.665 0.055768
0.670 0.054589
0.675 0.055711
0.680 0.058654
0.685 0.063953
0.690 0.073491
0.695 0.094115
0.700 0.130720
0.705 0.182720
0.710 0.245450
0.715 0.319620
0.720 0.404370
0.725 0.495440
0.730 0.584660
0.735 0.664070
0.740 0.728940
0.745 0.776880
0.750 0.810040
0.755 0.831470
0.760 0.844500
0.765 0.852140
0.770 0.856510
0.775 0.859280
0.780 0.861260
0.785 0.862590
0.790 0.864080
0.795 0.865210
0.800 0.866080
0.805 0.867060
0.810 0.868160
0.815 0.869590
0.820 0.870230
0.825 0.871350
0.830 0.872370
0.835 0.873330
0.840 0.874220
0.845 0.875790
0.850 0.877000
0.855 0.878250
0.860 0.879240
0.865 0.880270
0.870 0.881010
0.875 0.881670
0.880 0.882420
0.885 0.882600
0.890 0.882900
0.895 0.883280
0.900 0.883500
0.905 0.883730
0.910 0.884010
0.915 0.884020
0.920 0.883700
0.925 0.882460
0.930 0.880580
0.935 0.878160
0.940 0.875090
0.945 0.871320
0.950 0.865520
0.955 0.858230
0.960 0.852200
0.965 0.849150
0.970 0.848550
0.975 0.848990
0.980 0.850410
0.985 0.852690
0.990 0.855000
0.995 0.858220
1.000 0.861380
1.005 0.861910
1.010 0.865340
1.015 0.867590
1.020 0.871660
1.025 0.874490
1.030 0.878200
1.035 0.880790
1.040 0.883260
1.045 0.886760
1.050 0.887470
1.055 0.889240
1.060 0.890050
1.065 0.892630
1.070 0.894110
1.075 0.894320
1.080 0.894790
1.085 0.894060
1.090 0.893370
1.095 0.891160
1.100 0.890750
1.105 0.889960
1.110 0.886430
1.115 0.885520
1.120 0.880780
1.125 0.876780
1.130 0.868420
1.135 0.856870
1.140 0.841280
1.145 0.823740
1.150 0.809930
1.155 0.799340
1.160 0.794230
1.165 0.791840
1.170 0.790960
1.175 0.790730
1.180 0.790230
1.185 0.790200
1.190 0.789540
1.195 0.790560
1.200 0.791580
1.205 0.792790
1.210 0.794790
1.215 0.796780
1.220 0.799050
1.225 0.801180
1.230 0.803810
1.235 0.805550
1.240 0.807270
1.245 0.809470
1.250 0.811910
1.255 0.812400
1.260 0.813390
1.265 0.813530
1.270 0.813040
1.275 0.812210
1.280 0.810490
1.285 0.806920
1.290 0.803630
1.295 0.797780
1.300 0.791450
1.305 0.783910
1.310 0.774590
1.315 0.763420
1.320 0.750700
1.325 0.736360
1.330 0.720460
1.335 0.704620
1.340 0.689730
1.345 0.674970
1.350 0.660700
1.355 0.646920
1.360 0.631900
1.365 0.613400
1.370 0.588750
1.375 0.555410
1.380 0.509930
1.385 0.454820
1.390 0.395240
1.395 0.338800
1.400 0.290710
1.405 0.254150
1.410 0.228930
1.415 0.212830
1.420 0.202780
1.425 0.196440
1.430 0.193150
1.435 0.192030
1.440 0.192400
1.445 0.193560
1.450 0.195470
1.455 0.198160
1.460 0.202160
1.465 0.208300
1.470 0.216620
1.475 0.226610
1.480 0.237440
1.485 0.249260
1.490 0.261730
1.495 0.274860
1.500 0.288010
1.505 0.301390
1.510 0.315280
1.515 0.328760
1.520 0.342290
1.525 0.355350
1.530 0.368360
1.535 0.380950
1.540 0.393530
1.545 0.405850
1.550 0.417060
1.555 0.428360
1.560 0.439070
1.565 0.449010
1.570 0.458360
1.575 0.467370
1.580 0.476390
1.585 0.484320
1.590 0.492060
1.595 0.500130
1.600 0.507220
1.605 0.513930
1.610 0.520010
1.615 0.525960
1.620 0.531200
1.625 0.535930
1.630 0.540710
1.635 0.545310
1.640 0.548850
1.645 0.552070
1.650 0.554710
1.655 0.556770
1.660 0.557770
1.665 0.558560
1.670 0.558910
1.675 0.558030
1.680 0.556370
1.685 0.554190
1.690 0.551450
1.695 0.549150
1.700 0.546040
1.705 0.541910
1.710 0.538190
1.715 0.533410
1.720 0.529300
1.725 0.523500
1.730 0.518570
1.735 0.512470
1.740 0.506110
1.745 0.498900
1.750 0.490920
1.755 0.482040
1.760 0.473970
1.765 0.466630
1.770 0.459340
1.775 0.453520
1.780 0.449530
1.785 0.445650
1.790 0.443350
1.795 0.442540
1.800 0.441830
1.805 0.450870
1.810 0.450620
1.815 0.449570
1.820 0.447900
1.825 0.445480
1.830 0.441430
1.835 0.435260
1.840 0.425730
1.845 0.412520
1.850 0.394310
1.855 0.369720
1.860 0.338210
1.865 0.299410
1.870 0.253310
1.875 0.204190
1.880 0.158460
1.885 0.119210
1.890 0.089051
1.895 0.068662
1.900 0.056581
1.905 0.049907
1.910 0.046489
1.915 0.044809
1.920 0.044115
1.925 0.044125
1.930 0.044744
1.935 0.045723
1.940 0.047081
1.945 0.048848
1.950 0.051009
1.955 0.053444
1.960 0.056266
1.965 0.059505
1.970 0.062890
1.975 0.066888
1.980 0.071168
1.985 0.075629
1.990 0.080521
1.995 0.085630
2.000 0.090982
2.005 0.096448
2.010 0.102040
2.015 0.107750
2.020 0.113340
2.025 0.119160
2.030 0.124770
2.035 0.130300
2.040 0.135640
2.045 0.141000
2.050 0.146400
2.055 0.151900
2.060 0.157640
2.065 0.163420
2.070 0.169380
2.075 0.175230
2.080 0.181090
2.085 0.186990
2.090 0.192790
2.095 0.198430
2.100 0.203990
2.105 0.209600
2.110 0.214760
2.115 0.219910
2.120 0.224910
2.125 0.229590
2.130 0.234020
2.135 0.238180
2.140 0.241820
2.145 0.245330
2.150 0.248590
2.155 0.251560
2.160 0.254260
2.165 0.256920
2.170 0.259150
2.175 0.261510
2.180 0.263790
2.185 0.266170
2.190 0.268170
2.195 0.270170
2.200 0.271440
2.205 0.272360
2.210 0.272980
2.215 0.273140
2.220 0.273070
2.225 0.271880
2.230 0.270020
2.235 0.267130
2.240 0.263600
2.245 0.259570
2.250 0.255110
2.255 0.250350
2.260 0.245180
2.265 0.240250
2.270 0.235330
2.275 0.230970
2.280 0.226840
2.285 0.222440
2.290 0.217910
2.295 0.212780
2.300 0.207540
2.305 0.202350
2.310 0.197620
2.315 0.192830
2.320 0.188370
2.325 0.183730
2.330 0.179040
2.335 0.173800
2.340 0.169040
2.345 0.163960
2.350 0.159300
2.355 0.154930
2.360 0.150510
2.365 0.145650
2.370 0.141610
2.375 0.137280
2.380 0.132530
2.385 0.128390
2.390 0.124210
2.395 0.119760
2.400 0.115270
2.405 0.110760
2.410 0.106730
2.415 0.103220
2.420 0.098255
2.425 0.094734
2.430 0.090291
2.435 0.087184
2.440 0.083445
2.445 0.079900
2.450 0.075499
2.455 0.072726
2.460 0.069729
2.465 0.067138
2.470 0.063244
2.475 0.060694
2.480 0.059949
2.485 0.056222
2.490 0.055566
2.495 0.052206
2.500 0.056016
