0.350 0.014796
0.355 0.016276
0.360 0.017756
0.365 0.019235
0.370 0.020715
0.375 0.022195
0.380 0.023674
0.385 0.025154
0.390 0.026634
0.395 0.028113
0.400 0.029593
0.405 0.034894
0.410 0.031807
0.415 0.030695
0.420 0.031597
0.425 0.032102
0.430 0.032567
0.435 0.033349
0.440 0.032711
0.445 0.032958
0.450 0.033478
0.455 0.034666
0.460 0.034347
0.465 0.034357
0.470 0.034917
0.475 0.034653
0.480 0.034362
0.485 0.034913
0.490 0.035085
0.495 0.036086
0.500 0.037699
0.505 0.041453
0.510 0.048544
0.515 0.060564
0.520 0.078506
0.525 0.099932
0.530 0.119680
0.535 0.133640
0.540 0.141930
0.545 0.146840
0.550 0.150490
0.555 0.151000
0.560 0.145260
0.565 0.135300
0.570 0.122520
0.575 0.108480
0.580 0.097045
0.585 0.089254
0.590 0.083800
0.595 0.080627
0.600 0.078858
0.605 0.075931
0.610 0.070764
0.615 0.064891
0.620 0.060301
0.625 0.057651
0.630 0.056490
0.635 0.055455
0.640 0.052257
0.645 0.047946
0.650 0.044119
0.655 0.041603
0.660 0.039130
0.665 0.037165
0.670 0.036750
0.675 0.037656
0.680 0.039393
0.685 0.042479
0.690 0.051256
0.695 0.081505
0.700 0.142370
0.705 0.225100
0.710 0.315170
0.715 0.408940
0.720 0.502590
0.725 0.590150
0.730 0.665870
0.735 0.726030
0.740 0.771120
0.745 0.803070
0.750 0.824090
0.755 0.837220
0.760 0.845080
0.765 0.850080
0.770 0.852920
0.775 0.854890
0.780 0.856160
0.785 0.857620
0.790 0.858780
0.795 0.859930
0.800 0.861360
0.805 0.862490
0.810 0.863430
0.815 0.864840
0.820 0.865710
0.825 0.867150
0.830 0.868180
0.835 0.869090
0.840 0.870390
0.845 0.871950
0.850 0.873080
0.855 0.874250
0.860 0.875280
0.865 0.876240
0.870 0.877180
0.875 0.878090
0.880 0.878320
0.885 0.879040
0.890 0.879390
0.895 0.879470
0.900 0.879890
0.905 0.880380
0.910 0.880380
0.915 0.880470
0.920 0.880380
0.925 0.879550
0.930 0.877870
0.935 0.875380
0.940 0.872930
0.945 0.869400
0.950 0.863920
0.955 0.856580
0.960 0.851160
0.965 0.847670
0.970 0.847550
0.975 0.847640
0.980 0.848840
0.985 0.850850
0.990 0.853440
0.995 0.856640
1.000 0.859610
1.005 0.852360
1.010 0.858660
1.015 0.861740
1.020 0.866330
1.025 0.868770
1.030 0.873410
1.035 0.875350
1.040 0.878590
1.045 0.880460
1.050 0.882750
1.055 0.883700
1.060 0.886580
1.065 0.886090
1.070 0.886660
1.075 0.886940
1.080 0.888210
1.085 0.889460
1.090 0.888980
1.095 0.886470
1.100 0.887030
1.105 0.884580
1.110 0.883100
1.115 0.881020
1.120 0.877820
1.125 0.872610
1.130 0.867310
1.135 0.855870
1.140 0.841860
1.145 0.824590
1.150 0.812480
1.155 0.802440
1.160 0.795890
1.165 0.793030
1.170 0.791840
1.175 0.791440
1.180 0.790720
1.185 0.790560
1.190 0.790150
1.195 0.790230
1.200 0.790610
1.205 0.792840
1.210 0.795230
1.215 0.797120
1.220 0.800140
1.225 0.802490
1.230 0.805510
1.235 0.807550
1.240 0.809760
1.245 0.812090
1.250 0.813910
1.255 0.815220
1.260 0.816150
1.265 0.816080
1.270 0.816320
1.275 0.815500
1.280 0.814120
1.285 0.810560
1.290 0.807050
1.295 0.802260
1.300 0.796160
1.305 0.789000
1.310 0.779720
1.315 0.768980
1.320 0.756230
1.325 0.741510
1.330 0.726600
1.335 0.711780
1.340 0.696000
1.345 0.681490
1.350 0.668290
1.355 0.655530
1.360 0.641360
1.365 0.623890
1.370 0.600700
1.375 0.568850
1.380 0.524290
1.385 0.469360
1.390 0.409550
1.395 0.351800
1.400 0.301410
1.405 0.262610
1.410 0.234530
1.415 0.216150
1.420 0.204080
1.425 0.196540
1.430 0.192420
1.435 0.190470
1.440 0.190470
1.445 0.191290
1.450 0.192510
1.455 0.194870
1.460 0.198550
1.465 0.204420
1.470 0.212380
1.475 0.222150
1.480 0.232400
1.485 0.244310
1.490 0.256630
1.495 0.269230
1.500 0.282500
1.505 0.295620
1.510 0.308700
1.515 0.321950
1.520 0.334840
1.525 0.347740
1.530 0.360000
1.535 0.372230
1.540 0.383650
1.545 0.395090
1.550 0.406220
1.555 0.416880
1.560 0.427040
1.565 0.436390
1.570 0.445910
1.575 0.454680
1.580 0.463720
1.585 0.471720
1.590 0.480120
1.595 0.487690
1.600 0.494670
1.605 0.501430
1.610 0.508050
1.615 0.514360
1.620 0.519650
1.625 0.524830
1.630 0.529010
1.635 0.533350
1.640 0.537290
1.645 0.539950
1.650 0.541900
1.655 0.543360
1.660 0.544670
1.665 0.544890
1.670 0.545420
1.675 0.544390
1.680 0.542870
1.685 0.540260
1.690 0.537220
1.695 0.533680
1.700 0.530180
1.705 0.526270
1.710 0.521980
1.715 0.517530
1.720 0.511540
1.725 0.505240
1.730 0.499650
1.735 0.494660
1.740 0.488430
1.745 0.481650
1.750 0.474400
1.755 0.466720
1.760 0.459510
1.765 0.452060
1.770 0.446160
1.775 0.441140
1.780 0.437440
1.785 0.434860
1.790 0.432960
1.795 0.432220
1.800 0.432320
1.805 0.441890
1.810 0.441960
1.815 0.441740
1.820 0.440800
1.825 0.438980
1.830 0.435710
1.835 0.430060
1.840 0.421400
1.845 0.409000
1.850 0.391640
1.855 0.367960
1.860 0.337170
1.865 0.299260
1.870 0.253650
1.875 0.204590
1.880 0.158310
1.885 0.118120
1.890 0.086593
1.895 0.064891
1.900 0.051958
1.905 0.044754
1.910 0.041004
1.915 0.039026
1.920 0.038203
1.925 0.037971
1.930 0.038276
1.935 0.039094
1.940 0.040280
1.945 0.041820
1.950 0.043892
1.955 0.046195
1.960 0.048770
1.965 0.051778
1.970 0.055177
1.975 0.058906
1.980 0.062879
1.985 0.067295
1.990 0.071839
1.995 0.076873
2.000 0.082044
2.005 0.087347
2.010 0.092578
2.015 0.097878
2.020 0.103190
2.025 0.108340
2.030 0.113410
2.035 0.118330
2.040 0.123060
2.045 0.127730
2.050 0.132450
2.055 0.137270
2.060 0.142170
2.065 0.147330
2.070 0.152390
2.075 0.157540
2.080 0.162500
2.085 0.167610
2.090 0.172470
2.095 0.177350
2.100 0.182270
2.105 0.186900
2.110 0.191580
2.115 0.196080
2.120 0.200340
2.125 0.204370
2.130 0.208480
2.135 0.211980
2.140 0.215420
2.145 0.218650
2.150 0.221460
2.155 0.224430
2.160 0.226850
2.165 0.229480
2.170 0.232080
2.175 0.234370
2.180 0.237040
2.185 0.239760
2.190 0.242340
2.195 0.244610
2.200 0.246410
2.205 0.247920
2.210 0.249010
2.215 0.249670
2.220 0.249540
2.225 0.248830
2.230 0.247210
2.235 0.244300
2.240 0.240580
2.245 0.235990
2.250 0.230950
2.255 0.225750
2.260 0.220550
2.265 0.215100
2.270 0.210230
2.275 0.205380
2.280 0.201040
2.285 0.196400
2.290 0.192060
2.295 0.187130
2.300 0.182800
2.305 0.178130
2.310 0.174100
2.315 0.170350
2.320 0.166560
2.325 0.162680
2.330 0.158660
2.335 0.154090
2.340 0.149370
2.345 0.144990
2.350 0.141020
2.355 0.136790
2.360 0.133620
2.365 0.129450
2.370 0.125810
2.375 0.122080
2.380 0.118080
2.385 0.113720
2.390 0.109680
2.395 0.105410
2.400 0.102050
2.405 0.098003
2.410 0.094065
2.415 0.089228
2.420 0.086503
2.425 0.081721
2.430 0.078328
2.435 0.075551
2.440 0.071702
2.445 0.068072
2.450 0.066035
2.455 0.062046
2.460 0.059547
2.465 0.056103
2.470 0.055213
2.475 0.052544
2.480 0.050764
2.485 0.049066
2.490 0.048567
2.495 0.048787
2.500 0.050638
