0.350 0.014510
0.355 0.015961
0.360 0.017412
0.365 0.018863
0.370 0.020314
0.375 0.021765
0.380 0.023216
0.385 0.024667
0.390 0.026118
0.395 0.027569
0.400 0.029020
0.405 0.033412
0.410 0.035685
0.415 0.040232
0.420 0.043690
0.425 0.045735
0.430 0.051552
0.435 0.056146
0.440 0.060613
0.445 0.066154
0.450 0.072997
0.455 0.079262
0.460 0.079329
0.465 0.082420
0.470 0.086782
0.475 0.090419
0.480 0.094544
0.485 0.097216
0.490 0.103530
0.495 0.107070
0.500 0.115380
0.505 0.113950
0.510 0.123760
0.515 0.130070
0.520 0.137390
0.525 0.139850
0.530 0.146270
0.535 0.152820
0.540 0.161460
0.545 0.169540
0.550 0.177320
0.555 0.187250
0.560 0.194380
0.565 0.202160
0.570 0.214360
0.575 0.221660
0.580 0.230970
0.585 0.242240
0.590 0.246160
0.595 0.248960
0.600 0.253500
0.605 0.258100
0.610 0.260270
0.615 0.266050
0.620 0.267570
0.625 0.270190
0.630 0.274010
0.635 0.275410
0.640 0.278520
0.645 0.278550
0.650 0.283920
0.655 0.288060
0.660 0.289100
0.665 0.289420
0.670 0.293170
0.675 0.299430
0.680 0.298620
0.685 0.304150
0.690 0.303710
0.695 0.313480
0.700 0.315820
0.705 0.315290
0.710 0.318320
0.715 0.322850
0.720 0.317500
0.725 0.320580
0.730 0.328050
0.735 0.328800
0.740 0.331680
0.745 0.331930
0.750 0.332920
0.755 0.336820
0.760 0.335400
0.765 0.337110
0.770 0.339610
0.775 0.344840
0.780 0.341000
0.785 0.343680
0.790 0.344750
0.795 0.347900
0.800 0.343830
0.805 0.345130
0.810 0.346950
0.815 0.345290
0.820 0.346620
0.825 0.350110
0.830 0.349140
0.835 0.349310
0.840 0.347820
0.845 0.345980
0.850 0.348280
0.855 0.348050
0.860 0.350390
0.865 0.348850
0.870 0.349210
0.875 0.351880
0.880 0.350690
0.885 0.352370
0.890 0.352810
0.895 0.351810
0.900 0.351690
0.905 0.353440
0.910 0.353540
0.915 0.355550
0.920 0.357470
0.925 0.357840
0.930 0.359790
0.935 0.358570
0.940 0.359640
0.945 0.360600
0.950 0.362650
0.955 0.363410
0.960 0.364280
0.965 0.363180
0.970 0.365770
0.975 0.363890
0.980 0.360230
0.985 0.364090
0.990 0.368950
0.995 0.367950
1.000 0.369470
1.005 0.369120
1.010 0.373600
1.015 0.372630
1.020 0.378390
1.025 0.377540
1.030 0.375320
1.035 0.376250
1.040 0.373270
1.045 0.375700
1.050 0.376420
1.055 0.378300
1.060 0.381540
1.065 0.377790
1.070 0.383370
1.075 0.382740
1.080 0.383470
1.085 0.383970
1.090 0.385130
1.095 0.384220
1.100 0.384420
1.105 0.383580
1.110 0.386520
1.115 0.391890
1.120 0.393400
1.125 0.394960
1.130 0.396440
1.135 0.395440
1.140 0.396790
1.145 0.391920
1.150 0.391690
1.155 0.395200
1.160 0.395720
1.165 0.399340
1.170 0.401820
1.175 0.403440
1.180 0.402780
1.185 0.404520
1.190 0.407470
1.195 0.408580
1.200 0.407460
1.205 0.407310
1.210 0.407950
1.215 0.408540
1.220 0.408990
1.225 0.409940
1.230 0.413570
1.235 0.414140
1.240 0.415670
1.245 0.417080
1.250 0.418570
1.255 0.417030
1.260 0.418020
1.265 0.415920
1.270 0.417980
1.275 0.415970
1.280 0.415290
1.285 0.415630
1.290 0.416380
1.295 0.420230
1.300 0.416900
1.305 0.415140
1.310 0.417630
1.315 0.420050
1.320 0.421380
1.325 0.421600
1.330 0.420790
1.335 0.420580
1.340 0.424570
1.345 0.431240
1.350 0.428480
1.355 0.431750
1.360 0.429230
1.365 0.429040
1.370 0.430680
1.375 0.426160
1.380 0.418960
1.385 0.420550
1.390 0.412700
1.395 0.406920
1.400 0.402310
1.405 0.396720
1.410 0.395820
1.415 0.402020
1.420 0.408750
1.425 0.411510
1.430 0.413790
1.435 0.414980
1.440 0.416060
1.445 0.418180
1.450 0.418810
1.455 0.423000
1.460 0.424830
1.465 0.426630
1.470 0.426100
1.475 0.428830
1.480 0.434430
1.485 0.437360
1.490 0.436660
1.495 0.433280
1.500 0.430060
1.505 0.434680
1.510 0.435100
1.515 0.434570
1.520 0.435800
1.525 0.438710
1.530 0.440400
1.535 0.441670
1.540 0.440850
1.545 0.444840
1.550 0.446390
1.555 0.441830
1.560 0.441310
1.565 0.444230
1.570 0.439590
1.575 0.439480
1.580 0.449550
1.585 0.450010
1.590 0.447650
1.595 0.447870
1.600 0.447250
1.605 0.442640
1.610 0.446490
1.615 0.449600
1.620 0.450860
1.625 0.452310
1.630 0.453000
1.635 0.452340
1.640 0.449950
1.645 0.452450
1.650 0.458340
1.655 0.457820
1.660 0.452730
1.665 0.452630
1.670 0.454760
1.675 0.457110
1.680 0.456870
1.685 0.458770
1.690 0.453430
1.695 0.454990
1.700 0.455970
1.705 0.460920
1.710 0.459230
1.715 0.465360
1.720 0.461010
1.725 0.457650
1.730 0.457870
1.735 0.459780
1.740 0.458670
1.745 0.459570
1.750 0.459870
1.755 0.457100
1.760 0.456800
1.765 0.457210
1.770 0.456760
1.775 0.456800
1.780 0.456790
1.785 0.456440
1.790 0.457820
1.795 0.458180
1.800 0.458650
1.805 0.459100
1.810 0.460870
1.815 0.458900
1.820 0.458640
1.825 0.456110
1.830 0.450860
1.835 0.446820
1.840 0.450160
1.845 0.454510
1.850 0.461360
1.855 0.465230
1.860 0.456150
1.865 0.438740
1.870 0.426180
1.875 0.423460
1.880 0.415100
1.885 0.405040
1.890 0.388920
1.895 0.377550
1.900 0.362850
1.905 0.353170
1.910 0.353080
1.915 0.352680
1.920 0.358380
1.925 0.367830
1.930 0.377070
1.935 0.387400
1.940 0.390940
1.945 0.394940
1.950 0.399440
1.955 0.400340
1.960 0.402330
1.965 0.407570
1.970 0.416170
1.975 0.417790
1.980 0.421070
1.985 0.423930
1.990 0.425480
1.995 0.428070
2.000 0.430250
2.005 0.434120
2.010 0.439110
2.015 0.445000
2.020 0.449710
2.025 0.450080
2.030 0.450730
2.035 0.452960
2.040 0.452580
2.045 0.455690
2.050 0.455600
2.055 0.459010
2.060 0.461790
2.065 0.459060
2.070 0.458910
2.075 0.461190
2.080 0.461110
2.085 0.461670
2.090 0.461600
2.095 0.462870
2.100 0.461580
2.105 0.460610
2.110 0.461160
2.115 0.461050
2.120 0.460680
2.125 0.459840
2.130 0.459640
2.135 0.461050
2.140 0.461150
2.145 0.459470
2.150 0.458060
2.155 0.458030
2.160 0.455890
2.165 0.454800
2.170 0.453490
2.175 0.453200
2.180 0.450830
2.185 0.448570
2.190 0.445830
2.195 0.442880
2.200 0.440480
2.205 0.433280
2.210 0.429780
2.215 0.430480
2.220 0.426600
2.225 0.429340
2.230 0.433680
2.235 0.432730
2.240 0.430360
2.245 0.429510
2.250 0.427490
2.255 0.426350
2.260 0.427300
2.265 0.428820
2.270 0.428640
2.275 0.427180
2.280 0.425180
2.285 0.421600
2.290 0.418750
2.295 0.416050
2.300 0.413630
2.305 0.411350
2.310 0.408920
2.315 0.406260
2.320 0.401570
2.325 0.398660
2.330 0.394850
2.335 0.391470
2.340 0.390200
2.345 0.389640
2.350 0.390140
2.355 0.392020
2.360 0.393150
2.365 0.392790
2.370 0.393160
2.375 0.391500
2.380 0.390190
2.385 0.389430
2.390 0.388140
2.395 0.386280
2.400 0.383920
2.405 0.383210
2.410 0.381200
2.415 0.379150
2.420 0.376910
2.425 0.374660
2.430 0.371690
2.435 0.369000
2.440 0.367050
2.445 0.364980
2.450 0.363470
2.455 0.362550
2.460 0.360930
2.465 0.358990
2.470 0.356410
2.475 0.353740
2.480 0.350750
2.485 0.347900
2.490 0.345600
2.495 0.343390
2.500 0.341370
