0.350 0.229300
0.355 0.236580
0.360 0.245200
0.365 0.254560
0.370 0.263200
0.375 0.269590
0.380 0.274100
0.385 0.276960
0.390 0.279500
0.395 0.281650
0.400 0.283700
0.405 0.285500
0.410 0.287200
0.415 0.288680
0.420 0.290300
0.425 0.291540
0.430 0.292900
0.435 0.294200
0.440 0.295400
0.445 0.296470
0.450 0.297400
0.455 0.298410
0.460 0.299200
0.465 0.300010
0.470 0.300700
0.475 0.301250
0.480 0.301800
0.485 0.302190
0.490 0.302700
0.495 0.303210
0.500 0.303700
0.505 0.303950
0.510 0.304200
0.515 0.304310
0.520 0.304400
0.525 0.304250
0.530 0.304100
0.535 0.303900
0.540 0.303500
0.545 0.302990
0.550 0.302500
0.555 0.301800
0.560 0.301000
0.565 0.299950
0.570 0.298800
0.575 0.297590
0.580 0.296200
0.585 0.294850
0.590 0.293400
0.595 0.292050
0.600 0.290700
0.605 0.289300
0.610 0.288000
0.615 0.286750
0.620 0.285600
0.625 0.284390
0.630 0.283300
0.635 0.282190
0.640 0.281300
0.645 0.280190
0.650 0.279300
0.655 0.278350
0.660 0.277500
0.665 0.276660
0.670 0.275800
0.675 0.274960
0.680 0.274100
0.685 0.273150
0.690 0.272200
0.695 0.271390
0.700 0.270600
0.705 0.269810
0.710 0.268900
0.715 0.268000
0.720 0.267100
0.725 0.266260
0.730 0.265300
0.735 0.264400
0.740 0.263500
0.745 0.262500
0.750 0.261500
0.755 0.260450
0.760 0.259400
0.765 0.258310
0.770 0.257100
0.775 0.255990
0.780 0.254900
0.785 0.253710
0.790 0.252400
0.795 0.251140
0.800 0.249900
0.805 0.248400
0.810 0.247100
0.815 0.245890
0.820 0.244700
0.825 0.243460
0.830 0.242180
0.835 0.240850
0.840 0.239500
0.845 0.238130
0.850 0.236750
0.855 0.235370
0.860 0.234000
0.865 0.232640
0.870 0.231300
0.875 0.229950
0.880 0.228600
0.885 0.227230
0.890 0.225800
0.895 0.224280
0.900 0.222600
0.905 0.220730
0.910 0.218710
0.915 0.216590
0.920 0.214400
0.925 0.212180
0.930 0.209940
0.935 0.207680
0.940 0.205400
0.945 0.203110
0.950 0.200820
0.955 0.198550
0.960 0.196300
0.965 0.194090
0.970 0.191960
0.975 0.189920
0.980 0.188000
0.985 0.186240
0.990 0.184660
0.995 0.183270
1.000 0.182100
1.005 0.181180
1.010 0.180530
1.015 0.180220
1.020 0.180300
1.025 0.180830
1.030 0.181810
1.035 0.183260
1.040 0.185200
1.045 0.187660
1.050 0.190600
1.055 0.193990
1.060 0.197800
1.065 0.202030
1.070 0.206610
1.075 0.211480
1.080 0.216600
1.085 0.221930
1.090 0.227400
1.095 0.232980
1.100 0.238600
1.105 0.244230
1.110 0.249840
1.115 0.255400
1.120 0.260900
1.125 0.266310
1.130 0.271610
1.135 0.276780
1.140 0.281800
1.145 0.286640
1.150 0.291330
1.155 0.295910
1.160 0.300400
1.165 0.304820
1.170 0.309160
1.175 0.313360
1.180 0.317400
1.185 0.321240
1.190 0.324910
1.195 0.328450
1.200 0.331900
1.205 0.335280
1.210 0.338580
1.215 0.341800
1.220 0.344900
1.225 0.347880
1.230 0.350750
1.235 0.353550
1.240 0.356300
1.245 0.359010
1.250 0.361670
1.255 0.364270
1.260 0.366800
1.265 0.369240
1.270 0.371600
1.275 0.373920
1.280 0.376200
1.285 0.378470
1.290 0.380720
1.295 0.382930
1.300 0.385100
1.305 0.387210
1.310 0.389290
1.315 0.391340
1.320 0.393400
1.325 0.395470
1.330 0.397530
1.335 0.399550
1.340 0.401500
1.345 0.403350
1.350 0.405150
1.355 0.406950
1.360 0.408800
1.365 0.410750
1.370 0.412760
1.375 0.414760
1.380 0.416700
1.385 0.418540
1.390 0.420300
1.395 0.422040
1.400 0.423800
1.405 0.425610
1.410 0.427470
1.415 0.429370
1.420 0.431300
1.425 0.433260
1.430 0.435230
1.435 0.437220
1.440 0.439200
1.445 0.441180
1.450 0.443140
1.455 0.445090
1.460 0.447000
1.465 0.448870
1.470 0.450700
1.475 0.452480
1.480 0.454200
1.485 0.455860
1.490 0.457480
1.495 0.459090
1.500 0.460700
1.505 0.462340
1.510 0.463990
1.515 0.465650
1.520 0.467300
1.525 0.468930
1.530 0.470530
1.535 0.472130
1.540 0.473700
1.545 0.475260
1.550 0.476800
1.555 0.478320
1.560 0.479800
1.565 0.481240
1.570 0.482650
1.575 0.484030
1.580 0.485400
1.585 0.486760
1.590 0.488120
1.595 0.489460
1.600 0.490800
1.605 0.492130
1.610 0.493440
1.615 0.494730
1.620 0.496000
1.625 0.497240
1.630 0.498480
1.635 0.499720
1.640 0.501000
1.645 0.502320
1.650 0.503640
1.655 0.504920
1.660 0.506100
1.665 0.507160
1.670 0.508150
1.675 0.509140
1.680 0.510200
1.685 0.511390
1.690 0.512670
1.695 0.513990
1.700 0.515300
1.705 0.516550
1.710 0.517720
1.715 0.518810
1.720 0.519800
1.725 0.520670
1.730 0.521460
1.735 0.522190
1.740 0.522900
1.745 0.523600
1.750 0.524320
1.755 0.525050
1.760 0.525800
1.765 0.526580
1.770 0.527390
1.775 0.528200
1.780 0.529000
1.785 0.529790
1.790 0.530550
1.795 0.531290
1.800 0.532000
1.805 0.532670
1.810 0.533300
1.815 0.533880
1.820 0.534400
1.825 0.534860
1.830 0.535290
1.835 0.535720
1.840 0.536200
1.845 0.536750
1.850 0.537380
1.855 0.538090
1.860 0.538900
1.865 0.539800
1.870 0.540750
1.875 0.541700
1.880 0.542600
1.885 0.543410
1.890 0.544070
1.895 0.544520
1.900 0.544700
1.905 0.544570
1.910 0.544210
1.915 0.543750
1.920 0.543300
1.925 0.542950
1.930 0.542740
1.935 0.542680
1.940 0.542800
1.945 0.543120
1.950 0.543630
1.955 0.544290
1.960 0.545100
1.965 0.546040
1.970 0.547100
1.975 0.548260
1.980 0.549500
1.985 0.550820
1.990 0.552160
1.995 0.553470
2.000 0.554700
2.005 0.555800
2.010 0.556810
2.015 0.557760
2.020 0.558700
2.025 0.559660
2.030 0.560610
2.035 0.561540
2.040 0.562400
2.045 0.563170
2.050 0.563880
2.055 0.564550
2.060 0.565200
2.065 0.565860
2.070 0.566540
2.075 0.567250
2.080 0.568000
2.085 0.568790
2.090 0.569620
2.095 0.570490
2.100 0.571400
2.105 0.572340
2.110 0.573290
2.115 0.574220
2.120 0.575100
2.125 0.575890
2.130 0.576540
2.135 0.577000
2.140 0.577200
2.145 0.577100
2.150 0.576790
2.155 0.576410
2.160 0.576100
2.165 0.575950
2.170 0.575940
2.175 0.576030
2.180 0.576200
2.185 0.576400
2.190 0.576600
2.195 0.576750
2.200 0.576800
2.205 0.576730
2.210 0.576610
2.215 0.576570
2.220 0.576700
2.225 0.577060
2.230 0.577390
2.235 0.577390
2.240 0.576700
2.245 0.575110
2.250 0.572910
2.255 0.570530
2.260 0.568360
2.265 0.566730
2.270 0.565540
2.275 0.564610
2.280 0.563770
2.285 0.562920
2.290 0.562150
2.295 0.561620
2.300 0.561490
2.305 0.561890
2.310 0.562620
2.315 0.563480
2.320 0.564220
2.325 0.564680
2.330 0.564910
2.335 0.564980
2.340 0.564980
2.345 0.564990
2.350 0.565070
2.355 0.565310
2.360 0.565780
2.365 0.566550
2.370 0.567540
2.375 0.568630
2.380 0.569740
2.385 0.570770
2.390 0.571640
2.395 0.572290
2.400 0.572620
2.405 0.572580
2.410 0.572300
2.415 0.571930
2.420 0.571630
2.425 0.571510
2.430 0.571540
2.435 0.571660
2.440 0.571830
2.445 0.571990
2.450 0.572110
2.455 0.572150
2.460 0.572100
2.465 0.571940
2.470 0.571720
2.475 0.571540
2.480 0.571480
2.485 0.571610
2.490 0.571830
2.495 0.572030
2.500 0.572090
