0.350 0.013496
0.355 0.014846
0.360 0.016195
0.365 0.017545
0.370 0.018894
0.375 0.020244
0.380 0.021594
0.385 0.022943
0.390 0.024293
0.395 0.025642
0.400 0.026992
0.405 0.028922
0.410 0.027388
0.415 0.025300
0.420 0.026557
0.425 0.026486
0.430 0.026130
0.435 0.025107
0.440 0.025774
0.445 0.025327
0.450 0.025614
0.455 0.026546
0.460 0.025952
0.465 0.026376
0.470 0.025741
0.475 0.026515
0.480 0.025727
0.485 0.025847
0.490 0.026037
0.495 0.026354
0.500 0.026588
0.505 0.027066
0.510 0.027837
0.515 0.030133
0.520 0.033314
0.525 0.038409
0.530 0.043059
0.535 0.046935
0.540 0.049030
0.545 0.050074
0.550 0.050922
0.555 0.051015
0.560 0.049387
0.565 0.046269
0.570 0.042311
0.575 0.038493
0.580 0.035776
0.585 0.033911
0.590 0.032881
0.595 0.032011
0.600 0.031679
0.605 0.030864
0.610 0.030077
0.615 0.029399
0.620 0.028655
0.625 0.028091
0.630 0.027989
0.635 0.027858
0.640 0.027187
0.645 0.026474
0.650 0.026048
0.655 0.025842
0.660 0.025652
0.665 0.025611
0.670 0.025792
0.675 0.026535
0.680 0.027731
0.685 0.029113
0.690 0.030944
0.695 0.036707
0.700 0.053734
0.705 0.089349
0.710 0.142120
0.715 0.211530
0.720 0.293990
0.725 0.384050
0.730 0.471810
0.735 0.549300
0.740 0.612790
0.745 0.660970
0.750 0.695260
0.755 0.718250
0.760 0.732790
0.765 0.742070
0.770 0.747860
0.775 0.751740
0.780 0.754440
0.785 0.756570
0.790 0.758460
0.795 0.760320
0.800 0.761940
0.805 0.763680
0.810 0.765380
0.815 0.767350
0.820 0.769280
0.825 0.771400
0.830 0.773410
0.835 0.775700
0.840 0.778020
0.845 0.780490
0.850 0.782970
0.855 0.785280
0.860 0.787290
0.865 0.789080
0.870 0.790690
0.875 0.792180
0.880 0.793490
0.885 0.794700
0.890 0.795510
0.895 0.796490
0.900 0.797130
0.905 0.798260
0.910 0.798780
0.915 0.799370
0.920 0.799540
0.925 0.799250
0.930 0.798070
0.935 0.796530
0.940 0.794330
0.945 0.791200
0.950 0.786220
0.955 0.779090
0.960 0.773100
0.965 0.769840
0.970 0.769390
0.975 0.769250
0.980 0.770630
0.985 0.773140
0.990 0.775880
0.995 0.779760
1.000 0.783380
1.005 0.777990
1.010 0.783600
1.015 0.786340
1.020 0.791260
1.025 0.796020
1.030 0.801130
1.035 0.801910
1.040 0.804980
1.045 0.810960
1.050 0.811280
1.055 0.813520
1.060 0.815010
1.065 0.817200
1.070 0.820130
1.075 0.819710
1.080 0.820560
1.085 0.821270
1.090 0.821100
1.095 0.819610
1.100 0.818880
1.105 0.816920
1.110 0.814810
1.115 0.812420
1.120 0.809900
1.125 0.804410
1.130 0.797220
1.135 0.784810
1.140 0.768450
1.145 0.749460
1.150 0.732420
1.155 0.720540
1.160 0.712710
1.165 0.707570
1.170 0.705700
1.175 0.704200
1.180 0.702550
1.185 0.701850
1.190 0.700460
1.195 0.700210
1.200 0.701290
1.205 0.703220
1.210 0.706510
1.215 0.710870
1.220 0.714670
1.225 0.719360
1.230 0.723470
1.235 0.727650
1.240 0.731190
1.245 0.733550
1.250 0.736090
1.255 0.738870
1.260 0.739310
1.265 0.740180
1.270 0.739830
1.275 0.739260
1.280 0.737530
1.285 0.735020
1.290 0.732060
1.295 0.726910
1.300 0.720460
1.305 0.712620
1.310 0.702590
1.315 0.691130
1.320 0.676650
1.325 0.661230
1.330 0.643880
1.335 0.626070
1.340 0.607740
1.345 0.591120
1.350 0.575230
1.355 0.559590
1.360 0.543630
1.365 0.523840
1.370 0.498840
1.375 0.465940
1.380 0.422340
1.385 0.369760
1.390 0.313250
1.395 0.259950
1.400 0.215080
1.405 0.180780
1.410 0.156670
1.415 0.141130
1.420 0.130850
1.425 0.124540
1.430 0.121270
1.435 0.119940
1.440 0.119520
1.445 0.119880
1.450 0.121360
1.455 0.123130
1.460 0.126110
1.465 0.130510
1.470 0.136490
1.475 0.143800
1.480 0.152200
1.485 0.161410
1.490 0.171110
1.495 0.181380
1.500 0.191840
1.505 0.202670
1.510 0.213660
1.515 0.224370
1.520 0.235140
1.525 0.245850
1.530 0.256260
1.535 0.266470
1.540 0.276260
1.545 0.286140
1.550 0.295380
1.555 0.304290
1.560 0.312990
1.565 0.321490
1.570 0.329560
1.575 0.337600
1.580 0.344870
1.585 0.352150
1.590 0.359540
1.595 0.366410
1.600 0.373520
1.605 0.380010
1.610 0.385980
1.615 0.391710
1.620 0.396980
1.625 0.402250
1.630 0.406990
1.635 0.410810
1.640 0.414700
1.645 0.417500
1.650 0.420020
1.655 0.420870
1.660 0.421010
1.665 0.420270
1.670 0.418700
1.675 0.416210
1.680 0.412360
1.685 0.408190
1.690 0.403460
1.695 0.398350
1.700 0.393230
1.705 0.387530
1.710 0.382280
1.715 0.376600
1.720 0.371170
1.725 0.365620
1.730 0.360680
1.735 0.356790
1.740 0.352930
1.745 0.347750
1.750 0.342380
1.755 0.336040
1.760 0.330050
1.765 0.324910
1.770 0.320280
1.775 0.316660
1.780 0.313750
1.785 0.311490
1.790 0.310690
1.795 0.310700
1.800 0.311010
1.805 0.313050
1.810 0.313860
1.815 0.314420
1.820 0.313980
1.825 0.313110
1.830 0.310860
1.835 0.306730
1.840 0.300420
1.845 0.290560
1.850 0.276510
1.855 0.257430
1.860 0.232770
1.865 0.202830
1.870 0.167840
1.875 0.131340
1.880 0.098231
1.885 0.070844
1.890 0.050535
1.895 0.037624
1.900 0.030422
1.905 0.026611
1.910 0.024805
1.915 0.023988
1.920 0.023602
1.925 0.023531
1.930 0.023670
1.935 0.023936
1.940 0.024467
1.945 0.025217
1.950 0.026035
1.955 0.027152
1.960 0.028336
1.965 0.029834
1.970 0.031460
1.975 0.033408
1.980 0.035423
1.985 0.037826
1.990 0.040327
1.995 0.043079
2.000 0.046038
2.005 0.048984
2.010 0.051874
2.015 0.054916
2.020 0.057965
2.025 0.060924
2.030 0.063724
2.035 0.066287
2.040 0.068877
2.045 0.071445
2.050 0.073914
2.055 0.076470
2.060 0.079174
2.065 0.082075
2.070 0.085025
2.075 0.088072
2.080 0.090967
2.085 0.093907
2.090 0.096787
2.095 0.099609
2.100 0.102410
2.105 0.105410
2.110 0.108280
2.115 0.110960
2.120 0.113740
2.125 0.116350
2.130 0.118800
2.135 0.121020
2.140 0.123250
2.145 0.125150
2.150 0.127340
2.155 0.129200
2.160 0.131040
2.165 0.132840
2.170 0.134750
2.175 0.136780
2.180 0.139030
2.185 0.141030
2.190 0.143250
2.195 0.145390
2.200 0.146810
2.205 0.148230
2.210 0.149260
2.215 0.149690
2.220 0.149450
2.225 0.148750
2.230 0.146930
2.235 0.144590
2.240 0.141250
2.245 0.138020
2.250 0.134040
2.255 0.129740
2.260 0.124960
2.265 0.120050
2.270 0.115900
2.275 0.111860
2.280 0.108630
2.285 0.105680
2.290 0.102360
2.295 0.099103
2.300 0.095868
2.305 0.092758
2.310 0.090301
2.315 0.088521
2.320 0.087129
2.325 0.085061
2.330 0.082948
2.335 0.080101
2.340 0.077397
2.345 0.074947
2.350 0.072777
2.355 0.070807
2.360 0.068526
2.365 0.066655
2.370 0.064619
2.375 0.062553
2.380 0.060489
2.385 0.058827
2.390 0.056624
2.395 0.054449
2.400 0.052312
2.405 0.050295
2.410 0.048170
2.415 0.046194
2.420 0.044579
2.425 0.042344
2.430 0.040943
2.435 0.038862
2.440 0.037689
2.445 0.035599
2.450 0.033610
2.455 0.032601
2.460 0.030528
2.465 0.030783
2.470 0.030429
2.475 0.028697
2.480 0.027523
2.485 0.027846
2.490 0.028336
2.495 0.029117
2.500 0.026701
