0.350 0.015327
0.355 0.016860
0.360 0.018392
0.365 0.019925
0.370 0.021458
0.375 0.022990
0.380 0.024523
0.385 0.026056
0.390 0.027589
0.395 0.029121
0.400 0.030654
0.405 0.030490
0.410 0.030627
0.415 0.031113
0.420 0.031247
0.425 0.031953
0.430 0.033092
0.435 0.034311
0.440 0.035384
0.445 0.036329
0.450 0.037420
0.455 0.037549
0.460 0.037880
0.465 0.038224
0.470 0.038191
0.475 0.038490
0.480 0.038223
0.485 0.037949
0.490 0.038067
0.495 0.038485
0.500 0.039205
0.505 0.040737
0.510 0.042945
0.515 0.047201
0.520 0.054395
0.525 0.064018
0.530 0.073634
0.535 0.080139
0.540 0.083719
0.545 0.085376
0.550 0.087174
0.555 0.087375
0.560 0.083663
0.565 0.079528
0.570 0.072453
0.575 0.065536
0.580 0.060193
0.585 0.056806
0.590 0.055211
0.595 0.054199
0.600 0.053263
0.605 0.051097
0.610 0.049774
0.615 0.047638
0.620 0.045483
0.625 0.044652
0.630 0.044504
0.635 0.043942
0.640 0.043033
0.645 0.041109
0.650 0.040303
0.655 0.039554
0.660 0.037817
0.665 0.036336
0.670 0.035709
0.675 0.035592
0.680 0.035604
0.685 0.035547
0.690 0.038780
0.695 0.047352
0.700 0.071925
0.705 0.109170
0.710 0.151880
0.715 0.200670
0.720 0.252550
0.725 0.303980
0.730 0.348980
0.735 0.385070
0.740 0.411400
0.745 0.429340
0.750 0.441410
0.755 0.449380
0.760 0.454050
0.765 0.456830
0.770 0.458280
0.775 0.459650
0.780 0.461020
0.785 0.461610
0.790 0.461460
0.795 0.461690
0.800 0.461890
0.805 0.462060
0.810 0.462880
0.815 0.462820
0.820 0.462870
0.825 0.462760
0.830 0.462630
0.835 0.463340
0.840 0.463480
0.845 0.462260
0.850 0.460560
0.855 0.461380
0.860 0.462600
0.865 0.461680
0.870 0.459840
0.875 0.458070
0.880 0.456740
0.885 0.456350
0.890 0.456820
0.895 0.456980
0.900 0.456200
0.905 0.455030
0.910 0.453850
0.915 0.452800
0.920 0.452020
0.925 0.451690
0.930 0.451710
0.935 0.450680
0.940 0.448320
0.945 0.445930
0.950 0.443480
0.955 0.441080
0.960 0.440550
0.965 0.440460
0.970 0.438930
0.975 0.438340
0.980 0.437020
0.985 0.436800
0.990 0.437100
0.995 0.436370
1.000 0.436140
1.005 0.437370
1.010 0.436890
1.015 0.436020
1.020 0.437150
1.025 0.438590
1.030 0.439060
1.035 0.439710
1.040 0.438400
1.045 0.438770
1.050 0.439430
1.055 0.440550
1.060 0.439540
1.065 0.438440
1.070 0.440270
1.075 0.439050
1.080 0.437690
1.085 0.438400
1.090 0.438170
1.095 0.437270
1.100 0.436380
1.105 0.435730
1.110 0.435060
1.115 0.434420
1.120 0.433600
1.125 0.431380
1.130 0.429210
1.135 0.426550
1.140 0.422890
1.145 0.417970
1.150 0.413800
1.155 0.409720
1.160 0.407390
1.165 0.405920
1.170 0.403870
1.175 0.401910
1.180 0.400380
1.185 0.401390
1.190 0.400180
1.195 0.398630
1.200 0.397650
1.205 0.398120
1.210 0.397660
1.215 0.398290
1.220 0.398200
1.225 0.399760
1.230 0.401180
1.235 0.402580
1.240 0.403300
1.245 0.402970
1.250 0.403380
1.255 0.404530
1.260 0.405470
1.265 0.403860
1.270 0.403680
1.275 0.404420
1.280 0.402920
1.285 0.403120
1.290 0.402520
1.295 0.400690
1.300 0.399640
1.305 0.397540
1.310 0.394600
1.315 0.392380
1.320 0.388040
1.325 0.382920
1.330 0.378980
1.335 0.373830
1.340 0.368230
1.345 0.362670
1.350 0.358460
1.355 0.353430
1.360 0.349520
1.365 0.344700
1.370 0.338540
1.375 0.329290
1.380 0.317620
1.385 0.299350
1.390 0.276510
1.395 0.249870
1.400 0.221130
1.405 0.196130
1.410 0.174830
1.415 0.159450
1.420 0.147570
1.425 0.139500
1.430 0.135260
1.435 0.130150
1.440 0.126920
1.445 0.125500
1.450 0.123520
1.455 0.123660
1.460 0.125530
1.465 0.125480
1.470 0.127440
1.475 0.131940
1.480 0.136740
1.485 0.142960
1.490 0.147270
1.495 0.152730
1.500 0.159460
1.505 0.166750
1.510 0.170910
1.515 0.175650
1.520 0.184100
1.525 0.188960
1.530 0.193700
1.535 0.200290
1.540 0.204510
1.545 0.209930
1.550 0.214340
1.555 0.219450
1.560 0.224480
1.565 0.227980
1.570 0.231610
1.575 0.235160
1.580 0.238600
1.585 0.242150
1.590 0.245910
1.595 0.248860
1.600 0.251730
1.605 0.255020
1.610 0.257070
1.615 0.259030
1.620 0.261170
1.625 0.262750
1.630 0.265070
1.635 0.267380
1.640 0.268330
1.645 0.268100
1.650 0.268440
1.655 0.268650
1.660 0.266470
1.665 0.264640
1.670 0.263150
1.675 0.261420
1.680 0.260930
1.685 0.260840
1.690 0.260430
1.695 0.261590
1.700 0.262780
1.705 0.260540
1.710 0.257180
1.715 0.254620
1.720 0.253160
1.725 0.251240
1.730 0.248100
1.735 0.246990
1.740 0.247410
1.745 0.246380
1.750 0.243540
1.755 0.239890
1.760 0.237870
1.765 0.236250
1.770 0.233700
1.775 0.231880
1.780 0.231340
1.785 0.231710
1.790 0.231960
1.795 0.231740
1.800 0.231630
1.805 0.232010
1.810 0.233160
1.815 0.234070
1.820 0.233750
1.825 0.233150
1.830 0.233120
1.835 0.232970
1.840 0.231760
1.845 0.229170
1.850 0.224500
1.855 0.217330
1.860 0.206490
1.865 0.192200
1.870 0.173760
1.875 0.152080
1.880 0.127350
1.885 0.101720
1.890 0.077484
1.895 0.057597
1.900 0.045673
1.905 0.038251
1.910 0.032885
1.915 0.029393
1.920 0.028441
1.925 0.028652
1.930 0.028923
1.935 0.029026
1.940 0.028928
1.945 0.029129
1.950 0.030154
1.955 0.031463
1.960 0.032557
1.965 0.033572
1.970 0.034747
1.975 0.036396
1.980 0.038917
1.985 0.042015
1.990 0.045422
1.995 0.048426
2.000 0.050312
2.005 0.051704
2.010 0.053244
2.015 0.055434
2.020 0.058759
2.025 0.062306
2.030 0.065190
2.035 0.067567
2.040 0.069545
2.045 0.071086
2.050 0.072113
2.055 0.073463
2.060 0.075916
2.065 0.078304
2.070 0.079495
2.075 0.080628
2.080 0.082899
2.085 0.085640
2.090 0.088189
2.095 0.090707
2.100 0.093350
2.105 0.095493
2.110 0.096502
2.115 0.097592
2.120 0.099879
2.125 0.101920
2.130 0.102270
2.135 0.102690
2.140 0.105000
2.145 0.107910
2.150 0.110070
2.155 0.111410
2.160 0.111960
2.165 0.112780
2.170 0.114890
2.175 0.117460
2.180 0.119690
2.185 0.121390
2.190 0.122430
2.195 0.123450
2.200 0.125070
2.205 0.127010
2.210 0.128950
2.215 0.130290
2.220 0.130340
2.225 0.129610
2.230 0.128500
2.235 0.127290
2.240 0.126110
2.245 0.124310
2.250 0.121010
2.255 0.116210
2.260 0.109980
2.265 0.105100
2.270 0.104180
2.275 0.103210
2.280 0.098268
2.285 0.092774
2.290 0.090329
2.295 0.089440
2.300 0.088499
2.305 0.086920
2.310 0.084437
2.315 0.082860
2.320 0.083923
2.325 0.084854
2.330 0.082899
2.335 0.080200
2.340 0.078827
2.345 0.077262
2.350 0.073881
2.355 0.070534
2.360 0.069192
2.365 0.068919
2.370 0.068716
2.375 0.067780
2.380 0.065380
2.385 0.062599
2.390 0.060636
2.395 0.059265
2.400 0.057879
2.405 0.056086
2.410 0.054057
2.415 0.051959
2.420 0.049882
2.425 0.047862
2.430 0.045889
2.435 0.043996
2.440 0.042295
2.445 0.040940
2.450 0.039776
2.455 0.038684
2.460 0.037620
2.465 0.036570
2.470 0.035533
2.475 0.034504
2.480 0.033487
2.485 0.032493
2.490 0.031558
2.495 0.030779
2.500 0.030335
