0.350 0.080504
0.355 0.088554
0.360 0.096604
0.365 0.104660
0.370 0.112710
0.375 0.120760
0.380 0.128810
0.385 0.136860
0.390 0.144910
0.395 0.152960
0.400 0.161010
0.405 0.165560
0.410 0.168810
0.415 0.171990
0.420 0.172490
0.425 0.173910
0.430 0.177560
0.435 0.178610
0.440 0.183070
0.445 0.183610
0.450 0.185140
0.455 0.187080
0.460 0.188670
0.465 0.190790
0.470 0.190230
0.475 0.193800
0.480 0.192120
0.485 0.193920
0.490 0.195630
0.495 0.196420
0.500 0.196290
0.505 0.194550
0.510 0.197060
0.515 0.196490
0.520 0.196350
0.525 0.195580
0.530 0.196190
0.535 0.195890
0.540 0.195370
0.545 0.195220
0.550 0.195430
0.555 0.192590
0.560 0.194090
0.565 0.193580
0.570 0.192810
0.575 0.194860
0.580 0.191950
0.585 0.192670
0.590 0.190360
0.595 0.190670
0.600 0.190140
0.605 0.189480
0.610 0.189010
0.615 0.188140
0.620 0.189280
0.625 0.187200
0.630 0.187530
0.635 0.189070
0.640 0.187060
0.645 0.185800
0.650 0.186180
0.655 0.184920
0.660 0.186510
0.665 0.184650
0.670 0.183530
0.675 0.182480
0.680 0.183840
0.685 0.184030
0.690 0.182300
0.695 0.181560
0.700 0.182940
0.705 0.180920
0.710 0.181790
0.715 0.180780
0.720 0.179720
0.725 0.180470
0.730 0.181280
0.735 0.179410
0.740 0.179280
0.745 0.180340
0.750 0.178920
0.755 0.179660
0.760 0.179230
0.765 0.178860
0.770 0.178920
0.775 0.178190
0.780 0.177880
0.785 0.178240
0.790 0.178550
0.795 0.178550
0.800 0.177910
0.805 0.177940
0.810 0.175700
0.815 0.176240
0.820 0.176950
0.825 0.174590
0.830 0.173900
0.835 0.173790
0.840 0.171460
0.845 0.170420
0.850 0.171280
0.855 0.170830
0.860 0.170350
0.865 0.169220
0.870 0.168580
0.875 0.168640
0.880 0.168350
0.885 0.168880
0.890 0.169360
0.895 0.167900
0.900 0.169140
0.905 0.168570
0.910 0.169140
0.915 0.168700
0.920 0.167620
0.925 0.168150
0.930 0.169710
0.935 0.168970
0.940 0.168370
0.945 0.168490
0.950 0.169010
0.955 0.169450
0.960 0.168050
0.965 0.167490
0.970 0.167940
0.975 0.169200
0.980 0.169970
0.985 0.168830
0.990 0.168260
0.995 0.167900
1.000 0.169220
1.005 0.168900
1.010 0.168360
1.015 0.168040
1.020 0.167160
1.025 0.167860
1.030 0.167910
1.035 0.166720
1.040 0.167710
1.045 0.165990
1.050 0.167610
1.055 0.167310
1.060 0.167130
1.065 0.166350
1.070 0.164460
1.075 0.164540
1.080 0.165300
1.085 0.165900
1.090 0.165430
1.095 0.164930
1.100 0.164980
1.105 0.166190
1.110 0.165270
1.115 0.164300
1.120 0.165730
1.125 0.165600
1.130 0.165210
1.135 0.165590
1.140 0.165810
1.145 0.165790
1.150 0.166950
1.155 0.167900
1.160 0.168110
1.165 0.168000
1.170 0.168020
1.175 0.168300
1.180 0.168600
1.185 0.168560
1.190 0.168680
1.195 0.169840
1.200 0.170000
1.205 0.170040
1.210 0.170100
1.215 0.170550
1.220 0.172060
1.225 0.171500
1.230 0.170950
1.235 0.172100
1.240 0.171060
1.245 0.172160
1.250 0.174190
1.255 0.174560
1.260 0.174410
1.265 0.173950
1.270 0.174910
1.275 0.174140
1.280 0.175340
1.285 0.176670
1.290 0.176070
1.295 0.177330
1.300 0.177300
1.305 0.177370
1.310 0.177010
1.315 0.178380
1.320 0.178390
1.325 0.179220
1.330 0.178240
1.335 0.179810
1.340 0.179890
1.345 0.179850
1.350 0.180380
1.355 0.180700
1.360 0.180140
1.365 0.179930
1.370 0.181420
1.375 0.181410
1.380 0.180300
1.385 0.177590
1.390 0.175460
1.395 0.172480
1.400 0.172360
1.405 0.170720
1.410 0.173020
1.415 0.176910
1.420 0.178370
1.425 0.180650
1.430 0.181070
1.435 0.181540
1.440 0.182190
1.445 0.181950
1.450 0.181710
1.455 0.181170
1.460 0.180730
1.465 0.181880
1.470 0.181480
1.475 0.181590
1.480 0.182510
1.485 0.182980
1.490 0.182410
1.495 0.183810
1.500 0.185130
1.505 0.185080
1.510 0.184330
1.515 0.183490
1.520 0.184730
1.525 0.183880
1.530 0.184650
1.535 0.184770
1.540 0.182140
1.545 0.183400
1.550 0.182790
1.555 0.182560
1.560 0.183230
1.565 0.184210
1.570 0.184330
1.575 0.186060
1.580 0.185840
1.585 0.186680
1.590 0.186350
1.595 0.184820
1.600 0.186610
1.605 0.184160
1.610 0.185610
1.615 0.185580
1.620 0.184480
1.625 0.184370
1.630 0.183640
1.635 0.184610
1.640 0.185730
1.645 0.186910
1.650 0.184900
1.655 0.185870
1.660 0.184750
1.665 0.187100
1.670 0.186280
1.675 0.185640
1.680 0.184860
1.685 0.186110
1.690 0.186290
1.695 0.187900
1.700 0.184940
1.705 0.186210
1.710 0.184200
1.715 0.185920
1.720 0.186190
1.725 0.186320
1.730 0.185280
1.735 0.184160
1.740 0.183320
1.745 0.184380
1.750 0.185210
1.755 0.184470
1.760 0.185370
1.765 0.184680
1.770 0.185040
1.775 0.184220
1.780 0.184480
1.785 0.184240
1.790 0.185640
1.795 0.185160
1.800 0.183910
1.805 0.183770
1.810 0.182700
1.815 0.183810
1.820 0.183370
1.825 0.183430
1.830 0.183430
1.835 0.181770
1.840 0.183250
1.845 0.182940
1.850 0.182610
1.855 0.182200
1.860 0.181920
1.865 0.180240
1.870 0.181340
1.875 0.180770
1.880 0.180540
1.885 0.179510
1.890 0.179410
1.895 0.179120
1.900 0.177920
1.905 0.178060
1.910 0.178180
1.915 0.179750
1.920 0.179330
1.925 0.178960
1.930 0.178840
1.935 0.178890
1.940 0.178810
1.945 0.179300
1.950 0.179020
1.955 0.178210
1.960 0.177330
1.965 0.177950
1.970 0.178060
1.975 0.177070
1.980 0.177150
1.985 0.177580
1.990 0.175450
1.995 0.174390
2.000 0.173120
2.005 0.174240
2.010 0.174430
2.015 0.175500
2.020 0.175500
2.025 0.176240
2.030 0.176390
2.035 0.176230
2.040 0.175420
2.045 0.175940
2.050 0.175740
2.055 0.175470
2.060 0.174190
2.065 0.175000
2.070 0.174600
2.075 0.174930
2.080 0.174210
2.085 0.174370
2.090 0.173360
2.095 0.173380
2.100 0.172800
2.105 0.172850
2.110 0.171730
2.115 0.171840
2.120 0.171040
2.125 0.170890
2.130 0.170300
2.135 0.170560
2.140 0.170590
2.145 0.170580
2.150 0.171000
2.155 0.170960
2.160 0.170860
2.165 0.170550
2.170 0.169720
2.175 0.169080
2.180 0.168770
2.185 0.167910
2.190 0.166480
2.195 0.164160
2.200 0.161150
2.205 0.157170
2.210 0.152830
2.215 0.148370
2.220 0.144740
2.225 0.143980
2.230 0.147000
2.235 0.150780
2.240 0.152910
2.245 0.152530
2.250 0.151940
2.255 0.151660
2.260 0.152930
2.265 0.154480
2.270 0.156120
2.275 0.158030
2.280 0.158700
2.285 0.159090
2.290 0.158840
2.295 0.158250
2.300 0.157130
2.305 0.155880
2.310 0.154510
2.315 0.151790
2.320 0.149440
2.325 0.147460
2.330 0.145090
2.335 0.143020
2.340 0.141060
2.345 0.139580
2.350 0.138810
2.355 0.139230
2.360 0.140570
2.365 0.142370
2.370 0.144610
2.375 0.146210
2.380 0.147320
2.385 0.148550
2.390 0.149430
2.395 0.149550
2.400 0.149650
2.405 0.149110
2.410 0.148730
2.415 0.148520
2.420 0.147960
2.425 0.147290
2.430 0.146750
2.435 0.145460
2.440 0.145110
2.445 0.144810
2.450 0.144550
2.455 0.144350
2.460 0.144640
2.465 0.145010
2.470 0.145120
2.475 0.145440
2.480 0.145040
2.485 0.145030
2.490 0.145260
2.495 0.145210
2.500 0.145150
