0.350 0.050789
0.355 0.055868
0.360 0.060947
0.365 0.066026
0.370 0.071105
0.375 0.076184
0.380 0.081262
0.385 0.086341
0.390 0.091420
0.395 0.096499
0.400 0.101580
0.405 0.103410
0.410 0.106060
0.415 0.106970
0.420 0.105080
0.425 0.108350
0.430 0.109530
0.435 0.108630
0.440 0.111080
0.445 0.111600
0.450 0.112120
0.455 0.113300
0.460 0.112330
0.465 0.112820
0.470 0.114320
0.475 0.114710
0.480 0.114930
0.485 0.113410
0.490 0.114550
0.495 0.113530
0.500 0.114690
0.505 0.114440
0.510 0.114470
0.515 0.115050
0.520 0.115620
0.525 0.114180
0.530 0.114140
0.535 0.115600
0.540 0.114240
0.545 0.114730
0.550 0.115670
0.555 0.115870
0.560 0.115040
0.565 0.113640
0.570 0.113850
0.575 0.113870
0.580 0.111840
0.585 0.112920
0.590 0.112570
0.595 0.111940
0.600 0.111730
0.605 0.109780
0.610 0.111240
0.615 0.112380
0.620 0.111210
0.625 0.111440
0.630 0.111040
0.635 0.111140
0.640 0.108730
0.645 0.111120
0.650 0.108240
0.655 0.109970
0.660 0.110600
0.665 0.110580
0.670 0.110970
0.675 0.109380
0.680 0.109700
0.685 0.110450
0.690 0.109230
0.695 0.107980
0.700 0.110100
0.705 0.110320
0.710 0.110790
0.715 0.110710
0.720 0.109460
0.725 0.109810
0.730 0.109910
0.735 0.110620
0.740 0.108140
0.745 0.110000
0.750 0.107860
0.755 0.107040
0.760 0.106410
0.765 0.106630
0.770 0.107540
0.775 0.107150
0.780 0.107610
0.785 0.106020
0.790 0.106320
0.795 0.106680
0.800 0.109150
0.805 0.107630
0.810 0.109390
0.815 0.108710
0.820 0.107720
0.825 0.107670
0.830 0.107220
0.835 0.106790
0.840 0.106480
0.845 0.106050
0.850 0.105540
0.855 0.106480
0.860 0.106090
0.865 0.105830
0.870 0.106160
0.875 0.105160
0.880 0.105800
0.885 0.105030
0.890 0.104130
0.895 0.104290
0.900 0.103330
0.905 0.103150
0.910 0.103650
0.915 0.103430
0.920 0.102860
0.925 0.103040
0.930 0.103230
0.935 0.103480
0.940 0.102750
0.945 0.103370
0.950 0.103090
0.955 0.102960
0.960 0.102870
0.965 0.102800
0.970 0.102630
0.975 0.102470
0.980 0.104350
0.985 0.102180
0.990 0.102040
0.995 0.102000
1.000 0.102090
1.005 0.102030
1.010 0.101780
1.015 0.101750
1.020 0.101680
1.025 0.101360
1.030 0.101500
1.035 0.100010
1.040 0.100590
1.045 0.101650
1.050 0.100690
1.055 0.100860
1.060 0.099775
1.065 0.100060
1.070 0.099566
1.075 0.100950
1.080 0.100790
1.085 0.100610
1.090 0.099785
1.095 0.099047
1.100 0.098741
1.105 0.099466
1.110 0.099878
1.115 0.099546
1.120 0.098746
1.125 0.100220
1.130 0.099277
1.135 0.099350
1.140 0.097307
1.145 0.098989
1.150 0.099168
1.155 0.099007
1.160 0.099673
1.165 0.099464
1.170 0.098861
1.175 0.098760
1.180 0.099890
1.185 0.100170
1.190 0.099837
1.195 0.099232
1.200 0.099492
1.205 0.099376
1.210 0.099386
1.215 0.097919
1.220 0.098530
1.225 0.099018
1.230 0.099202
1.235 0.099809
1.240 0.097726
1.245 0.097347
1.250 0.097924
1.255 0.097862
1.260 0.097231
1.265 0.096939
1.270 0.095857
1.275 0.096168
1.280 0.095906
1.285 0.095904
1.290 0.096441
1.295 0.096711
1.300 0.096506
1.305 0.095862
1.310 0.096078
1.315 0.096662
1.320 0.095721
1.325 0.095705
1.330 0.096743
1.335 0.097404
1.340 0.096553
1.345 0.096405
1.350 0.096241
1.355 0.096415
1.360 0.095986
1.365 0.096183
1.370 0.096256
1.375 0.095910
1.380 0.095297
1.385 0.095461
1.390 0.094795
1.395 0.094765
1.400 0.095243
1.405 0.094891
1.410 0.094101
1.415 0.093984
1.420 0.093997
1.425 0.094509
1.430 0.095086
1.435 0.095290
1.440 0.094731
1.445 0.093408
1.450 0.093418
1.455 0.093854
1.460 0.095292
1.465 0.094651
1.470 0.095782
1.475 0.095088
1.480 0.094967
1.485 0.093490
1.490 0.094290
1.495 0.094805
1.500 0.094431
1.505 0.093395
1.510 0.094935
1.515 0.094064
1.520 0.094797
1.525 0.095297
1.530 0.095018
1.535 0.094194
1.540 0.093844
1.545 0.093600
1.550 0.092917
1.555 0.093754
1.560 0.093571
1.565 0.093303
1.570 0.093844
1.575 0.094229
1.580 0.094030
1.585 0.093607
1.590 0.093706
1.595 0.093067
1.600 0.094127
1.605 0.093066
1.610 0.093309
1.615 0.092064
1.620 0.092552
1.625 0.092948
1.630 0.093931
1.635 0.093081
1.640 0.093738
1.645 0.093657
1.650 0.093428
1.655 0.092390
1.660 0.092564
1.665 0.092389
1.670 0.092704
1.675 0.092203
1.680 0.092145
1.685 0.091990
1.690 0.092604
1.695 0.092149
1.700 0.092156
1.705 0.091420
1.710 0.091015
1.715 0.091266
1.720 0.091005
1.725 0.090557
1.730 0.090899
1.735 0.091642
1.740 0.091205
1.745 0.090452
1.750 0.090362
1.755 0.090394
1.760 0.089624
1.765 0.089960
1.770 0.090177
1.775 0.090200
1.780 0.090084
1.785 0.090666
1.790 0.090909
1.795 0.090933
1.800 0.090494
1.805 0.090335
1.810 0.089886
1.815 0.089596
1.820 0.089605
1.825 0.089462
1.830 0.089732
1.835 0.089961
1.840 0.089559
1.845 0.089305
1.850 0.089602
1.855 0.089010
1.860 0.089020
1.865 0.089751
1.870 0.089362
1.875 0.089439
1.880 0.090031
1.885 0.089327
1.890 0.088632
1.895 0.088524
1.900 0.087820
1.905 0.088314
1.910 0.089137
1.915 0.089446
1.920 0.088722
1.925 0.089890
1.930 0.089426
1.935 0.089141
1.940 0.088885
1.945 0.088772
1.950 0.088528
1.955 0.089686
1.960 0.089372
1.965 0.088752
1.970 0.087794
1.975 0.088144
1.980 0.087308
1.985 0.088006
1.990 0.087274
1.995 0.087648
2.000 0.087582
2.005 0.087390
2.010 0.087641
2.015 0.087467
2.020 0.087335
2.025 0.087961
2.030 0.087575
2.035 0.088156
2.040 0.087559
2.045 0.087281
2.050 0.087194
2.055 0.086920
2.060 0.087885
2.065 0.086991
2.070 0.086837
2.075 0.086406
2.080 0.086740
2.085 0.087154
2.090 0.087001
2.095 0.086926
2.100 0.086910
2.105 0.086677
2.110 0.086577
2.115 0.086620
2.120 0.086319
2.125 0.086346
2.130 0.085891
2.135 0.086511
2.140 0.086172
2.145 0.086108
2.150 0.086027
2.155 0.085922
2.160 0.085508
2.165 0.085625
2.170 0.085779
2.175 0.085489
2.180 0.085367
2.185 0.085022
2.190 0.084998
2.195 0.084776
2.200 0.084342
2.205 0.084389
2.210 0.084404
2.215 0.084651
2.220 0.084645
2.225 0.084600
2.230 0.084690
2.235 0.084583
2.240 0.084547
2.245 0.084330
2.250 0.084207
2.255 0.084053
2.260 0.084064
2.265 0.084081
2.270 0.083859
2.275 0.083847
2.280 0.083818
2.285 0.083929
2.290 0.083796
2.295 0.083613
2.300 0.083556
2.305 0.083532
2.310 0.083220
2.315 0.083319
2.320 0.083092
2.325 0.083282
2.330 0.083151
2.335 0.082816
2.340 0.082661
2.345 0.082838
2.350 0.082632
2.355 0.082617
2.360 0.082398
2.365 0.082485
2.370 0.082453
2.375 0.082363
2.380 0.082523
2.385 0.082305
2.390 0.082251
2.395 0.082306
2.400 0.081917
2.405 0.082111
2.410 0.082083
2.415 0.082047
2.420 0.081897
2.425 0.081549
2.430 0.081551
2.435 0.081768
2.440 0.081549
2.445 0.081441
2.450 0.081266
2.455 0.081128
2.460 0.081027
2.465 0.081029
2.470 0.081009
2.475 0.080896
2.480 0.081116
2.485 0.080967
2.490 0.080787
2.495 0.080710
2.500 0.080731
