0.350 0.002961
0.355 0.003257
0.360 0.003553
0.365 0.003849
0.370 0.004145
0.375 0.004441
0.380 0.004737
0.385 0.005033
0.390 0.005329
0.395 0.005625
0.400 0.005921
0.405 0.013167
0.410 0.015996
0.415 0.017746
0.420 0.021929
0.425 0.023062
0.430 0.027388
0.435 0.034584
0.440 0.037389
0.445 0.038582
0.450 0.040408
0.455 0.045874
0.460 0.047224
0.465 0.048392
0.470 0.048701
0.475 0.053232
0.480 0.055289
0.485 0.054368
0.490 0.056971
0.495 0.057212
0.500 0.060235
0.505 0.063471
0.510 0.065462
0.515 0.069331
0.520 0.074560
0.525 0.070532
0.530 0.074128
0.535 0.076876
0.540 0.078169
0.545 0.076762
0.550 0.083678
0.555 0.081561
0.560 0.087013
0.565 0.088543
0.570 0.094594
0.575 0.092291
0.580 0.094060
0.585 0.100380
0.590 0.099429
0.595 0.103870
0.600 0.102760
0.605 0.105290
0.610 0.106640
0.615 0.108900
0.620 0.108280
0.625 0.108350
0.630 0.113390
0.635 0.114010
0.640 0.114760
0.645 0.118340
0.650 0.119200
0.655 0.119490
0.660 0.121970
0.665 0.127640
0.670 0.131090
0.675 0.128670
0.680 0.127840
0.685 0.130690
0.690 0.134910
0.695 0.138060
0.700 0.141230
0.705 0.142040
0.710 0.145280
0.715 0.147820
0.720 0.154820
0.725 0.155340
0.730 0.152550
0.735 0.159540
0.740 0.158810
0.745 0.162570
0.750 0.164440
0.755 0.166130
0.760 0.170940
0.765 0.172140
0.770 0.173630
0.775 0.176390
0.780 0.177580
0.785 0.182710
0.790 0.183430
0.795 0.184440
0.800 0.190140
0.805 0.191730
0.810 0.197750
0.815 0.198820
0.820 0.198710
0.825 0.199460
0.830 0.204930
0.835 0.207480
0.840 0.208430
0.845 0.209740
0.850 0.213200
0.855 0.215630
0.860 0.217280
0.865 0.221010
0.870 0.221050
0.875 0.223150
0.880 0.224120
0.885 0.227800
0.890 0.227770
0.895 0.230430
0.900 0.230220
0.905 0.230780
0.910 0.235130
0.915 0.238520
0.920 0.240290
0.925 0.242810
0.930 0.245960
0.935 0.247380
0.940 0.247240
0.945 0.249080
0.950 0.252910
0.955 0.255130
0.960 0.256860
0.965 0.261480
0.970 0.264120
0.975 0.265570
0.980 0.264970
0.985 0.267170
0.990 0.269900
0.995 0.275040
1.000 0.273600
1.005 0.277390
1.010 0.277930
1.015 0.280380
1.020 0.283340
1.025 0.278890
1.030 0.284560
1.035 0.289850
1.040 0.289410
1.045 0.290500
1.050 0.291500
1.055 0.294520
1.060 0.293350
1.065 0.296670
1.070 0.300120
1.075 0.304320
1.080 0.301220
1.085 0.306330
1.090 0.307290
1.095 0.308070
1.100 0.311830
1.105 0.313510
1.110 0.312600
1.115 0.312730
1.120 0.319820
1.125 0.323900
1.130 0.323350
1.135 0.321300
1.140 0.322110
1.145 0.326410
1.150 0.329760
1.155 0.331470
1.160 0.331580
1.165 0.335330
1.170 0.335400
1.175 0.337770
1.180 0.340220
1.185 0.342410
1.190 0.344060
1.195 0.345140
1.200 0.346150
1.205 0.346100
1.210 0.346360
1.215 0.346140
1.220 0.350400
1.225 0.351810
1.230 0.351570
1.235 0.350850
1.240 0.352180
1.245 0.354930
1.250 0.357230
1.255 0.361250
1.260 0.359930
1.265 0.359240
1.270 0.362320
1.275 0.364990
1.280 0.366090
1.285 0.367470
1.290 0.368230
1.295 0.370900
1.300 0.367670
1.305 0.368090
1.310 0.366560
1.315 0.368410
1.320 0.371690
1.325 0.371800
1.330 0.371780
1.335 0.374010
1.340 0.375160
1.345 0.375900
1.350 0.376700
1.355 0.377650
1.360 0.375930
1.365 0.373140
1.370 0.375470
1.375 0.373160
1.380 0.366390
1.385 0.361950
1.390 0.361810
1.395 0.361140
1.400 0.364360
1.405 0.365700
1.410 0.363530
1.415 0.366540
1.420 0.369640
1.425 0.370040
1.430 0.371650
1.435 0.375160
1.440 0.376390
1.445 0.374900
1.450 0.375550
1.455 0.375030
1.460 0.379770
1.465 0.379710
1.470 0.380690
1.475 0.380170
1.480 0.382350
1.485 0.385320
1.490 0.389490
1.495 0.391140
1.500 0.388950
1.505 0.392210
1.510 0.393110
1.515 0.391540
1.520 0.391370
1.525 0.392320
1.530 0.395630
1.535 0.399380
1.540 0.399850
1.545 0.400200
1.550 0.398860
1.555 0.398730
1.560 0.398890
1.565 0.398770
1.570 0.400350
1.575 0.399230
1.580 0.400130
1.585 0.399560
1.590 0.401500
1.595 0.403680
1.600 0.403440
1.605 0.405650
1.610 0.404670
1.615 0.406400
1.620 0.404530
1.625 0.408230
1.630 0.406680
1.635 0.405910
1.640 0.408460
1.645 0.408640
1.650 0.407550
1.655 0.405300
1.660 0.406610
1.665 0.406960
1.670 0.407670
1.675 0.408690
1.680 0.409090
1.685 0.407780
1.690 0.407800
1.695 0.409740
1.700 0.411180
1.705 0.411540
1.710 0.408920
1.715 0.409900
1.720 0.409750
1.725 0.412450
1.730 0.413120
1.735 0.415330
1.740 0.413100
1.745 0.414450
1.750 0.413310
1.755 0.412290
1.760 0.412020
1.765 0.411630
1.770 0.409490
1.775 0.410570
1.780 0.413800
1.785 0.412190
1.790 0.408580
1.795 0.413120
1.800 0.413870
1.805 0.412030
1.810 0.414150
1.815 0.410140
1.820 0.409790
1.825 0.412020
1.830 0.413540
1.835 0.414030
1.840 0.413980
1.845 0.415830
1.850 0.414410
1.855 0.409840
1.860 0.405650
1.865 0.400580
1.870 0.394650
1.875 0.386220
1.880 0.376730
1.885 0.357610
1.890 0.342020
1.895 0.330690
1.900 0.317980
1.905 0.318120
1.910 0.317380
1.915 0.317920
1.920 0.321540
1.925 0.325220
1.930 0.329830
1.935 0.333150
1.940 0.336130
1.945 0.339360
1.950 0.342820
1.955 0.347180
1.960 0.357330
1.965 0.359020
1.970 0.360400
1.975 0.360540
1.980 0.360640
1.985 0.364020
1.990 0.367740
1.995 0.373430
2.000 0.375150
2.005 0.380770
2.010 0.380590
2.015 0.384930
2.020 0.383100
2.025 0.386830
2.030 0.382990
2.035 0.384140
2.040 0.386460
2.045 0.389140
2.050 0.389000
2.055 0.390420
2.060 0.391770
2.065 0.396550
2.070 0.391800
2.075 0.392410
2.080 0.389820
2.085 0.389490
2.090 0.391230
2.095 0.389550
2.100 0.390690
2.105 0.389940
2.110 0.389570
2.115 0.390600
2.120 0.389820
2.125 0.390730
2.130 0.389690
2.135 0.390560
2.140 0.390770
2.145 0.389710
2.150 0.389140
2.155 0.388310
2.160 0.385850
2.165 0.386320
2.170 0.386340
2.175 0.383750
2.180 0.381880
2.185 0.380690
2.190 0.378450
2.195 0.376100
2.200 0.372980
2.205 0.372270
2.210 0.369170
2.215 0.372180
2.220 0.373120
2.225 0.374200
2.230 0.374950
2.235 0.374390
2.240 0.374280
2.245 0.372900
2.250 0.373020
2.255 0.373660
2.260 0.373490
2.265 0.374680
2.270 0.374510
2.275 0.373270
2.280 0.372310
2.285 0.371850
2.290 0.369770
2.295 0.368530
2.300 0.368180
2.305 0.367460
2.310 0.367760
2.315 0.367550
2.320 0.367330
2.325 0.367060
2.330 0.366090
2.335 0.365260
2.340 0.363640
2.345 0.361980
2.350 0.360810
2.355 0.359470
2.360 0.358060
2.365 0.357440
2.370 0.356230
2.375 0.354650
2.380 0.352520
2.385 0.352000
2.390 0.350550
2.395 0.348790
2.400 0.347890
2.405 0.345450
2.410 0.343880
2.415 0.342170
2.420 0.339490
2.425 0.337200
2.430 0.334680
2.435 0.332010
2.440 0.329580
2.445 0.327110
2.450 0.325740
2.455 0.323320
2.460 0.321310
2.465 0.318930
2.470 0.317200
2.475 0.315710
2.480 0.313570
2.485 0.311750
2.490 0.310330
2.495 0.308830
2.500 0.307460
