0.350 0.019292
0.355 0.021221
0.360 0.023150
0.365 0.025080
0.370 0.027009
0.375 0.028938
0.380 0.030867
0.385 0.032796
0.390 0.034726
0.395 0.036655
0.400 0.038584
0.405 0.035530
0.410 0.037946
0.415 0.037797
0.420 0.039748
0.425 0.039166
0.430 0.039717
0.435 0.039614
0.440 0.040145
0.445 0.039841
0.450 0.040459
0.455 0.040245
0.460 0.040611
0.465 0.040516
0.470 0.041437
0.475 0.040611
0.480 0.041265
0.485 0.041235
0.490 0.041524
0.495 0.042292
0.500 0.043053
0.505 0.046194
0.510 0.050313
0.515 0.058097
0.520 0.069469
0.525 0.083882
0.530 0.097215
0.535 0.106260
0.540 0.111960
0.545 0.114810
0.550 0.117400
0.555 0.117960
0.560 0.114410
0.565 0.107140
0.570 0.097578
0.575 0.087971
0.580 0.080321
0.585 0.074936
0.590 0.071326
0.595 0.069206
0.600 0.067947
0.605 0.066975
0.610 0.063578
0.615 0.059949
0.620 0.056997
0.625 0.055458
0.630 0.054915
0.635 0.054026
0.640 0.051769
0.645 0.048866
0.650 0.046630
0.655 0.045113
0.660 0.043469
0.665 0.041958
0.670 0.041421
0.675 0.041959
0.680 0.043413
0.685 0.045951
0.690 0.052369
0.695 0.071384
0.700 0.111940
0.705 0.172420
0.710 0.244730
0.715 0.325980
0.720 0.412470
0.725 0.497780
0.730 0.574220
0.735 0.636770
0.740 0.684770
0.745 0.718860
0.750 0.742220
0.755 0.757230
0.760 0.766400
0.765 0.772400
0.770 0.775730
0.775 0.778330
0.780 0.780340
0.785 0.782060
0.790 0.783290
0.795 0.784960
0.800 0.786490
0.805 0.787840
0.810 0.789270
0.815 0.790790
0.820 0.792320
0.825 0.793910
0.830 0.795460
0.835 0.797020
0.840 0.798720
0.845 0.800530
0.850 0.802440
0.855 0.803810
0.860 0.805430
0.865 0.807070
0.870 0.808400
0.875 0.809330
0.880 0.810620
0.885 0.811540
0.890 0.812500
0.895 0.813630
0.900 0.814440
0.905 0.815290
0.910 0.815770
0.915 0.816470
0.920 0.817030
0.925 0.817280
0.930 0.816940
0.935 0.815900
0.940 0.814860
0.945 0.813240
0.950 0.810050
0.955 0.805870
0.960 0.802410
0.965 0.800220
0.970 0.800430
0.975 0.801170
0.980 0.802170
0.985 0.804360
0.990 0.806330
0.995 0.808950
1.000 0.812020
1.005 0.808280
1.010 0.810570
1.015 0.811430
1.020 0.815230
1.025 0.818020
1.030 0.821610
1.035 0.822950
1.040 0.826010
1.045 0.827240
1.050 0.830370
1.055 0.832780
1.060 0.833250
1.065 0.833570
1.070 0.834190
1.075 0.835810
1.080 0.837050
1.085 0.838380
1.090 0.837740
1.095 0.836950
1.100 0.836890
1.105 0.837080
1.110 0.835160
1.115 0.833840
1.120 0.832430
1.125 0.829780
1.130 0.824470
1.135 0.817420
1.140 0.807410
1.145 0.796190
1.150 0.785330
1.155 0.777820
1.160 0.773640
1.165 0.770040
1.170 0.769030
1.175 0.768420
1.180 0.766900
1.185 0.766500
1.190 0.766100
1.195 0.766430
1.200 0.766820
1.205 0.768270
1.210 0.770390
1.215 0.772670
1.220 0.775090
1.225 0.777600
1.230 0.780540
1.235 0.782140
1.240 0.784480
1.245 0.787510
1.250 0.788160
1.255 0.789470
1.260 0.790160
1.265 0.790640
1.270 0.791150
1.275 0.791740
1.280 0.790300
1.285 0.788530
1.290 0.785750
1.295 0.782720
1.300 0.779280
1.305 0.773560
1.310 0.767130
1.315 0.758880
1.320 0.749190
1.325 0.738540
1.330 0.726090
1.335 0.712820
1.340 0.699830
1.345 0.687340
1.350 0.674890
1.355 0.663370
1.360 0.650470
1.365 0.635400
1.370 0.614340
1.375 0.586080
1.380 0.546230
1.385 0.495130
1.390 0.438120
1.395 0.380960
1.400 0.329270
1.405 0.288120
1.410 0.257740
1.415 0.237300
1.420 0.223700
1.425 0.215100
1.430 0.210190
1.435 0.207940
1.440 0.207460
1.445 0.208090
1.450 0.209600
1.455 0.211990
1.460 0.215800
1.465 0.221970
1.470 0.229870
1.475 0.239600
1.480 0.250460
1.485 0.262340
1.490 0.274870
1.495 0.287580
1.500 0.300540
1.505 0.313690
1.510 0.326460
1.515 0.339170
1.520 0.351780
1.525 0.364290
1.530 0.375840
1.535 0.387140
1.540 0.398450
1.545 0.409000
1.550 0.418660
1.555 0.428540
1.560 0.437560
1.565 0.446540
1.570 0.455440
1.575 0.463350
1.580 0.470970
1.585 0.478970
1.590 0.486260
1.595 0.493370
1.600 0.499980
1.605 0.506820
1.610 0.512410
1.615 0.517920
1.620 0.523480
1.625 0.528010
1.630 0.532750
1.635 0.536780
1.640 0.539980
1.645 0.541560
1.650 0.542390
1.655 0.542900
1.660 0.542990
1.665 0.542620
1.670 0.542540
1.675 0.541970
1.680 0.540730
1.685 0.538780
1.690 0.535880
1.695 0.532370
1.700 0.528960
1.705 0.524370
1.710 0.519870
1.715 0.514960
1.720 0.509850
1.725 0.505150
1.730 0.500450
1.735 0.495950
1.740 0.491530
1.745 0.486420
1.750 0.480380
1.755 0.473660
1.760 0.467100
1.765 0.461740
1.770 0.456320
1.775 0.452580
1.780 0.448830
1.785 0.446380
1.790 0.445850
1.795 0.445810
1.800 0.446070
1.805 0.451040
1.810 0.451840
1.815 0.452150
1.820 0.451710
1.825 0.450540
1.830 0.447960
1.835 0.443670
1.840 0.436400
1.845 0.425540
1.850 0.409460
1.855 0.387330
1.860 0.358190
1.865 0.321270
1.870 0.275790
1.875 0.225540
1.880 0.176730
1.885 0.132730
1.890 0.097442
1.895 0.072480
1.900 0.057075
1.905 0.048449
1.910 0.043760
1.915 0.041393
1.920 0.040389
1.925 0.040162
1.930 0.040552
1.935 0.041678
1.940 0.043050
1.945 0.044998
1.950 0.047302
1.955 0.050067
1.960 0.053260
1.965 0.056736
1.970 0.060636
1.975 0.065035
1.980 0.069672
1.985 0.074634
1.990 0.079895
1.995 0.085374
2.000 0.091003
2.005 0.096618
2.010 0.102360
2.015 0.107910
2.020 0.113310
2.025 0.118550
2.030 0.123510
2.035 0.128230
2.040 0.132570
2.045 0.136890
2.050 0.140940
2.055 0.145280
2.060 0.149680
2.065 0.154340
2.070 0.158920
2.075 0.163480
2.080 0.168060
2.085 0.172470
2.090 0.176750
2.095 0.181130
2.100 0.185400
2.105 0.189590
2.110 0.193660
2.115 0.197540
2.120 0.201250
2.125 0.204760
2.130 0.207940
2.135 0.211130
2.140 0.214160
2.145 0.217040
2.150 0.219920
2.155 0.222840
2.160 0.225940
2.165 0.229270
2.170 0.232260
2.175 0.235410
2.180 0.238390
2.185 0.241350
2.190 0.244530
2.195 0.247490
2.200 0.249700
2.205 0.251860
2.210 0.253500
2.215 0.254620
2.220 0.254810
2.225 0.254660
2.230 0.252970
2.235 0.250310
2.240 0.246420
2.245 0.241690
2.250 0.236160
2.255 0.229840
2.260 0.223360
2.265 0.217400
2.270 0.211580
2.275 0.206360
2.280 0.201990
2.285 0.197690
2.290 0.193530
2.295 0.188940
2.300 0.184040
2.305 0.179240
2.310 0.175150
2.315 0.172140
2.320 0.169200
2.325 0.166010
2.330 0.161840
2.335 0.157720
2.340 0.153370
2.345 0.149150
2.350 0.145310
2.355 0.142230
2.360 0.138390
2.365 0.134910
2.370 0.131220
2.375 0.127200
2.380 0.123230
2.385 0.119430
2.390 0.115430
2.395 0.110990
2.400 0.107650
2.405 0.103420
2.410 0.099295
2.415 0.095458
2.420 0.092132
2.425 0.087538
2.430 0.084423
2.435 0.080088
2.440 0.076483
2.445 0.072720
2.450 0.068764
2.455 0.065455
2.460 0.063504
2.465 0.061138
2.470 0.059922
2.475 0.056290
2.480 0.054234
2.485 0.052774
2.490 0.052662
2.495 0.049917
2.500 0.049526
