0.350 0.003916
0.355 0.004308
0.360 0.004699
0.365 0.005091
0.370 0.005482
0.375 0.005874
0.380 0.006266
0.385 0.006657
0.390 0.007049
0.395 0.007440
0.400 0.007832
0.405 0.011863
0.410 0.016690
0.415 0.023680
0.420 0.031004
0.425 0.035950
0.430 0.043909
0.435 0.048130
0.440 0.056341
0.445 0.058167
0.450 0.066210
0.455 0.072456
0.460 0.073510
0.465 0.078291
0.470 0.081879
0.475 0.085132
0.480 0.089428
0.485 0.095216
0.490 0.100270
0.495 0.104940
0.500 0.107920
0.505 0.115360
0.510 0.122030
0.515 0.130090
0.520 0.135130
0.525 0.139290
0.530 0.147080
0.535 0.154320
0.540 0.161260
0.545 0.167640
0.550 0.173440
0.555 0.181630
0.560 0.196000
0.565 0.206000
0.570 0.208720
0.575 0.216850
0.580 0.219960
0.585 0.227140
0.590 0.232810
0.595 0.238030
0.600 0.238490
0.605 0.240940
0.610 0.246750
0.615 0.254270
0.620 0.260480
0.625 0.260960
0.630 0.268630
0.635 0.274970
0.640 0.272500
0.645 0.273710
0.650 0.280970
0.655 0.287680
0.660 0.285320
0.665 0.291420
0.670 0.293170
0.675 0.294480
0.680 0.301370
0.685 0.302450
0.690 0.306060
0.695 0.309670
0.700 0.312480
0.705 0.314940
0.710 0.320600
0.715 0.322800
0.720 0.327910
0.725 0.326580
0.730 0.330740
0.735 0.333150
0.740 0.338420
0.745 0.339520
0.750 0.344620
0.755 0.344480
0.760 0.344270
0.765 0.349410
0.770 0.350710
0.775 0.355320
0.780 0.356790
0.785 0.358060
0.790 0.359950
0.795 0.362700
0.800 0.360410
0.805 0.361970
0.810 0.360030
0.815 0.361180
0.820 0.362790
0.825 0.363510
0.830 0.364520
0.835 0.363630
0.840 0.364790
0.845 0.368470
0.850 0.366400
0.855 0.365520
0.860 0.367150
0.865 0.369920
0.870 0.368930
0.875 0.366870
0.880 0.370170
0.885 0.371450
0.890 0.370060
0.895 0.371340
0.900 0.374850
0.905 0.375550
0.910 0.376490
0.915 0.376550
0.920 0.376240
0.925 0.380220
0.930 0.381500
0.935 0.379930
0.940 0.385430
0.945 0.385960
0.950 0.387740
0.955 0.387980
0.960 0.387640
0.965 0.388290
0.970 0.389060
0.975 0.389280
0.980 0.393590
0.985 0.393480
0.990 0.393700
0.995 0.396870
1.000 0.399050
1.005 0.398540
1.010 0.399920
1.015 0.405450
1.020 0.404450
1.025 0.403580
1.030 0.405450
1.035 0.400390
1.040 0.403220
1.045 0.407070
1.050 0.408870
1.055 0.407880
1.060 0.410420
1.065 0.413070
1.070 0.416770
1.075 0.411870
1.080 0.412860
1.085 0.415300
1.090 0.418540
1.095 0.417180
1.100 0.419200
1.105 0.417850
1.110 0.420460
1.115 0.422010
1.120 0.424270
1.125 0.426140
1.130 0.425560
1.135 0.425760
1.140 0.426170
1.145 0.425670
1.150 0.426160
1.155 0.427280
1.160 0.428390
1.165 0.429720
1.170 0.430380
1.175 0.430300
1.180 0.433550
1.185 0.433260
1.190 0.436340
1.195 0.435100
1.200 0.436450
1.205 0.438690
1.210 0.440320
1.215 0.439240
1.220 0.444350
1.225 0.448510
1.230 0.451560
1.235 0.449470
1.240 0.445750
1.245 0.449660
1.250 0.450720
1.255 0.450890
1.260 0.452690
1.265 0.449370
1.270 0.445910
1.275 0.450320
1.280 0.453740
1.285 0.453430
1.290 0.456080
1.295 0.455220
1.300 0.455420
1.305 0.458160
1.310 0.463270
1.315 0.464510
1.320 0.463690
1.325 0.463800
1.330 0.464280
1.335 0.463810
1.340 0.463740
1.345 0.464990
1.350 0.464710
1.355 0.466970
1.360 0.463330
1.365 0.462610
1.370 0.460280
1.375 0.457730
1.380 0.455590
1.385 0.452510
1.390 0.454020
1.395 0.451970
1.400 0.447010
1.405 0.447730
1.410 0.449900
1.415 0.451000
1.420 0.455360
1.425 0.458310
1.430 0.459040
1.435 0.460330
1.440 0.460780
1.445 0.460460
1.450 0.461130
1.455 0.460090
1.460 0.461080
1.465 0.460790
1.470 0.460560
1.475 0.461740
1.480 0.467080
1.485 0.468060
1.490 0.471670
1.495 0.474160
1.500 0.467040
1.505 0.469190
1.510 0.472460
1.515 0.475300
1.520 0.479500
1.525 0.477810
1.530 0.476440
1.535 0.476970
1.540 0.480340
1.545 0.478040
1.550 0.477630
1.555 0.481060
1.560 0.480980
1.565 0.486000
1.570 0.486570
1.575 0.486060
1.580 0.485210
1.585 0.483620
1.590 0.481390
1.595 0.480730
1.600 0.481520
1.605 0.480620
1.610 0.479740
1.615 0.480710
1.620 0.486120
1.625 0.484100
1.630 0.486720
1.635 0.491870
1.640 0.488000
1.645 0.484330
1.650 0.482990
1.655 0.487770
1.660 0.488190
1.665 0.490660
1.670 0.486490
1.675 0.484880
1.680 0.487200
1.685 0.490800
1.690 0.490300
1.695 0.489560
1.700 0.489660
1.705 0.489120
1.710 0.490950
1.715 0.490350
1.720 0.491310
1.725 0.490700
1.730 0.490160
1.735 0.487460
1.740 0.488070
1.745 0.486120
1.750 0.487840
1.755 0.488790
1.760 0.485930
1.765 0.487080
1.770 0.486990
1.775 0.488150
1.780 0.491530
1.785 0.492150
1.790 0.490530
1.795 0.488130
1.800 0.488590
1.805 0.490950
1.810 0.490190
1.815 0.491650
1.820 0.489320
1.825 0.488070
1.830 0.487490
1.835 0.489100
1.840 0.489480
1.845 0.487770
1.850 0.489170
1.855 0.488960
1.860 0.488640
1.865 0.482550
1.870 0.475370
1.875 0.467200
1.880 0.462950
1.885 0.456820
1.890 0.445170
1.895 0.430340
1.900 0.418910
1.905 0.411910
1.910 0.411270
1.915 0.411480
1.920 0.410400
1.925 0.416720
1.930 0.419850
1.935 0.423340
1.940 0.428650
1.945 0.428950
1.950 0.432790
1.955 0.432690
1.960 0.432640
1.965 0.433790
1.970 0.436960
1.975 0.440820
1.980 0.442490
1.985 0.447100
1.990 0.451890
1.995 0.455890
2.000 0.457200
2.005 0.455440
2.010 0.455770
2.015 0.457860
2.020 0.460540
2.025 0.458480
2.030 0.459420
2.035 0.460650
2.040 0.463750
2.045 0.465500
2.050 0.465610
2.055 0.465230
2.060 0.467730
2.065 0.468980
2.070 0.468800
2.075 0.469380
2.080 0.469300
2.085 0.466650
2.090 0.468990
2.095 0.466950
2.100 0.469220
2.105 0.469500
2.110 0.469280
2.115 0.467590
2.120 0.469250
2.125 0.467440
2.130 0.468670
2.135 0.465950
2.140 0.466870
2.145 0.465260
2.150 0.465920
2.155 0.463570
2.160 0.462710
2.165 0.460540
2.170 0.458830
2.175 0.455940
2.180 0.453660
2.185 0.449230
2.190 0.446940
2.195 0.445370
2.200 0.441170
2.205 0.440240
2.210 0.440970
2.215 0.441690
2.220 0.445540
2.225 0.448420
2.230 0.448960
2.235 0.449990
2.240 0.449760
2.245 0.449730
2.250 0.448900
2.255 0.449350
2.260 0.449870
2.265 0.450310
2.270 0.450760
2.275 0.450490
2.280 0.449330
2.285 0.449140
2.290 0.448600
2.295 0.447830
2.300 0.445420
2.305 0.445160
2.310 0.442450
2.315 0.443560
2.320 0.442370
2.325 0.440940
2.330 0.439100
2.335 0.437000
2.340 0.435630
2.345 0.433200
2.350 0.432240
2.355 0.431760
2.360 0.431340
2.365 0.432180
2.370 0.430680
2.375 0.430300
2.380 0.428380
2.385 0.427870
2.390 0.426800
2.395 0.426200
2.400 0.422570
2.405 0.421570
2.410 0.419080
2.415 0.417230
2.420 0.415370
2.425 0.413000
2.430 0.410130
2.435 0.407230
2.440 0.405560
2.445 0.402320
2.450 0.400510
2.455 0.399420
2.460 0.396800
2.465 0.395610
2.470 0.394520
2.475 0.391590
2.480 0.390560
2.485 0.388860
2.490 0.387580
2.495 0.385090
2.500 0.384250
