0.350 0.056100
0.355 0.058736
0.360 0.062500
0.365 0.067772
0.370 0.074800
0.375 0.084255
0.380 0.099900
0.385 0.122010
0.390 0.156100
0.395 0.202330
0.400 0.254500
0.405 0.302770
0.410 0.338500
0.415 0.361190
0.420 0.376000
0.425 0.387230
0.430 0.397300
0.435 0.406550
0.440 0.415100
0.445 0.421780
0.450 0.427200
0.455 0.431610
0.460 0.435700
0.465 0.439480
0.470 0.443100
0.475 0.447110
0.480 0.451200
0.485 0.455320
0.490 0.460200
0.495 0.465850
0.500 0.471700
0.505 0.477050
0.510 0.482100
0.515 0.486810
0.520 0.491300
0.525 0.495790
0.530 0.500100
0.535 0.504350
0.540 0.508300
0.545 0.512140
0.550 0.516000
0.555 0.519560
0.560 0.522800
0.565 0.525750
0.570 0.528800
0.575 0.531640
0.580 0.534200
0.585 0.536610
0.590 0.538800
0.595 0.540860
0.600 0.542700
0.605 0.544680
0.610 0.546300
0.615 0.547890
0.620 0.549600
0.625 0.551140
0.630 0.552700
0.635 0.554200
0.640 0.555700
0.645 0.557090
0.650 0.558700
0.655 0.560110
0.660 0.561500
0.665 0.563070
0.670 0.564100
0.675 0.565830
0.680 0.566800
0.685 0.568200
0.690 0.569600
0.695 0.570780
0.700 0.572200
0.705 0.573440
0.710 0.574700
0.715 0.575900
0.720 0.577000
0.725 0.578450
0.730 0.579400
0.735 0.580570
0.740 0.581300
0.745 0.582620
0.750 0.583300
0.755 0.584340
0.760 0.585400
0.765 0.586450
0.770 0.587500
0.775 0.588540
0.780 0.590000
0.785 0.590890
0.790 0.591900
0.795 0.592640
0.800 0.593400
0.805 0.593980
0.810 0.594680
0.815 0.595440
0.820 0.596200
0.825 0.596930
0.830 0.597670
0.835 0.598440
0.840 0.599300
0.845 0.600260
0.850 0.601190
0.855 0.601930
0.860 0.602300
0.865 0.602190
0.870 0.601740
0.875 0.601140
0.880 0.600600
0.885 0.600250
0.890 0.600030
0.895 0.599810
0.900 0.599500
0.905 0.599010
0.910 0.598440
0.915 0.597920
0.920 0.597600
0.925 0.597600
0.930 0.597930
0.935 0.598630
0.940 0.599700
0.945 0.601150
0.950 0.602840
0.955 0.604580
0.960 0.606200
0.965 0.607560
0.970 0.608690
0.975 0.609650
0.980 0.610500
0.985 0.611280
0.990 0.612020
0.995 0.612720
1.000 0.613400
1.005 0.614070
1.010 0.614710
1.015 0.615290
1.020 0.615800
1.025 0.616220
1.030 0.616610
1.035 0.617050
1.040 0.617600
1.045 0.618330
1.050 0.619210
1.055 0.620220
1.060 0.621300
1.065 0.622430
1.070 0.623550
1.075 0.624600
1.080 0.625500
1.085 0.626220
1.090 0.626800
1.095 0.627340
1.100 0.627900
1.105 0.628530
1.110 0.629200
1.115 0.629810
1.120 0.630300
1.125 0.630590
1.130 0.630580
1.135 0.630190
1.140 0.629300
1.145 0.627820
1.150 0.625840
1.155 0.623470
1.160 0.620800
1.165 0.617890
1.170 0.614650
1.175 0.610970
1.180 0.606700
1.185 0.601810
1.190 0.596760
1.195 0.592150
1.200 0.588600
1.205 0.586650
1.210 0.586490
1.215 0.588300
1.220 0.592300
1.225 0.598560
1.230 0.606130
1.235 0.613860
1.240 0.620600
1.245 0.625460
1.250 0.628740
1.255 0.630980
1.260 0.632700
1.265 0.634280
1.270 0.635760
1.275 0.637060
1.280 0.638100
1.285 0.638840
1.290 0.639370
1.295 0.639810
1.300 0.640300
1.305 0.640910
1.310 0.641590
1.315 0.642220
1.320 0.642700
1.325 0.642940
1.330 0.642950
1.335 0.642730
1.340 0.642300
1.345 0.641590
1.350 0.640300
1.355 0.638080
1.360 0.634500
1.365 0.629300
1.370 0.622940
1.375 0.616010
1.380 0.609100
1.385 0.602680
1.390 0.596870
1.395 0.591690
1.400 0.587200
1.405 0.583470
1.410 0.580530
1.415 0.578420
1.420 0.577200
1.425 0.576930
1.430 0.577420
1.435 0.578470
1.440 0.579900
1.445 0.581550
1.450 0.583330
1.455 0.585200
1.460 0.587100
1.465 0.588980
1.470 0.590880
1.475 0.592800
1.480 0.594800
1.485 0.596880
1.490 0.598990
1.495 0.601020
1.500 0.602900
1.505 0.604550
1.510 0.605980
1.515 0.607230
1.520 0.608300
1.525 0.609230
1.530 0.610080
1.535 0.610910
1.540 0.611800
1.545 0.612790
1.550 0.613840
1.555 0.614860
1.560 0.615800
1.565 0.616590
1.570 0.617230
1.575 0.617730
1.580 0.618100
1.585 0.618350
1.590 0.618510
1.595 0.618650
1.600 0.618800
1.605 0.619000
1.610 0.619170
1.615 0.619210
1.620 0.619000
1.625 0.618470
1.630 0.617630
1.635 0.616530
1.640 0.615200
1.645 0.613660
1.650 0.611910
1.655 0.609960
1.660 0.607800
1.665 0.605260
1.670 0.601610
1.675 0.595920
1.680 0.587200
1.685 0.574640
1.690 0.558630
1.695 0.539700
1.700 0.518300
1.705 0.495170
1.710 0.472600
1.715 0.453260
1.720 0.440000
1.725 0.434810
1.730 0.435750
1.735 0.440020
1.740 0.445000
1.745 0.448690
1.750 0.451550
1.755 0.454630
1.760 0.459000
1.765 0.465360
1.770 0.472890
1.775 0.480400
1.780 0.486700
1.785 0.490890
1.790 0.493300
1.795 0.494560
1.800 0.495200
1.805 0.495690
1.810 0.496200
1.815 0.496800
1.820 0.497600
1.825 0.498670
1.830 0.500040
1.835 0.501710
1.840 0.503700
1.845 0.505990
1.850 0.508330
1.855 0.510440
1.860 0.512000
1.865 0.512730
1.870 0.512450
1.875 0.510990
1.880 0.508100
1.885 0.503620
1.890 0.497780
1.895 0.490860
1.900 0.483100
1.905 0.474760
1.910 0.466300
1.915 0.458240
1.920 0.451100
1.925 0.445320
1.930 0.440790
1.935 0.437330
1.940 0.434800
1.945 0.433080
1.950 0.432060
1.955 0.431650
1.960 0.431800
1.965 0.432440
1.970 0.433460
1.975 0.434740
1.980 0.436200
1.985 0.437750
1.990 0.439400
1.995 0.441210
2.000 0.443200
2.005 0.445410
2.010 0.447770
2.015 0.450160
2.020 0.452500
2.025 0.454700
2.030 0.456740
2.035 0.458610
2.040 0.460300
2.045 0.461810
2.050 0.463220
2.055 0.464620
2.060 0.466100
2.065 0.467720
2.070 0.469400
2.075 0.471000
2.080 0.472400
2.085 0.473510
2.090 0.474410
2.095 0.475230
2.100 0.476100
2.105 0.477080
2.110 0.478050
2.115 0.478820
2.120 0.479200
2.125 0.479050
2.130 0.478480
2.135 0.477680
2.140 0.476800
2.145 0.475980
2.150 0.475220
2.155 0.474500
2.160 0.473800
2.165 0.473090
2.170 0.472280
2.175 0.471290
2.180 0.470000
2.185 0.468330
2.190 0.466250
2.195 0.463750
2.200 0.460800
2.205 0.457340
2.210 0.453300
2.215 0.448560
2.220 0.443000
2.225 0.436490
2.230 0.429110
2.235 0.420930
2.240 0.412000
2.245 0.402280
2.250 0.391440
2.255 0.379030
2.260 0.364560
2.265 0.347660
2.270 0.328760
2.275 0.308440
2.280 0.287230
2.285 0.265820
2.290 0.245670
2.295 0.228540
2.300 0.216290
2.305 0.210230
2.310 0.208940
2.315 0.210480
2.320 0.212990
2.325 0.214960
2.330 0.215930
2.335 0.215720
2.340 0.214070
2.345 0.210890
2.350 0.206930
2.355 0.203120
2.360 0.200400
2.365 0.199440
2.370 0.199700
2.375 0.200370
2.380 0.200650
2.385 0.200000
2.390 0.198830
2.395 0.197780
2.400 0.197490
2.405 0.198440
2.410 0.200260
2.415 0.202430
2.420 0.204420
2.425 0.205830
2.430 0.206790
2.435 0.207500
2.440 0.208180
2.445 0.208990
2.450 0.209910
2.455 0.210900
2.460 0.211900
2.465 0.212860
2.470 0.213750
2.475 0.214560
2.480 0.215240
2.485 0.215790
2.490 0.216250
2.495 0.216690
2.500 0.217160
