0.350 0.054100
0.355 0.054741
0.360 0.055600
0.365 0.056790
0.370 0.058200
0.375 0.060081
0.380 0.062800
0.385 0.065844
0.390 0.069200
0.395 0.072521
0.400 0.075100
0.405 0.077096
0.410 0.078900
0.415 0.080688
0.420 0.083100
0.425 0.086312
0.430 0.090800
0.435 0.096772
0.440 0.103300
0.445 0.109090
0.450 0.112700
0.455 0.114310
0.460 0.115100
0.465 0.116100
0.470 0.117200
0.475 0.118630
0.480 0.120800
0.485 0.124220
0.490 0.129000
0.495 0.134830
0.500 0.141800
0.505 0.150610
0.510 0.161200
0.515 0.173280
0.520 0.186400
0.525 0.200110
0.530 0.213100
0.535 0.223540
0.540 0.229000
0.545 0.227780
0.550 0.219600
0.555 0.205610
0.560 0.189300
0.565 0.173600
0.570 0.160600
0.575 0.150050
0.580 0.142000
0.585 0.135780
0.590 0.130600
0.595 0.125400
0.600 0.120500
0.605 0.116420
0.610 0.113800
0.615 0.112290
0.620 0.111600
0.625 0.111340
0.630 0.111300
0.635 0.111480
0.640 0.112500
0.645 0.114450
0.650 0.116900
0.655 0.119950
0.660 0.122900
0.665 0.124530
0.670 0.124200
0.675 0.122600
0.680 0.120500
0.685 0.118060
0.690 0.115000
0.695 0.111460
0.700 0.107800
0.705 0.105060
0.710 0.104400
0.715 0.106020
0.720 0.109700
0.725 0.115400
0.730 0.123700
0.735 0.136410
0.740 0.156400
0.745 0.188070
0.750 0.233700
0.755 0.290420
0.760 0.348300
0.765 0.398130
0.770 0.434800
0.775 0.459760
0.780 0.475700
0.785 0.485080
0.790 0.490000
0.795 0.491710
0.800 0.491500
0.805 0.489640
0.810 0.487080
0.815 0.484010
0.820 0.480600
0.825 0.477000
0.830 0.473290
0.835 0.469540
0.840 0.465800
0.845 0.462150
0.850 0.458660
0.855 0.455440
0.860 0.452600
0.865 0.450220
0.870 0.448240
0.875 0.446560
0.880 0.445100
0.885 0.443810
0.890 0.442680
0.895 0.441700
0.900 0.440900
0.905 0.440290
0.910 0.439940
0.915 0.439910
0.920 0.440300
0.925 0.441170
0.930 0.442430
0.935 0.443940
0.940 0.445600
0.945 0.447320
0.950 0.449090
0.955 0.450950
0.960 0.452900
0.965 0.454970
0.970 0.457150
0.975 0.459400
0.980 0.461700
0.985 0.464040
0.990 0.466420
0.995 0.468870
1.000 0.471400
1.005 0.474030
1.010 0.476820
1.015 0.479820
1.020 0.483100
1.025 0.486710
1.030 0.490610
1.035 0.494730
1.040 0.499000
1.045 0.503350
1.050 0.507520
1.055 0.511210
1.060 0.514100
1.065 0.516000
1.070 0.517350
1.075 0.518720
1.080 0.520700
1.085 0.523760
1.090 0.527980
1.095 0.533340
1.100 0.539900
1.105 0.547630
1.110 0.556050
1.115 0.564530
1.120 0.572500
1.125 0.579480
1.130 0.585540
1.135 0.590860
1.140 0.595600
1.145 0.599850
1.150 0.603660
1.155 0.607050
1.160 0.610000
1.165 0.612510
1.170 0.614580
1.175 0.616210
1.180 0.617400
1.185 0.618150
1.190 0.618730
1.195 0.619440
1.200 0.620600
1.205 0.622450
1.210 0.624900
1.215 0.627800
1.220 0.631000
1.225 0.634380
1.230 0.637740
1.235 0.640890
1.240 0.643600
1.245 0.645710
1.250 0.647330
1.255 0.648580
1.260 0.649600
1.265 0.650490
1.270 0.651280
1.275 0.651980
1.280 0.652600
1.285 0.653150
1.290 0.653640
1.295 0.654090
1.300 0.654500
1.305 0.654880
1.310 0.655240
1.315 0.655550
1.320 0.655800
1.325 0.655980
1.330 0.656060
1.335 0.655980
1.340 0.655700
1.345 0.655160
1.350 0.654360
1.355 0.653280
1.360 0.651900
1.365 0.650210
1.370 0.648290
1.375 0.646250
1.380 0.644200
1.385 0.642210
1.390 0.640260
1.395 0.638300
1.400 0.636300
1.405 0.634230
1.410 0.632210
1.415 0.630350
1.420 0.628800
1.425 0.627690
1.430 0.627040
1.435 0.626900
1.440 0.627300
1.445 0.628280
1.450 0.629710
1.455 0.631430
1.460 0.633300
1.465 0.635200
1.470 0.637090
1.475 0.638940
1.480 0.640700
1.485 0.642350
1.490 0.643890
1.495 0.645310
1.500 0.646600
1.505 0.647750
1.510 0.648740
1.515 0.649560
1.520 0.650200
1.525 0.650640
1.530 0.650920
1.535 0.651130
1.540 0.651300
1.545 0.651500
1.550 0.651720
1.555 0.651990
1.560 0.652300
1.565 0.652660
1.570 0.653060
1.575 0.653480
1.580 0.653900
1.585 0.654310
1.590 0.654650
1.595 0.654830
1.600 0.654800
1.605 0.654490
1.610 0.654020
1.615 0.653510
1.620 0.653100
1.625 0.652830
1.630 0.652270
1.635 0.650890
1.640 0.648100
1.645 0.643530
1.650 0.637800
1.655 0.631750
1.660 0.626200
1.665 0.621750
1.670 0.618010
1.675 0.614400
1.680 0.610300
1.685 0.605220
1.690 0.599060
1.695 0.591780
1.700 0.583300
1.705 0.573770
1.710 0.564570
1.715 0.557380
1.720 0.554000
1.725 0.555640
1.730 0.560690
1.735 0.566930
1.740 0.572200
1.745 0.574950
1.750 0.576090
1.755 0.577080
1.760 0.579400
1.765 0.584080
1.770 0.590320
1.775 0.596890
1.780 0.602600
1.785 0.606530
1.790 0.608990
1.795 0.610540
1.800 0.611700
1.805 0.612900
1.810 0.614210
1.815 0.615640
1.820 0.617200
1.825 0.618880
1.830 0.620660
1.835 0.622480
1.840 0.624300
1.845 0.626090
1.850 0.627800
1.855 0.629420
1.860 0.630900
1.865 0.632160
1.870 0.632930
1.875 0.632870
1.880 0.631600
1.885 0.628870
1.890 0.625130
1.895 0.620920
1.900 0.616800
1.905 0.613230
1.910 0.610320
1.915 0.608110
1.920 0.606700
1.925 0.606150
1.930 0.606350
1.935 0.607200
1.940 0.608600
1.945 0.610480
1.950 0.612710
1.955 0.615160
1.960 0.617700
1.965 0.620220
1.970 0.622650
1.975 0.624900
1.980 0.626900
1.985 0.628550
1.990 0.629750
1.995 0.630380
2.000 0.630300
2.005 0.629390
2.010 0.627760
2.015 0.625530
2.020 0.622800
2.025 0.619690
2.030 0.616460
2.035 0.613390
2.040 0.610800
2.045 0.608900
2.050 0.607530
2.055 0.606470
2.060 0.605500
2.065 0.604460
2.070 0.603420
2.075 0.602460
2.080 0.601700
2.085 0.601200
2.090 0.600810
2.095 0.600280
2.100 0.599400
2.105 0.597970
2.110 0.595960
2.115 0.593350
2.120 0.590100
2.125 0.586270
2.130 0.582410
2.135 0.579210
2.140 0.577400
2.145 0.577510
2.150 0.579190
2.155 0.581910
2.160 0.585200
2.165 0.588650
2.170 0.591980
2.175 0.594960
2.180 0.597300
2.185 0.598810
2.190 0.599580
2.195 0.599770
2.200 0.599500
2.205 0.598760
2.210 0.597090
2.215 0.593900
2.220 0.588500
2.225 0.580340
2.230 0.569640
2.235 0.556720
2.240 0.541800
2.245 0.525210
2.250 0.508010
2.255 0.491440
2.260 0.476780
2.265 0.464860
2.270 0.454570
2.275 0.444310
2.280 0.432520
2.285 0.418300
2.290 0.403640
2.295 0.391220
2.300 0.383860
2.305 0.383480
2.310 0.387840
2.315 0.393770
2.320 0.398200
2.325 0.398840
2.330 0.396730
2.335 0.393650
2.340 0.391320
2.345 0.391070
2.350 0.392520
2.355 0.394970
2.360 0.397730
2.365 0.400250
2.370 0.402420
2.375 0.404230
2.380 0.405640
2.385 0.406640
2.390 0.407370
2.395 0.408000
2.400 0.408710
2.405 0.409640
2.410 0.410900
2.415 0.412610
2.420 0.414890
2.425 0.417810
2.430 0.420970
2.435 0.423910
2.440 0.426130
2.445 0.427280
2.450 0.427630
2.455 0.427560
2.460 0.427460
2.465 0.427640
2.470 0.428200
2.475 0.429200
2.480 0.430720
2.485 0.432810
2.490 0.435340
2.495 0.438140
2.500 0.441050
