0.350 0.206620
0.355 0.207580
0.360 0.209290
0.365 0.208970
0.370 0.208560
0.375 0.211200
0.380 0.212410
0.385 0.215380
0.390 0.217290
0.395 0.221260
0.400 0.225590
0.405 0.229730
0.410 0.233620
0.415 0.236250
0.420 0.238010
0.425 0.239790
0.430 0.240710
0.435 0.242170
0.440 0.243590
0.445 0.244790
0.450 0.245870
0.455 0.246730
0.460 0.247660
0.465 0.248340
0.470 0.249040
0.475 0.249620
0.480 0.250040
0.485 0.250480
0.490 0.250980
0.495 0.251590
0.500 0.251960
0.505 0.252490
0.510 0.252980
0.515 0.253420
0.520 0.254060
0.525 0.254620
0.530 0.255110
0.535 0.255490
0.540 0.255780
0.545 0.255980
0.550 0.256140
0.555 0.256220
0.560 0.256330
0.565 0.256340
0.570 0.256210
0.575 0.256010
0.580 0.255720
0.585 0.255250
0.590 0.254590
0.595 0.253840
0.600 0.252650
0.605 0.251660
0.610 0.251360
0.615 0.251000
0.620 0.250450
0.625 0.249910
0.630 0.249400
0.635 0.248860
0.640 0.248280
0.645 0.247850
0.650 0.247290
0.655 0.246680
0.660 0.245890
0.665 0.245500
0.670 0.245260
0.675 0.244960
0.680 0.244490
0.685 0.243840
0.690 0.242980
0.695 0.241800
0.700 0.240050
0.705 0.237710
0.710 0.235060
0.715 0.231880
0.720 0.228060
0.725 0.223940
0.730 0.218480
0.735 0.213030
0.740 0.210120
0.745 0.208290
0.750 0.206660
0.755 0.204880
0.760 0.202880
0.765 0.200930
0.770 0.199090
0.775 0.197360
0.780 0.195970
0.785 0.194930
0.790 0.194260
0.795 0.193990
0.800 0.194040
0.805 0.194260
0.810 0.194420
0.815 0.194470
0.820 0.193910
0.825 0.192020
0.830 0.188430
0.835 0.185340
0.840 0.183150
0.845 0.180840
0.850 0.177990
0.855 0.174720
0.860 0.171120
0.865 0.167440
0.870 0.163520
0.875 0.159260
0.880 0.154980
0.885 0.150900
0.890 0.147380
0.895 0.144460
0.900 0.142230
0.905 0.140370
0.910 0.138700
0.915 0.136410
0.920 0.133670
0.925 0.130080
0.930 0.125150
0.935 0.119410
0.940 0.113290
0.945 0.105480
0.950 0.096851
0.955 0.087735
0.960 0.080466
0.965 0.075474
0.970 0.072514
0.975 0.069941
0.980 0.066767
0.985 0.065397
0.990 0.063761
0.995 0.062080
1.000 0.060722
1.005 0.059637
1.010 0.059389
1.015 0.059355
1.020 0.059896
1.025 0.060973
1.030 0.062512
1.035 0.064452
1.040 0.066903
1.045 0.069716
1.050 0.072969
1.055 0.076315
1.060 0.079626
1.065 0.082646
1.070 0.084930
1.075 0.086420
1.080 0.086992
1.085 0.086683
1.090 0.085559
1.095 0.083930
1.100 0.082020
1.105 0.079941
1.110 0.077767
1.115 0.075517
1.120 0.072861
1.125 0.069314
1.130 0.064627
1.135 0.058603
1.140 0.052205
1.145 0.046223
1.150 0.041417
1.155 0.037766
1.160 0.034910
1.165 0.032560
1.170 0.030481
1.175 0.028645
1.180 0.026984
1.185 0.025445
1.190 0.024090
1.195 0.022853
1.200 0.021833
1.205 0.020946
1.210 0.020220
1.215 0.019661
1.220 0.019221
1.225 0.018881
1.230 0.018624
1.235 0.018419
1.240 0.018364
1.245 0.018268
1.250 0.018307
1.255 0.018341
1.260 0.018444
1.265 0.018555
1.270 0.018682
1.275 0.018815
1.280 0.018865
1.285 0.018820
1.290 0.018668
1.295 0.018398
1.300 0.018090
1.305 0.017731
1.310 0.017279
1.315 0.016753
1.320 0.016187
1.325 0.015590
1.330 0.014997
1.335 0.014397
1.340 0.013877
1.345 0.013374
1.350 0.012920
1.355 0.012523
1.360 0.012091
1.365 0.011647
1.370 0.011123
1.375 0.010408
1.380 0.009594
1.385 0.008731
1.390 0.007899
1.395 0.007194
1.400 0.006664
1.405 0.006282
1.410 0.005997
1.415 0.005764
1.420 0.005583
1.425 0.005383
1.430 0.005239
1.435 0.005119
1.440 0.004983
1.445 0.004906
1.450 0.004833
1.455 0.004750
1.460 0.004689
1.465 0.004620
1.470 0.004593
1.475 0.004554
1.480 0.004527
1.485 0.004531
1.490 0.004516
1.495 0.004536
1.500 0.004518
1.505 0.004533
1.510 0.004551
1.515 0.004561
1.520 0.004554
1.525 0.004570
1.530 0.004569
1.535 0.004588
1.540 0.004624
1.545 0.004621
1.550 0.004649
1.555 0.004668
1.560 0.004677
1.565 0.004751
1.570 0.004774
1.575 0.004779
1.580 0.004798
1.585 0.004838
1.590 0.004859
1.595 0.004905
1.600 0.004951
1.605 0.004947
1.610 0.004972
1.615 0.005006
1.620 0.005004
1.625 0.005053
1.630 0.005076
1.635 0.005093
1.640 0.005124
1.645 0.005129
1.650 0.005148
1.655 0.005177
1.660 0.005212
1.665 0.005246
1.670 0.005277
1.675 0.005293
1.680 0.005302
1.685 0.005296
1.690 0.005328
1.695 0.005361
1.700 0.005360
1.705 0.005374
1.710 0.005380
1.715 0.005391
1.720 0.005414
1.725 0.005428
1.730 0.005419
1.735 0.005404
1.740 0.005446
1.745 0.005450
1.750 0.005454
1.755 0.005428
1.760 0.005399
1.765 0.005322
1.770 0.005382
1.775 0.005453
1.780 0.005431
1.785 0.005558
1.790 0.005610
1.795 0.005448
1.800 0.005420
1.805 0.005223
1.810 0.005468
1.815 0.005468
1.820 0.005528
1.825 0.005412
1.830 0.005330
1.835 0.005486
1.840 0.005337
1.845 0.005191
1.850 0.005419
1.855 0.005307
1.860 0.005040
1.865 0.004888
1.870 0.004879
1.875 0.004692
1.880 0.004557
1.885 0.004401
1.890 0.004279
1.895 0.004220
1.900 0.004260
1.905 0.004238
1.910 0.004187
1.915 0.004377
1.920 0.004352
1.925 0.004278
1.930 0.004349
1.935 0.004316
1.940 0.004349
1.945 0.004012
1.950 0.004009
1.955 0.004153
1.960 0.004200
1.965 0.004273
1.970 0.004247
1.975 0.004385
1.980 0.004229
1.985 0.003979
1.990 0.004119
1.995 0.004075
2.000 0.004082
2.005 0.003998
2.010 0.004110
2.015 0.004021
2.020 0.004155
2.025 0.004037
2.030 0.003989
2.035 0.003991
2.040 0.003738
2.045 0.003833
2.050 0.003914
2.055 0.004195
2.060 0.004018
2.065 0.004087
2.070 0.003914
2.075 0.004193
2.080 0.004087
2.085 0.004339
2.090 0.004177
2.095 0.003969
2.100 0.004036
2.105 0.004308
2.110 0.004016
2.115 0.003885
2.120 0.003823
2.125 0.003946
2.130 0.003922
2.135 0.003903
2.140 0.003995
2.145 0.003813
2.150 0.003681
2.155 0.003826
2.160 0.003871
2.165 0.003993
2.170 0.004285
2.175 0.004184
2.180 0.003758
2.185 0.003951
2.190 0.003920
2.195 0.003834
2.200 0.004279
2.205 0.004261
2.210 0.004173
2.215 0.004312
2.220 0.004294
2.225 0.004081
2.230 0.003906
2.235 0.003947
2.240 0.004322
2.245 0.004294
2.250 0.004352
2.255 0.004620
2.260 0.004352
2.265 0.004430
2.270 0.004105
2.275 0.003973
2.280 0.003913
2.285 0.004099
2.290 0.003945
2.295 0.003958
2.300 0.004013
2.305 0.003889
2.310 0.003786
2.315 0.004037
2.320 0.003867
2.325 0.003540
2.330 0.003550
2.335 0.004036
2.340 0.003758
2.345 0.003949
2.350 0.004025
2.355 0.004226
2.360 0.003868
2.365 0.003874
2.370 0.003956
2.375 0.003461
2.380 0.003517
2.385 0.003555
2.390 0.003834
2.395 0.003512
2.400 0.003525
2.405 0.003419
2.410 0.003549
2.415 0.003167
2.420 0.002956
2.425 0.003113
2.430 0.003228
2.435 0.002963
2.440 0.003402
2.445 0.003553
2.450 0.003750
2.455 0.003715
2.460 0.003681
2.465 0.003647
2.470 0.003613
2.475 0.003579
2.480 0.003545
2.485 0.003511
2.490 0.003477
2.495 0.003443
2.500 0.003409
