0.350 0.017218
0.355 0.018940
0.360 0.020662
0.365 0.022383
0.370 0.024105
0.375 0.025827
0.380 0.027549
0.385 0.029271
0.390 0.030992
0.395 0.032714
0.400 0.034436
0.405 0.033972
0.410 0.034081
0.415 0.033013
0.420 0.033701
0.425 0.032635
0.430 0.034628
0.435 0.033875
0.440 0.035070
0.445 0.036177
0.450 0.035453
0.455 0.036089
0.460 0.036060
0.465 0.035734
0.470 0.035893
0.475 0.036127
0.480 0.036508
0.485 0.036217
0.490 0.036205
0.495 0.037457
0.500 0.038240
0.505 0.040231
0.510 0.043841
0.515 0.050892
0.520 0.062244
0.525 0.076671
0.530 0.090849
0.535 0.101540
0.540 0.108120
0.545 0.111970
0.550 0.115040
0.555 0.116220
0.560 0.112520
0.565 0.104420
0.570 0.093673
0.575 0.082714
0.580 0.074486
0.585 0.069138
0.590 0.065170
0.595 0.062953
0.600 0.061546
0.605 0.059711
0.610 0.056879
0.615 0.053494
0.620 0.050737
0.625 0.049272
0.630 0.048645
0.635 0.047815
0.640 0.045748
0.645 0.043128
0.650 0.041114
0.655 0.040155
0.660 0.039070
0.665 0.038069
0.670 0.037797
0.675 0.038474
0.680 0.039789
0.685 0.042184
0.690 0.047787
0.695 0.067125
0.700 0.110450
0.705 0.176530
0.710 0.256350
0.715 0.347360
0.720 0.444030
0.725 0.538930
0.730 0.622720
0.735 0.690080
0.740 0.740690
0.745 0.776200
0.750 0.799970
0.755 0.814640
0.760 0.823790
0.765 0.829260
0.770 0.832450
0.775 0.834580
0.780 0.836140
0.785 0.837500
0.790 0.838480
0.795 0.839720
0.800 0.841030
0.805 0.841950
0.810 0.843280
0.815 0.844460
0.820 0.845380
0.825 0.847020
0.830 0.848210
0.835 0.849220
0.840 0.850840
0.845 0.852300
0.850 0.853650
0.855 0.855110
0.860 0.856180
0.865 0.857080
0.870 0.858080
0.875 0.859140
0.880 0.859490
0.885 0.860270
0.890 0.860520
0.895 0.861150
0.900 0.861370
0.905 0.861740
0.910 0.861990
0.915 0.862180
0.920 0.862030
0.925 0.861370
0.930 0.860380
0.935 0.859100
0.940 0.856830
0.945 0.854200
0.950 0.849960
0.955 0.844440
0.960 0.839300
0.965 0.836160
0.970 0.835990
0.975 0.836120
0.980 0.837250
0.985 0.838310
0.990 0.840840
0.995 0.843440
1.000 0.846580
1.005 0.847880
1.010 0.850850
1.015 0.854770
1.020 0.858040
1.025 0.860970
1.030 0.864300
1.035 0.867780
1.040 0.870550
1.045 0.871650
1.050 0.873460
1.055 0.876060
1.060 0.877070
1.065 0.877650
1.070 0.879930
1.075 0.879740
1.080 0.880120
1.085 0.880500
1.090 0.879970
1.095 0.878910
1.100 0.878580
1.105 0.875520
1.110 0.873590
1.115 0.872200
1.120 0.869980
1.125 0.865520
1.130 0.858500
1.135 0.849170
1.140 0.835400
1.145 0.821870
1.150 0.809090
1.155 0.800580
1.160 0.794080
1.165 0.791190
1.170 0.791000
1.175 0.789840
1.180 0.788460
1.185 0.787010
1.190 0.786570
1.195 0.786160
1.200 0.787650
1.205 0.788600
1.210 0.790570
1.215 0.793430
1.220 0.796690
1.225 0.800320
1.230 0.803090
1.235 0.805630
1.240 0.808150
1.245 0.810400
1.250 0.811450
1.255 0.813570
1.260 0.814090
1.265 0.813640
1.270 0.814230
1.275 0.814420
1.280 0.812550
1.285 0.810630
1.290 0.807820
1.295 0.802990
1.300 0.797990
1.305 0.790350
1.310 0.781850
1.315 0.772400
1.320 0.759690
1.325 0.746410
1.330 0.732230
1.335 0.717200
1.340 0.702610
1.345 0.687890
1.350 0.674290
1.355 0.661020
1.360 0.646350
1.365 0.629660
1.370 0.606040
1.375 0.573930
1.380 0.530200
1.385 0.475490
1.390 0.415940
1.395 0.357730
1.400 0.307430
1.405 0.267840
1.410 0.239770
1.415 0.220940
1.420 0.208610
1.425 0.200910
1.430 0.196710
1.435 0.194650
1.440 0.193900
1.445 0.194510
1.450 0.196120
1.455 0.198790
1.460 0.202230
1.465 0.208210
1.470 0.215760
1.475 0.225730
1.480 0.236370
1.485 0.247870
1.490 0.260120
1.495 0.272770
1.500 0.285360
1.505 0.298450
1.510 0.311330
1.515 0.324590
1.520 0.337650
1.525 0.350140
1.530 0.362310
1.535 0.373990
1.540 0.385540
1.545 0.396740
1.550 0.407290
1.555 0.417440
1.560 0.427260
1.565 0.436790
1.570 0.445610
1.575 0.453970
1.580 0.462610
1.585 0.470840
1.590 0.478570
1.595 0.485720
1.600 0.493160
1.605 0.499390
1.610 0.505790
1.615 0.511960
1.620 0.516680
1.625 0.521370
1.630 0.525890
1.635 0.529350
1.640 0.533280
1.645 0.535700
1.650 0.536810
1.655 0.536790
1.660 0.536190
1.665 0.536450
1.670 0.536480
1.675 0.536180
1.680 0.535250
1.685 0.532590
1.690 0.529450
1.695 0.525600
1.700 0.521500
1.705 0.517140
1.710 0.512580
1.715 0.507650
1.720 0.502370
1.725 0.496660
1.730 0.491680
1.735 0.486730
1.740 0.481550
1.745 0.475230
1.750 0.468390
1.755 0.460750
1.760 0.454530
1.765 0.449050
1.770 0.443900
1.775 0.439580
1.780 0.436980
1.785 0.435040
1.790 0.433140
1.795 0.433100
1.800 0.433260
1.805 0.434870
1.810 0.435040
1.815 0.434630
1.820 0.434270
1.825 0.432460
1.830 0.429620
1.835 0.424890
1.840 0.417150
1.845 0.405810
1.850 0.389660
1.855 0.367370
1.860 0.337690
1.865 0.300740
1.870 0.256770
1.875 0.209280
1.880 0.163530
1.885 0.123350
1.890 0.092051
1.895 0.070660
1.900 0.058068
1.905 0.051103
1.910 0.047529
1.915 0.045816
1.920 0.044984
1.925 0.044853
1.930 0.045268
1.935 0.046042
1.940 0.047211
1.945 0.048718
1.950 0.050676
1.955 0.052941
1.960 0.055595
1.965 0.058349
1.970 0.061707
1.975 0.065246
1.980 0.069336
1.985 0.073514
1.990 0.078147
1.995 0.082975
2.000 0.087964
2.005 0.093018
2.010 0.098167
2.015 0.103350
2.020 0.108390
2.025 0.113150
2.030 0.118030
2.035 0.122580
2.040 0.126850
2.045 0.131050
2.050 0.135370
2.055 0.139810
2.060 0.144190
2.065 0.149010
2.070 0.153820
2.075 0.158670
2.080 0.163410
2.085 0.167960
2.090 0.172580
2.095 0.177190
2.100 0.181620
2.105 0.185880
2.110 0.190210
2.115 0.194320
2.120 0.198150
2.125 0.201890
2.130 0.205170
2.135 0.208330
2.140 0.211440
2.145 0.214290
2.150 0.217150
2.155 0.219620
2.160 0.222290
2.165 0.224920
2.170 0.227560
2.175 0.230120
2.180 0.232640
2.185 0.235350
2.190 0.237920
2.195 0.240620
2.200 0.242710
2.205 0.244250
2.210 0.245480
2.215 0.246190
2.220 0.246180
2.225 0.245400
2.230 0.243640
2.235 0.240850
2.240 0.237070
2.245 0.232850
2.250 0.227710
2.255 0.222080
2.260 0.216040
2.265 0.210090
2.270 0.204510
2.275 0.199030
2.280 0.194340
2.285 0.189560
2.290 0.184700
2.295 0.179990
2.300 0.175110
2.305 0.171180
2.310 0.167630
2.315 0.165050
2.320 0.162460
2.325 0.159420
2.330 0.155740
2.335 0.151480
2.340 0.147240
2.345 0.143080
2.350 0.139830
2.355 0.136640
2.360 0.133120
2.365 0.129900
2.370 0.126060
2.375 0.123030
2.380 0.119840
2.385 0.116160
2.390 0.112460
2.395 0.108730
2.400 0.105660
2.405 0.102290
2.410 0.098716
2.415 0.095263
2.420 0.090633
2.425 0.087655
2.430 0.084305
2.435 0.081925
2.440 0.077827
2.445 0.074976
2.450 0.071833
2.455 0.069217
2.460 0.067686
2.465 0.064622
2.470 0.062244
2.475 0.060864
2.480 0.060196
2.485 0.057515
2.490 0.058606
2.495 0.056214
2.500 0.054239
