0.350 0.074900
0.355 0.076750
0.360 0.078600
0.365 0.080597
0.370 0.082500
0.375 0.084585
0.380 0.087600
0.385 0.089741
0.390 0.091900
0.395 0.093898
0.400 0.095800
0.405 0.097451
0.410 0.099100
0.415 0.100460
0.420 0.101600
0.425 0.102620
0.430 0.103300
0.435 0.103860
0.440 0.104200
0.445 0.104500
0.450 0.104900
0.455 0.105240
0.460 0.105600
0.465 0.106090
0.470 0.106700
0.475 0.107340
0.480 0.108200
0.485 0.109500
0.490 0.110800
0.495 0.111750
0.500 0.112800
0.505 0.113930
0.510 0.115400
0.515 0.116900
0.520 0.118400
0.525 0.119960
0.530 0.121800
0.535 0.124000
0.540 0.126600
0.545 0.129800
0.550 0.133600
0.555 0.138190
0.560 0.143600
0.565 0.149900
0.570 0.156700
0.575 0.163960
0.580 0.171000
0.585 0.177810
0.590 0.183900
0.595 0.189320
0.600 0.193800
0.605 0.197660
0.610 0.200900
0.615 0.203520
0.620 0.205900
0.625 0.207850
0.630 0.209800
0.635 0.211660
0.640 0.213400
0.645 0.215090
0.650 0.217000
0.655 0.218840
0.660 0.220900
0.665 0.223000
0.670 0.225100
0.675 0.227560
0.680 0.229800
0.685 0.232100
0.690 0.234500
0.695 0.237140
0.700 0.239900
0.705 0.242610
0.710 0.245200
0.715 0.247900
0.720 0.250400
0.725 0.253130
0.730 0.255400
0.735 0.257740
0.740 0.260100
0.745 0.262070
0.750 0.263800
0.755 0.265400
0.760 0.266900
0.765 0.268210
0.770 0.269300
0.775 0.270270
0.780 0.271300
0.785 0.271910
0.790 0.272400
0.795 0.272690
0.800 0.273000
0.805 0.273160
0.810 0.273180
0.815 0.273100
0.820 0.273000
0.825 0.272910
0.830 0.272820
0.835 0.272720
0.840 0.272600
0.845 0.272460
0.850 0.272350
0.855 0.272340
0.860 0.272500
0.865 0.272890
0.870 0.273460
0.875 0.274120
0.880 0.274800
0.885 0.275450
0.890 0.276090
0.895 0.276760
0.900 0.277500
0.905 0.278350
0.910 0.279310
0.915 0.280390
0.920 0.281600
0.925 0.282950
0.930 0.284400
0.935 0.285920
0.940 0.287500
0.945 0.289100
0.950 0.290740
0.955 0.292430
0.960 0.294200
0.965 0.296060
0.970 0.297980
0.975 0.299940
0.980 0.301900
0.985 0.303840
0.990 0.305750
0.995 0.307610
1.000 0.309400
1.005 0.311110
1.010 0.312750
1.015 0.314340
1.020 0.315900
1.025 0.317440
1.030 0.318930
1.035 0.320330
1.040 0.321600
1.045 0.322710
1.050 0.323690
1.055 0.324600
1.060 0.325500
1.065 0.326420
1.070 0.327340
1.075 0.328240
1.080 0.329100
1.085 0.329890
1.090 0.330610
1.095 0.331280
1.100 0.331900
1.105 0.332480
1.110 0.333020
1.115 0.333530
1.120 0.334000
1.125 0.334440
1.130 0.334840
1.135 0.335200
1.140 0.335500
1.145 0.335750
1.150 0.335970
1.155 0.336170
1.160 0.336400
1.165 0.336660
1.170 0.336920
1.175 0.337150
1.180 0.337300
1.185 0.337350
1.190 0.337330
1.195 0.337290
1.200 0.337300
1.205 0.337380
1.210 0.337520
1.215 0.337670
1.220 0.337800
1.225 0.337880
1.230 0.337910
1.235 0.337910
1.240 0.337900
1.245 0.337890
1.250 0.337880
1.255 0.337880
1.260 0.337900
1.265 0.337940
1.270 0.337980
1.275 0.338010
1.280 0.338000
1.285 0.337940
1.290 0.337850
1.295 0.337760
1.300 0.337700
1.305 0.337700
1.310 0.337740
1.315 0.337810
1.320 0.337900
1.325 0.337980
1.330 0.338040
1.335 0.338060
1.340 0.338000
1.345 0.337860
1.350 0.337680
1.355 0.337510
1.360 0.337400
1.365 0.337400
1.370 0.337460
1.375 0.337510
1.380 0.337500
1.385 0.337380
1.390 0.337200
1.395 0.337020
1.400 0.336900
1.405 0.336900
1.410 0.337000
1.415 0.337180
1.420 0.337400
1.425 0.337650
1.430 0.337930
1.435 0.338210
1.440 0.338500
1.445 0.338780
1.450 0.339040
1.455 0.339250
1.460 0.339400
1.465 0.339470
1.470 0.339490
1.475 0.339490
1.480 0.339500
1.485 0.339540
1.490 0.339610
1.495 0.339700
1.500 0.339800
1.505 0.339900
1.510 0.340010
1.515 0.340110
1.520 0.340200
1.525 0.340280
1.530 0.340360
1.535 0.340430
1.540 0.340500
1.545 0.340570
1.550 0.340640
1.555 0.340720
1.560 0.340800
1.565 0.340890
1.570 0.340990
1.575 0.341100
1.580 0.341200
1.585 0.341300
1.590 0.341400
1.595 0.341500
1.600 0.341600
1.605 0.341700
1.610 0.341810
1.615 0.341910
1.620 0.342000
1.625 0.342080
1.630 0.342170
1.635 0.342270
1.640 0.342400
1.645 0.342570
1.650 0.342740
1.655 0.342900
1.660 0.343000
1.665 0.343030
1.670 0.343020
1.675 0.343030
1.680 0.343100
1.685 0.343270
1.690 0.343510
1.695 0.343770
1.700 0.344000
1.705 0.344160
1.710 0.344260
1.715 0.344300
1.720 0.344300
1.725 0.344260
1.730 0.344200
1.735 0.344110
1.740 0.344000
1.745 0.343880
1.750 0.343760
1.755 0.343660
1.760 0.343600
1.765 0.343600
1.770 0.343630
1.775 0.343670
1.780 0.343700
1.785 0.343690
1.790 0.343640
1.795 0.343510
1.800 0.343300
1.805 0.342990
1.810 0.342630
1.815 0.342250
1.820 0.341900
1.825 0.341630
1.830 0.341410
1.835 0.341240
1.840 0.341100
1.845 0.340980
1.850 0.340910
1.855 0.340930
1.860 0.341100
1.865 0.341420
1.870 0.341780
1.875 0.341990
1.880 0.341900
1.885 0.341380
1.890 0.340590
1.895 0.339760
1.900 0.339100
1.905 0.338790
1.910 0.338780
1.915 0.339010
1.920 0.339400
1.925 0.339900
1.930 0.340440
1.935 0.340970
1.940 0.341400
1.945 0.341700
1.950 0.341900
1.955 0.342050
1.960 0.342200
1.965 0.342400
1.970 0.342650
1.975 0.342980
1.980 0.343400
1.985 0.343910
1.990 0.344450
1.995 0.344940
2.000 0.345300
2.005 0.345470
2.010 0.345480
2.015 0.345370
2.020 0.345200
2.025 0.344990
2.030 0.344770
2.035 0.344530
2.040 0.344300
2.045 0.344070
2.050 0.343850
2.055 0.343620
2.060 0.343400
2.065 0.343180
2.070 0.342970
2.075 0.342810
2.080 0.342700
2.085 0.342670
2.090 0.342700
2.095 0.342780
2.100 0.342900
2.105 0.343040
2.110 0.343190
2.115 0.343310
2.120 0.343400
2.125 0.343430
2.130 0.343410
2.135 0.343360
2.140 0.343300
2.145 0.343260
2.150 0.343290
2.155 0.343480
2.160 0.343900
2.165 0.344610
2.170 0.345540
2.175 0.346600
2.180 0.347700
2.185 0.348770
2.190 0.349750
2.195 0.350620
2.200 0.351300
2.205 0.351770
2.210 0.352060
2.215 0.352220
2.220 0.352300
2.225 0.352330
2.230 0.352350
2.235 0.352390
2.240 0.352500
2.245 0.352710
2.250 0.353020
2.255 0.353440
2.260 0.353950
2.265 0.354560
2.270 0.355150
2.275 0.355600
2.280 0.355780
2.285 0.355600
2.290 0.355180
2.295 0.354730
2.300 0.354410
2.305 0.354380
2.310 0.354610
2.315 0.355090
2.320 0.355770
2.325 0.356630
2.330 0.357560
2.335 0.358410
2.340 0.359070
2.345 0.359400
2.350 0.359390
2.355 0.359010
2.360 0.358250
2.365 0.357120
2.370 0.355890
2.375 0.354880
2.380 0.354440
2.385 0.354800
2.390 0.355680
2.395 0.356670
2.400 0.357380
2.405 0.357510
2.410 0.357180
2.415 0.356600
2.420 0.355970
2.425 0.355420
2.430 0.354890
2.435 0.354230
2.440 0.353300
2.445 0.352020
2.450 0.350560
2.455 0.349150
2.460 0.348050
2.465 0.347420
2.470 0.347110
2.475 0.346890
2.480 0.346550
2.485 0.345920
2.490 0.345160
2.495 0.344470
2.500 0.344090
