0.350 0.017586
0.355 0.019345
0.360 0.021103
0.365 0.022862
0.370 0.024620
0.375 0.026379
0.380 0.028138
0.385 0.029896
0.390 0.031655
0.395 0.033413
0.400 0.035172
0.405 0.038030
0.410 0.035446
0.415 0.038719
0.420 0.040973
0.425 0.042258
0.430 0.043569
0.435 0.043776
0.440 0.045483
0.445 0.046712
0.450 0.046926
0.455 0.048138
0.460 0.048663
0.465 0.049754
0.470 0.049294
0.475 0.049267
0.480 0.049733
0.485 0.050633
0.490 0.051587
0.495 0.053289
0.500 0.056796
0.505 0.061894
0.510 0.069995
0.515 0.082424
0.520 0.099091
0.525 0.119250
0.530 0.138180
0.535 0.151700
0.540 0.159490
0.545 0.164230
0.550 0.167900
0.555 0.168700
0.560 0.164350
0.565 0.154450
0.570 0.140940
0.575 0.126690
0.580 0.115780
0.585 0.108400
0.590 0.103240
0.595 0.100430
0.600 0.098171
0.605 0.095075
0.610 0.090264
0.615 0.084966
0.620 0.080420
0.625 0.077447
0.630 0.076177
0.635 0.075333
0.640 0.072266
0.645 0.067923
0.650 0.063552
0.655 0.060573
0.660 0.056858
0.665 0.053586
0.670 0.052046
0.675 0.052811
0.680 0.055369
0.685 0.060405
0.690 0.070459
0.695 0.093617
0.700 0.135410
0.705 0.194130
0.710 0.263240
0.715 0.343120
0.720 0.431860
0.725 0.524020
0.730 0.610730
0.735 0.684440
0.740 0.742500
0.745 0.784060
0.750 0.812010
0.755 0.829760
0.760 0.840480
0.765 0.846660
0.770 0.850140
0.775 0.852550
0.780 0.854250
0.785 0.855470
0.790 0.856820
0.795 0.857980
0.800 0.858870
0.805 0.859820
0.810 0.861010
0.815 0.862520
0.820 0.863160
0.825 0.864770
0.830 0.866020
0.835 0.867300
0.840 0.868670
0.845 0.870360
0.850 0.871940
0.855 0.873430
0.860 0.874550
0.865 0.875930
0.870 0.876590
0.875 0.877530
0.880 0.878270
0.885 0.878550
0.890 0.879060
0.895 0.879340
0.900 0.879700
0.905 0.880160
0.910 0.880380
0.915 0.880380
0.920 0.880370
0.925 0.879430
0.930 0.877660
0.935 0.875480
0.940 0.872810
0.945 0.869120
0.950 0.863720
0.955 0.856490
0.960 0.850930
0.965 0.847890
0.970 0.847570
0.975 0.848060
0.980 0.849560
0.985 0.851590
0.990 0.854180
0.995 0.857250
1.000 0.860330
1.005 0.864430
1.010 0.867530
1.015 0.870720
1.020 0.874910
1.025 0.877200
1.030 0.879820
1.035 0.883050
1.040 0.885760
1.045 0.889230
1.050 0.890790
1.055 0.892290
1.060 0.892570
1.065 0.895080
1.070 0.896360
1.075 0.896970
1.080 0.897660
1.085 0.896020
1.090 0.894800
1.095 0.893270
1.100 0.893400
1.105 0.892730
1.110 0.889060
1.115 0.888050
1.120 0.883370
1.125 0.879630
1.130 0.871740
1.135 0.860580
1.140 0.844920
1.145 0.828580
1.150 0.815070
1.155 0.804840
1.160 0.800360
1.165 0.797370
1.170 0.797450
1.175 0.797960
1.180 0.797610
1.185 0.797210
1.190 0.795770
1.195 0.797200
1.200 0.798320
1.205 0.799610
1.210 0.801850
1.215 0.803760
1.220 0.806010
1.225 0.808770
1.230 0.811110
1.235 0.813200
1.240 0.815120
1.245 0.817560
1.250 0.819780
1.255 0.820250
1.260 0.821750
1.265 0.821540
1.270 0.821330
1.275 0.820390
1.280 0.818560
1.285 0.814930
1.290 0.811620
1.295 0.806350
1.300 0.799760
1.305 0.791650
1.310 0.782310
1.315 0.770290
1.320 0.757310
1.325 0.742150
1.330 0.726010
1.335 0.709350
1.340 0.693390
1.345 0.678220
1.350 0.662770
1.355 0.647910
1.360 0.632500
1.365 0.612650
1.370 0.585740
1.375 0.550190
1.380 0.502230
1.385 0.443500
1.390 0.380700
1.395 0.322730
1.400 0.273410
1.405 0.236930
1.410 0.211510
1.415 0.195480
1.420 0.185720
1.425 0.179600
1.430 0.176350
1.435 0.175340
1.440 0.175800
1.445 0.177050
1.450 0.178660
1.455 0.181330
1.460 0.185640
1.465 0.191840
1.470 0.200080
1.475 0.210160
1.480 0.221050
1.485 0.233000
1.490 0.245510
1.495 0.258690
1.500 0.272090
1.505 0.285880
1.510 0.299790
1.515 0.313930
1.520 0.327820
1.525 0.341370
1.530 0.354560
1.535 0.367690
1.540 0.380790
1.545 0.393030
1.550 0.404740
1.555 0.416340
1.560 0.427060
1.565 0.437580
1.570 0.447100
1.575 0.456240
1.580 0.465240
1.585 0.473890
1.590 0.481750
1.595 0.489760
1.600 0.497490
1.605 0.504560
1.610 0.511390
1.615 0.517530
1.620 0.523410
1.625 0.528610
1.630 0.533730
1.635 0.539000
1.640 0.542340
1.645 0.545620
1.650 0.548950
1.655 0.551220
1.660 0.552230
1.665 0.552740
1.670 0.553250
1.675 0.552620
1.680 0.550680
1.685 0.548840
1.690 0.545710
1.695 0.542800
1.700 0.539320
1.705 0.534820
1.710 0.530850
1.715 0.525990
1.720 0.520540
1.725 0.514940
1.730 0.509010
1.735 0.502570
1.740 0.495330
1.745 0.487200
1.750 0.478440
1.755 0.468610
1.760 0.459770
1.765 0.451650
1.770 0.443750
1.775 0.438020
1.780 0.432990
1.785 0.428980
1.790 0.426670
1.795 0.425250
1.800 0.424640
1.805 0.415650
1.810 0.415620
1.815 0.414680
1.820 0.412860
1.825 0.410520
1.830 0.406180
1.835 0.399740
1.840 0.390230
1.845 0.376810
1.850 0.358200
1.855 0.333340
1.860 0.301910
1.865 0.263630
1.870 0.219240
1.875 0.173330
1.880 0.131250
1.885 0.096096
1.890 0.069631
1.895 0.052163
1.900 0.042018
1.905 0.036449
1.910 0.033471
1.915 0.032168
1.920 0.031676
1.925 0.031660
1.930 0.032118
1.935 0.033030
1.940 0.034330
1.945 0.035821
1.950 0.037681
1.955 0.039805
1.960 0.042321
1.965 0.045075
1.970 0.048247
1.975 0.051655
1.980 0.055395
1.985 0.059390
1.990 0.063710
1.995 0.068153
2.000 0.072848
2.005 0.077643
2.010 0.082686
2.015 0.087647
2.020 0.092808
2.025 0.097870
2.030 0.102850
2.035 0.107890
2.040 0.112620
2.045 0.117460
2.050 0.122160
2.055 0.127090
2.060 0.132040
2.065 0.137230
2.070 0.142410
2.075 0.147710
2.080 0.152900
2.085 0.158210
2.090 0.163510
2.095 0.168640
2.100 0.173670
2.105 0.178630
2.110 0.183580
2.115 0.188410
2.120 0.192940
2.125 0.197450
2.130 0.201630
2.135 0.205490
2.140 0.209120
2.145 0.212480
2.150 0.215590
2.155 0.218440
2.160 0.221120
2.165 0.223440
2.170 0.225780
2.175 0.228190
2.180 0.230210
2.185 0.232260
2.190 0.234120
2.195 0.235620
2.200 0.236750
2.205 0.237330
2.210 0.237600
2.215 0.237450
2.220 0.236690
2.225 0.235270
2.230 0.233330
2.235 0.230300
2.240 0.226680
2.245 0.222780
2.250 0.218110
2.255 0.213380
2.260 0.208720
2.265 0.203920
2.270 0.199330
2.275 0.195170
2.280 0.191510
2.285 0.188000
2.290 0.183710
2.295 0.179010
2.300 0.174290
2.305 0.169140
2.310 0.164350
2.315 0.160010
2.320 0.156000
2.325 0.152000
2.330 0.147380
2.335 0.142960
2.340 0.138560
2.345 0.134190
2.350 0.130020
2.355 0.126050
2.360 0.122650
2.365 0.118560
2.370 0.114550
2.375 0.110710
2.380 0.106820
2.385 0.102770
2.390 0.099292
2.395 0.095173
2.400 0.090959
2.405 0.088180
2.410 0.084666
2.415 0.080754
2.420 0.077454
2.425 0.074274
2.430 0.070971
2.435 0.066754
2.440 0.063473
2.445 0.060765
2.450 0.058151
2.455 0.055119
2.460 0.051807
2.465 0.049306
2.470 0.047370
2.475 0.044706
2.480 0.044604
2.485 0.041719
2.490 0.042679
2.495 0.042115
2.500 0.038976
