0.350 0.023590
0.355 0.025950
0.360 0.028309
0.365 0.030668
0.370 0.033027
0.375 0.035386
0.380 0.037745
0.385 0.040104
0.390 0.042463
0.395 0.044822
0.400 0.047181
0.405 0.050376
0.410 0.053960
0.415 0.058320
0.420 0.062769
0.425 0.065296
0.430 0.067937
0.435 0.070930
0.440 0.075231
0.445 0.077227
0.450 0.082924
0.455 0.087917
0.460 0.086099
0.465 0.088428
0.470 0.090659
0.475 0.093967
0.480 0.097132
0.485 0.099121
0.490 0.103070
0.495 0.105030
0.500 0.105590
0.505 0.109420
0.510 0.111050
0.515 0.117500
0.520 0.117440
0.525 0.121990
0.530 0.123340
0.535 0.127820
0.540 0.133920
0.545 0.139030
0.550 0.140470
0.555 0.143520
0.560 0.151270
0.565 0.155480
0.570 0.158530
0.575 0.161540
0.580 0.165410
0.585 0.168750
0.590 0.172580
0.595 0.173080
0.600 0.176140
0.605 0.182060
0.610 0.181880
0.615 0.183810
0.620 0.190680
0.625 0.192020
0.630 0.197380
0.635 0.197490
0.640 0.199130
0.645 0.202270
0.650 0.204720
0.655 0.214170
0.660 0.210520
0.665 0.216370
0.670 0.219090
0.675 0.222160
0.680 0.224880
0.685 0.228280
0.690 0.230220
0.695 0.235190
0.700 0.237680
0.705 0.243110
0.710 0.246030
0.715 0.248780
0.720 0.249310
0.725 0.255890
0.730 0.257420
0.735 0.260990
0.740 0.263930
0.745 0.266730
0.750 0.269050
0.755 0.272000
0.760 0.273240
0.765 0.278310
0.770 0.279970
0.775 0.283060
0.780 0.284610
0.785 0.288700
0.790 0.291380
0.795 0.294410
0.800 0.297850
0.805 0.299850
0.810 0.301470
0.815 0.303570
0.820 0.304820
0.825 0.307090
0.830 0.308650
0.835 0.309950
0.840 0.311880
0.845 0.313010
0.850 0.313850
0.855 0.314630
0.860 0.315090
0.865 0.320370
0.870 0.320540
0.875 0.321340
0.880 0.323150
0.885 0.323930
0.890 0.323840
0.895 0.326310
0.900 0.331990
0.905 0.331970
0.910 0.332350
0.915 0.332820
0.920 0.334230
0.925 0.337150
0.930 0.339110
0.935 0.340900
0.940 0.345220
0.945 0.347470
0.950 0.347350
0.955 0.346680
0.960 0.347950
0.965 0.351000
0.970 0.352550
0.975 0.352240
0.980 0.355340
0.985 0.356950
0.990 0.357110
0.995 0.359620
1.000 0.364310
1.005 0.363580
1.010 0.363580
1.015 0.366010
1.020 0.370190
1.025 0.368760
1.030 0.368790
1.035 0.371290
1.040 0.374450
1.045 0.373670
1.050 0.372740
1.055 0.374490
1.060 0.378250
1.065 0.379760
1.070 0.379660
1.075 0.379110
1.080 0.382480
1.085 0.384940
1.090 0.384890
1.095 0.385040
1.100 0.384930
1.105 0.384840
1.110 0.387770
1.115 0.390240
1.120 0.392460
1.125 0.391870
1.130 0.392720
1.135 0.393950
1.140 0.393030
1.145 0.395380
1.150 0.395520
1.155 0.397360
1.160 0.400960
1.165 0.400360
1.170 0.401380
1.175 0.402160
1.180 0.403940
1.185 0.404980
1.190 0.405470
1.195 0.405660
1.200 0.406360
1.205 0.408460
1.210 0.409360
1.215 0.411850
1.220 0.417330
1.225 0.420380
1.230 0.418190
1.235 0.416470
1.240 0.417550
1.245 0.421850
1.250 0.421980
1.255 0.422140
1.260 0.422600
1.265 0.424440
1.270 0.426220
1.275 0.426680
1.280 0.427440
1.285 0.429090
1.290 0.430790
1.295 0.431310
1.300 0.430350
1.305 0.431450
1.310 0.431880
1.315 0.431890
1.320 0.432340
1.325 0.435620
1.330 0.435210
1.335 0.434350
1.340 0.432200
1.345 0.435860
1.350 0.436410
1.355 0.437550
1.360 0.430560
1.365 0.433930
1.370 0.433240
1.375 0.431700
1.380 0.428140
1.385 0.425190
1.390 0.422590
1.395 0.419760
1.400 0.416800
1.405 0.415950
1.410 0.417310
1.415 0.419860
1.420 0.423610
1.425 0.425090
1.430 0.425610
1.435 0.426360
1.440 0.427080
1.445 0.427790
1.450 0.429120
1.455 0.431200
1.460 0.434060
1.465 0.433840
1.470 0.433680
1.475 0.434040
1.480 0.435590
1.485 0.433340
1.490 0.433920
1.495 0.435650
1.500 0.441960
1.505 0.442580
1.510 0.443750
1.515 0.443660
1.520 0.446660
1.525 0.446730
1.530 0.446280
1.535 0.446500
1.540 0.449870
1.545 0.453500
1.550 0.453830
1.555 0.454320
1.560 0.454920
1.565 0.459490
1.570 0.459660
1.575 0.456900
1.580 0.454830
1.585 0.455350
1.590 0.453930
1.595 0.453930
1.600 0.455550
1.605 0.453710
1.610 0.453210
1.615 0.455490
1.620 0.458270
1.625 0.458180
1.630 0.459070
1.635 0.461680
1.640 0.461590
1.645 0.459100
1.650 0.460780
1.655 0.463490
1.660 0.462490
1.665 0.464370
1.670 0.462430
1.675 0.461710
1.680 0.465330
1.685 0.465030
1.690 0.463650
1.695 0.463620
1.700 0.464860
1.705 0.463650
1.710 0.464750
1.715 0.465320
1.720 0.466730
1.725 0.467010
1.730 0.466530
1.735 0.465710
1.740 0.466240
1.745 0.464340
1.750 0.465760
1.755 0.466100
1.760 0.465800
1.765 0.468050
1.770 0.467320
1.775 0.467250
1.780 0.466610
1.785 0.468330
1.790 0.467300
1.795 0.466300
1.800 0.468050
1.805 0.470480
1.810 0.471080
1.815 0.471310
1.820 0.470020
1.825 0.469170
1.830 0.468800
1.835 0.470640
1.840 0.471100
1.845 0.468760
1.850 0.467940
1.855 0.467840
1.860 0.466810
1.865 0.460540
1.870 0.452970
1.875 0.444640
1.880 0.437590
1.885 0.421860
1.890 0.410090
1.895 0.398940
1.900 0.386280
1.905 0.378200
1.910 0.377270
1.915 0.378670
1.920 0.383350
1.925 0.387600
1.930 0.390460
1.935 0.392000
1.940 0.394740
1.945 0.397320
1.950 0.400210
1.955 0.402310
1.960 0.405300
1.965 0.406550
1.970 0.409480
1.975 0.413280
1.980 0.417860
1.985 0.422520
1.990 0.425970
1.995 0.428020
2.000 0.428550
2.005 0.431220
2.010 0.434150
2.015 0.435810
2.020 0.437700
2.025 0.436200
2.030 0.437630
2.035 0.438870
2.040 0.438260
2.045 0.441220
2.050 0.442750
2.055 0.441710
2.060 0.442730
2.065 0.443420
2.070 0.443400
2.075 0.442610
2.080 0.441250
2.085 0.441480
2.090 0.442220
2.095 0.441180
2.100 0.442090
2.105 0.440700
2.110 0.440370
2.115 0.440670
2.120 0.440520
2.125 0.441380
2.130 0.440830
2.135 0.440500
2.140 0.440280
2.145 0.440190
2.150 0.437800
2.155 0.437710
2.160 0.435450
2.165 0.431670
2.170 0.432160
2.175 0.431710
2.180 0.427810
2.185 0.425290
2.190 0.421990
2.195 0.419120
2.200 0.416090
2.205 0.411530
2.210 0.411940
2.215 0.418870
2.220 0.420980
2.225 0.424550
2.230 0.425280
2.235 0.426450
2.240 0.424500
2.245 0.424780
2.250 0.424510
2.255 0.424010
2.260 0.424530
2.265 0.423960
2.270 0.424470
2.275 0.422970
2.280 0.422820
2.285 0.420770
2.290 0.420470
2.295 0.419030
2.300 0.416530
2.305 0.415230
2.310 0.414070
2.315 0.412350
2.320 0.412250
2.325 0.411640
2.330 0.410430
2.335 0.407240
2.340 0.405510
2.345 0.404620
2.350 0.402180
2.355 0.402430
2.360 0.403600
2.365 0.402970
2.370 0.403090
2.375 0.401680
2.380 0.399840
2.385 0.399110
2.390 0.399040
2.395 0.398670
2.400 0.398020
2.405 0.397030
2.410 0.396010
2.415 0.393520
2.420 0.390560
2.425 0.389000
2.430 0.386110
2.435 0.383580
2.440 0.380900
2.445 0.377870
2.450 0.376150
2.455 0.374810
2.460 0.372420
2.465 0.371430
2.470 0.370390
2.475 0.368550
2.480 0.366570
2.485 0.364670
2.490 0.364510
2.495 0.363040
2.500 0.362410
