0.350 0.071964
0.355 0.079160
0.360 0.086357
0.365 0.093553
0.370 0.100750
0.375 0.107950
0.380 0.115140
0.385 0.122340
0.390 0.129540
0.395 0.136730
0.400 0.143930
0.405 0.150580
0.410 0.156470
0.415 0.164480
0.420 0.173710
0.425 0.184000
0.430 0.191580
0.435 0.202540
0.440 0.214080
0.445 0.223600
0.450 0.231180
0.455 0.236760
0.460 0.240960
0.465 0.247170
0.470 0.252110
0.475 0.256130
0.480 0.257480
0.485 0.267350
0.490 0.272240
0.495 0.280690
0.500 0.289200
0.505 0.294760
0.510 0.305100
0.515 0.313140
0.520 0.320460
0.525 0.334910
0.530 0.340380
0.535 0.349580
0.540 0.358570
0.545 0.370250
0.550 0.379250
0.555 0.385090
0.560 0.405250
0.565 0.407550
0.570 0.417200
0.575 0.425880
0.580 0.429090
0.585 0.436960
0.590 0.441480
0.595 0.445260
0.600 0.442030
0.605 0.444240
0.610 0.444200
0.615 0.447010
0.620 0.453590
0.625 0.450850
0.630 0.452570
0.635 0.451420
0.640 0.460110
0.645 0.462090
0.650 0.460060
0.655 0.468400
0.660 0.465800
0.665 0.466820
0.670 0.469070
0.675 0.476630
0.680 0.482520
0.685 0.477150
0.690 0.479230
0.695 0.487950
0.700 0.487590
0.705 0.487880
0.710 0.491710
0.715 0.492950
0.720 0.500680
0.725 0.496440
0.730 0.504740
0.735 0.504150
0.740 0.509090
0.745 0.507570
0.750 0.509440
0.755 0.514970
0.760 0.510670
0.765 0.516800
0.770 0.519570
0.775 0.517720
0.780 0.515540
0.785 0.522660
0.790 0.515270
0.795 0.518940
0.800 0.515360
0.805 0.512250
0.810 0.511940
0.815 0.514060
0.820 0.510740
0.825 0.509310
0.830 0.508200
0.835 0.510040
0.840 0.505990
0.845 0.509850
0.850 0.506070
0.855 0.502960
0.860 0.502640
0.865 0.499280
0.870 0.500200
0.875 0.500130
0.880 0.498000
0.885 0.496440
0.890 0.495300
0.895 0.494350
0.900 0.493850
0.905 0.495210
0.910 0.495970
0.915 0.493530
0.920 0.493030
0.925 0.493770
0.930 0.495060
0.935 0.494980
0.940 0.496610
0.945 0.495310
0.950 0.497760
0.955 0.501240
0.960 0.500890
0.965 0.497240
0.970 0.499220
0.975 0.500250
0.980 0.500480
0.985 0.503050
0.990 0.503730
0.995 0.504780
1.000 0.503270
1.005 0.506840
1.010 0.507500
1.015 0.506550
1.020 0.508260
1.025 0.509520
1.030 0.508830
1.035 0.509480
1.040 0.508520
1.045 0.518930
1.050 0.512740
1.055 0.508970
1.060 0.510880
1.065 0.510020
1.070 0.508020
1.075 0.509770
1.080 0.505890
1.085 0.510480
1.090 0.512940
1.095 0.514970
1.100 0.516330
1.105 0.512630
1.110 0.513790
1.115 0.516770
1.120 0.515120
1.125 0.517480
1.130 0.516690
1.135 0.520040
1.140 0.521330
1.145 0.510880
1.150 0.519350
1.155 0.521520
1.160 0.521660
1.165 0.522920
1.170 0.524450
1.175 0.525230
1.180 0.525890
1.185 0.529800
1.190 0.528040
1.195 0.531590
1.200 0.532340
1.205 0.531950
1.210 0.530070
1.215 0.535620
1.220 0.537080
1.225 0.539930
1.230 0.546550
1.235 0.545200
1.240 0.547710
1.245 0.546650
1.250 0.546060
1.255 0.547780
1.260 0.548470
1.265 0.554300
1.270 0.560180
1.275 0.560200
1.280 0.561640
1.285 0.561730
1.290 0.561780
1.295 0.562260
1.300 0.561310
1.305 0.562110
1.310 0.563260
1.315 0.561140
1.320 0.558140
1.325 0.558030
1.330 0.560590
1.335 0.564820
1.340 0.566200
1.345 0.567560
1.350 0.568080
1.355 0.565690
1.360 0.568390
1.365 0.569770
1.370 0.562720
1.375 0.556250
1.380 0.554390
1.385 0.546870
1.390 0.535900
1.395 0.524260
1.400 0.515640
1.405 0.504280
1.410 0.499460
1.415 0.503340
1.420 0.510790
1.425 0.521750
1.430 0.528180
1.435 0.533710
1.440 0.539040
1.445 0.543240
1.450 0.543880
1.455 0.549540
1.460 0.554680
1.465 0.558050
1.470 0.561570
1.475 0.568620
1.480 0.570290
1.485 0.571610
1.490 0.574880
1.495 0.575690
1.500 0.582900
1.505 0.582230
1.510 0.584500
1.515 0.588130
1.520 0.586830
1.525 0.588880
1.530 0.592300
1.535 0.595820
1.540 0.596460
1.545 0.593950
1.550 0.595410
1.555 0.597320
1.560 0.603150
1.565 0.602680
1.570 0.604640
1.575 0.608280
1.580 0.608560
1.585 0.610290
1.590 0.606940
1.595 0.606580
1.600 0.611520
1.605 0.612690
1.610 0.613420
1.615 0.608990
1.620 0.607760
1.625 0.610910
1.630 0.612820
1.635 0.612190
1.640 0.616490
1.645 0.613180
1.650 0.614660
1.655 0.618410
1.660 0.615400
1.665 0.617250
1.670 0.614910
1.675 0.615010
1.680 0.615240
1.685 0.616380
1.690 0.620300
1.695 0.622190
1.700 0.615360
1.705 0.617130
1.710 0.619580
1.715 0.617390
1.720 0.616960
1.725 0.616780
1.730 0.615960
1.735 0.615520
1.740 0.618170
1.745 0.614860
1.750 0.613310
1.755 0.613140
1.760 0.615650
1.765 0.613780
1.770 0.611990
1.775 0.613530
1.780 0.610790
1.785 0.607940
1.790 0.607190
1.795 0.603680
1.800 0.605400
1.805 0.604370
1.810 0.606620
1.815 0.608070
1.820 0.606130
1.825 0.605420
1.830 0.604750
1.835 0.605820
1.840 0.603780
1.845 0.600590
1.850 0.593970
1.855 0.584000
1.860 0.575790
1.865 0.555230
1.870 0.533280
1.875 0.506200
1.880 0.475900
1.885 0.445600
1.890 0.413670
1.895 0.386680
1.900 0.369430
1.905 0.367690
1.910 0.374430
1.915 0.384260
1.920 0.393390
1.925 0.402370
1.930 0.410360
1.935 0.418350
1.940 0.423310
1.945 0.427960
1.950 0.434370
1.955 0.438630
1.960 0.445900
1.965 0.455670
1.970 0.457930
1.975 0.463300
1.980 0.470850
1.985 0.480250
1.990 0.484180
1.995 0.489630
2.000 0.494340
2.005 0.499090
2.010 0.503410
2.015 0.508820
2.020 0.510190
2.025 0.515440
2.030 0.517890
2.035 0.515020
2.040 0.517800
2.045 0.520510
2.050 0.518980
2.055 0.518870
2.060 0.518890
2.065 0.519850
2.070 0.515920
2.075 0.512840
2.080 0.517120
2.085 0.517500
2.090 0.517940
2.095 0.518030
2.100 0.516260
2.105 0.512830
2.110 0.509850
2.115 0.508550
2.120 0.511300
2.125 0.515280
2.130 0.518580
2.135 0.521760
2.140 0.524500
2.145 0.526270
2.150 0.526660
2.155 0.524320
2.160 0.521130
2.165 0.517490
2.170 0.515210
2.175 0.512550
2.180 0.509980
2.185 0.509290
2.190 0.507120
2.195 0.503300
2.200 0.498010
2.205 0.490260
2.210 0.485770
2.215 0.486010
2.220 0.487430
2.225 0.489230
2.230 0.490880
2.235 0.491850
2.240 0.491150
2.245 0.490950
2.250 0.490090
2.255 0.490480
2.260 0.491990
2.265 0.492960
2.270 0.492840
2.275 0.489270
2.280 0.483350
2.285 0.474870
2.290 0.465010
2.295 0.457970
2.300 0.452550
2.305 0.448210
2.310 0.444080
2.315 0.445310
2.320 0.449770
2.325 0.452000
2.330 0.450800
2.335 0.447710
2.340 0.444230
2.345 0.440950
2.350 0.438590
2.355 0.436800
2.360 0.434440
2.365 0.431680
2.370 0.428940
2.375 0.426630
2.380 0.423390
2.385 0.420480
2.390 0.418190
2.395 0.415170
2.400 0.411290
2.405 0.406580
2.410 0.401130
2.415 0.393660
2.420 0.386390
2.425 0.380040
2.430 0.374720
2.435 0.370510
2.440 0.367020
2.445 0.362530
2.450 0.357080
2.455 0.351980
2.460 0.346680
2.465 0.341780
2.470 0.337740
2.475 0.333630
2.480 0.329550
2.485 0.326300
2.490 0.323270
2.495 0.321020
2.500 0.319430
