0.350 0.017391
0.355 0.019131
0.360 0.020870
0.365 0.022609
0.370 0.024348
0.375 0.026087
0.380 0.027826
0.385 0.029566
0.390 0.031305
0.395 0.033044
0.400 0.034783
0.405 0.038988
0.410 0.035022
0.415 0.038303
0.420 0.037573
0.425 0.037926
0.430 0.037847
0.435 0.038357
0.440 0.036939
0.445 0.037116
0.450 0.038238
0.455 0.038060
0.460 0.038901
0.465 0.038448
0.470 0.038620
0.475 0.038635
0.480 0.038372
0.485 0.039000
0.490 0.039166
0.495 0.039546
0.500 0.041460
0.505 0.043570
0.510 0.047111
0.515 0.053452
0.520 0.063011
0.525 0.075078
0.530 0.085959
0.535 0.094055
0.540 0.099104
0.545 0.101990
0.550 0.104230
0.555 0.104750
0.560 0.102010
0.565 0.095794
0.570 0.087594
0.575 0.079306
0.580 0.072951
0.585 0.068579
0.590 0.065465
0.595 0.063750
0.600 0.062357
0.605 0.060886
0.610 0.058489
0.615 0.055605
0.620 0.053359
0.625 0.051951
0.630 0.051294
0.635 0.050553
0.640 0.048729
0.645 0.046123
0.650 0.043975
0.655 0.043077
0.660 0.041941
0.665 0.040703
0.670 0.040484
0.675 0.041075
0.680 0.042765
0.685 0.045642
0.690 0.051563
0.695 0.068721
0.700 0.103660
0.705 0.155960
0.710 0.219560
0.715 0.293490
0.720 0.375410
0.725 0.460870
0.730 0.542020
0.735 0.612330
0.740 0.669220
0.745 0.711360
0.750 0.740990
0.755 0.760140
0.760 0.772310
0.765 0.779630
0.770 0.784110
0.775 0.787090
0.780 0.789360
0.785 0.791120
0.790 0.792770
0.795 0.794280
0.800 0.795720
0.805 0.797260
0.810 0.798910
0.815 0.800310
0.820 0.801590
0.825 0.803140
0.830 0.804460
0.835 0.805460
0.840 0.807090
0.845 0.808710
0.850 0.810420
0.855 0.811570
0.860 0.812950
0.865 0.814120
0.870 0.815120
0.875 0.816160
0.880 0.817010
0.885 0.817730
0.890 0.818180
0.895 0.819010
0.900 0.819600
0.905 0.820120
0.910 0.820830
0.915 0.821030
0.920 0.821000
0.925 0.820620
0.930 0.819460
0.935 0.817550
0.940 0.815220
0.945 0.812380
0.950 0.807420
0.955 0.800530
0.960 0.795330
0.965 0.792580
0.970 0.792330
0.975 0.792700
0.980 0.794280
0.985 0.795870
0.990 0.799000
0.995 0.802650
1.000 0.805600
1.005 0.807190
1.010 0.810470
1.015 0.814610
1.020 0.817500
1.025 0.821290
1.030 0.825610
1.035 0.828530
1.040 0.830890
1.045 0.833770
1.050 0.835130
1.055 0.837270
1.060 0.839490
1.065 0.840320
1.070 0.841260
1.075 0.841270
1.080 0.843380
1.085 0.842660
1.090 0.840950
1.095 0.840640
1.100 0.840160
1.105 0.837950
1.110 0.836910
1.115 0.835120
1.120 0.832030
1.125 0.826700
1.130 0.820560
1.135 0.810130
1.140 0.795030
1.145 0.778330
1.150 0.764340
1.155 0.753880
1.160 0.747730
1.165 0.744990
1.170 0.744580
1.175 0.743970
1.180 0.742990
1.185 0.742770
1.190 0.742520
1.195 0.743590
1.200 0.744700
1.205 0.746720
1.210 0.748870
1.215 0.752010
1.220 0.755550
1.225 0.759200
1.230 0.761160
1.235 0.763670
1.240 0.766610
1.245 0.768310
1.250 0.770120
1.255 0.771310
1.260 0.773110
1.265 0.773150
1.270 0.772490
1.275 0.772090
1.280 0.769500
1.285 0.766960
1.290 0.763610
1.295 0.758390
1.300 0.752680
1.305 0.744800
1.310 0.735640
1.315 0.723750
1.320 0.711580
1.325 0.697090
1.330 0.681380
1.335 0.665820
1.340 0.649600
1.345 0.635070
1.350 0.621040
1.355 0.607130
1.360 0.592370
1.365 0.574460
1.370 0.549810
1.375 0.517240
1.380 0.472950
1.385 0.419230
1.390 0.362140
1.395 0.307380
1.400 0.261490
1.405 0.226540
1.410 0.202170
1.415 0.186250
1.420 0.175750
1.425 0.169430
1.430 0.166190
1.435 0.164540
1.440 0.164470
1.445 0.165250
1.450 0.166340
1.455 0.168730
1.460 0.171640
1.465 0.177030
1.470 0.183710
1.475 0.192650
1.480 0.201990
1.485 0.212510
1.490 0.223600
1.495 0.235040
1.500 0.246860
1.505 0.258770
1.510 0.270980
1.515 0.283510
1.520 0.295260
1.525 0.307240
1.530 0.319180
1.535 0.331060
1.540 0.342200
1.545 0.353270
1.550 0.363810
1.555 0.374400
1.560 0.383990
1.565 0.393260
1.570 0.401820
1.575 0.410780
1.580 0.418850
1.585 0.426520
1.590 0.434470
1.595 0.441500
1.600 0.448290
1.605 0.454890
1.610 0.461030
1.615 0.466810
1.620 0.472180
1.625 0.477070
1.630 0.482200
1.635 0.486320
1.640 0.489710
1.645 0.492840
1.650 0.494860
1.655 0.496150
1.660 0.496290
1.665 0.496750
1.670 0.496390
1.675 0.495230
1.680 0.493580
1.685 0.490140
1.690 0.487210
1.695 0.483790
1.700 0.479790
1.705 0.475690
1.710 0.470990
1.715 0.466690
1.720 0.461600
1.725 0.456790
1.730 0.452300
1.735 0.446690
1.740 0.440630
1.745 0.433920
1.750 0.427060
1.755 0.419490
1.760 0.412830
1.765 0.406780
1.770 0.401210
1.775 0.396110
1.780 0.392700
1.785 0.390150
1.790 0.388400
1.795 0.388280
1.800 0.387990
1.805 0.381170
1.810 0.381070
1.815 0.380690
1.820 0.379560
1.825 0.377600
1.830 0.374250
1.835 0.369200
1.840 0.361160
1.845 0.350090
1.850 0.334050
1.855 0.312690
1.860 0.284860
1.865 0.251180
1.870 0.211740
1.875 0.170610
1.880 0.132480
1.885 0.100110
1.890 0.075503
1.895 0.059151
1.900 0.049589
1.905 0.044248
1.910 0.041584
1.915 0.040246
1.920 0.039661
1.925 0.039541
1.930 0.039809
1.935 0.040455
1.940 0.041266
1.945 0.042645
1.950 0.044079
1.955 0.045680
1.960 0.047686
1.965 0.049872
1.970 0.052399
1.975 0.055188
1.980 0.058184
1.985 0.061469
1.990 0.064938
1.995 0.068692
2.000 0.072551
2.005 0.076601
2.010 0.080734
2.015 0.084838
2.020 0.089018
2.025 0.093117
2.030 0.097190
2.035 0.101220
2.040 0.105090
2.045 0.109010
2.050 0.112770
2.055 0.116760
2.060 0.120890
2.065 0.125020
2.070 0.129320
2.075 0.133530
2.080 0.137830
2.085 0.142060
2.090 0.146060
2.095 0.150070
2.100 0.153900
2.105 0.157780
2.110 0.161590
2.115 0.165030
2.120 0.168500
2.125 0.171660
2.130 0.174510
2.135 0.177260
2.140 0.179780
2.145 0.182070
2.150 0.184360
2.155 0.186430
2.160 0.188490
2.165 0.190310
2.170 0.192320
2.175 0.194240
2.180 0.196180
2.185 0.198260
2.190 0.200340
2.195 0.202250
2.200 0.203810
2.205 0.204950
2.210 0.205920
2.215 0.206380
2.220 0.206390
2.225 0.205730
2.230 0.204560
2.235 0.202640
2.240 0.199700
2.245 0.196030
2.250 0.191720
2.255 0.186900
2.260 0.182120
2.265 0.177520
2.270 0.173340
2.275 0.169430
2.280 0.165690
2.285 0.162120
2.290 0.158800
2.295 0.154870
2.300 0.150630
2.305 0.147330
2.310 0.143990
2.315 0.140790
2.320 0.137700
2.325 0.134560
2.330 0.131120
2.335 0.127340
2.340 0.124240
2.345 0.120440
2.350 0.117360
2.355 0.113830
2.360 0.111050
2.365 0.107950
2.370 0.104890
2.375 0.101550
2.380 0.098620
2.385 0.095577
2.390 0.091825
2.395 0.089184
2.400 0.086081
2.405 0.083117
2.410 0.079768
2.415 0.077122
2.420 0.074250
2.425 0.071207
2.430 0.068095
2.435 0.066011
2.440 0.062952
2.445 0.059985
2.450 0.057840
2.455 0.055841
2.460 0.054613
2.465 0.051319
2.470 0.050593
2.475 0.048624
2.480 0.046452
2.485 0.045156
2.490 0.043158
2.495 0.046065
2.500 0.044993
