0.350 0.062900
0.355 0.063246
0.360 0.063500
0.365 0.063840
0.370 0.064300
0.375 0.064711
0.380 0.065000
0.385 0.065412
0.390 0.065800
0.395 0.066251
0.400 0.066700
0.405 0.067063
0.410 0.067400
0.415 0.067750
0.420 0.068100
0.425 0.068500
0.430 0.068900
0.435 0.069250
0.440 0.069600
0.445 0.069947
0.450 0.070200
0.455 0.070613
0.460 0.071000
0.465 0.071251
0.470 0.071500
0.475 0.071751
0.480 0.072000
0.485 0.071993
0.490 0.072200
0.495 0.072602
0.500 0.073100
0.505 0.073439
0.510 0.073800
0.515 0.073953
0.520 0.074200
0.525 0.074453
0.530 0.074800
0.535 0.075000
0.540 0.075200
0.545 0.075487
0.550 0.075800
0.555 0.075952
0.560 0.076200
0.565 0.076447
0.570 0.076600
0.575 0.076859
0.580 0.077000
0.585 0.077260
0.590 0.077400
0.595 0.077538
0.600 0.077700
0.605 0.077900
0.610 0.078100
0.615 0.078203
0.620 0.078400
0.625 0.078500
0.630 0.078600
0.635 0.078796
0.640 0.078900
0.645 0.079049
0.650 0.079200
0.655 0.079351
0.660 0.079500
0.665 0.079664
0.670 0.079800
0.675 0.079960
0.680 0.080000
0.685 0.080147
0.690 0.080200
0.695 0.080363
0.700 0.080500
0.705 0.080600
0.710 0.080700
0.715 0.080786
0.720 0.080900
0.725 0.081050
0.730 0.081200
0.735 0.081300
0.740 0.081400
0.745 0.081487
0.750 0.081600
0.755 0.081713
0.760 0.081800
0.765 0.081913
0.770 0.082000
0.775 0.082053
0.780 0.082200
0.785 0.082250
0.790 0.082300
0.795 0.082397
0.800 0.082400
0.805 0.082435
0.810 0.082509
0.815 0.082603
0.820 0.082700
0.825 0.082783
0.830 0.082847
0.835 0.082888
0.840 0.082900
0.845 0.082885
0.850 0.082882
0.855 0.082937
0.860 0.083100
0.865 0.083406
0.870 0.083813
0.875 0.084263
0.880 0.084700
0.885 0.085079
0.890 0.085400
0.895 0.085671
0.900 0.085900
0.905 0.086085
0.910 0.086203
0.915 0.086221
0.920 0.086100
0.925 0.085818
0.930 0.085429
0.935 0.085000
0.940 0.084600
0.945 0.084282
0.950 0.084048
0.955 0.083889
0.960 0.083800
0.965 0.083774
0.970 0.083784
0.975 0.083803
0.980 0.083800
0.985 0.083756
0.990 0.083690
0.995 0.083629
1.000 0.083600
1.005 0.083624
1.010 0.083682
1.015 0.083749
1.020 0.083800
1.025 0.083816
1.030 0.083808
1.035 0.083797
1.040 0.083800
1.045 0.083830
1.050 0.083871
1.055 0.083901
1.060 0.083900
1.065 0.083852
1.070 0.083782
1.075 0.083720
1.080 0.083700
1.085 0.083744
1.090 0.083830
1.095 0.083926
1.100 0.084000
1.105 0.084030
1.110 0.084027
1.115 0.084010
1.120 0.084000
1.125 0.084010
1.130 0.084035
1.135 0.084068
1.140 0.084100
1.145 0.084127
1.150 0.084160
1.155 0.084212
1.160 0.084300
1.165 0.084428
1.170 0.084557
1.175 0.084632
1.180 0.084600
1.185 0.084425
1.190 0.084164
1.195 0.083896
1.200 0.083700
1.205 0.083634
1.210 0.083674
1.215 0.083775
1.220 0.083900
1.225 0.084014
1.230 0.084107
1.235 0.084172
1.240 0.084200
1.245 0.084188
1.250 0.084152
1.255 0.084116
1.260 0.084100
1.265 0.084120
1.270 0.084159
1.275 0.084193
1.280 0.084200
1.285 0.084163
1.290 0.084100
1.295 0.084037
1.300 0.084000
1.305 0.084007
1.310 0.084041
1.315 0.084080
1.320 0.084100
1.325 0.084084
1.330 0.084048
1.335 0.084012
1.340 0.084000
1.345 0.084025
1.350 0.084068
1.355 0.084102
1.360 0.084100
1.365 0.084044
1.370 0.083954
1.375 0.083863
1.380 0.083800
1.385 0.083787
1.390 0.083802
1.395 0.083817
1.400 0.083800
1.405 0.083732
1.410 0.083637
1.415 0.083548
1.420 0.083500
1.425 0.083517
1.430 0.083578
1.435 0.083649
1.440 0.083700
1.445 0.083707
1.450 0.083680
1.455 0.083639
1.460 0.083600
1.465 0.083578
1.470 0.083573
1.475 0.083581
1.480 0.083600
1.485 0.083626
1.490 0.083655
1.495 0.083682
1.500 0.083700
1.505 0.083707
1.510 0.083705
1.515 0.083701
1.520 0.083700
1.525 0.083705
1.530 0.083711
1.535 0.083712
1.540 0.083700
1.545 0.083671
1.550 0.083635
1.555 0.083607
1.560 0.083600
1.565 0.083623
1.570 0.083661
1.575 0.083694
1.580 0.083700
1.585 0.083665
1.590 0.083605
1.595 0.083543
1.600 0.083500
1.605 0.083494
1.610 0.083516
1.615 0.083555
1.620 0.083600
1.625 0.083640
1.630 0.083672
1.635 0.083693
1.640 0.083700
1.645 0.083691
1.650 0.083670
1.655 0.083638
1.660 0.083600
1.665 0.083559
1.670 0.083522
1.675 0.083499
1.680 0.083500
1.685 0.083529
1.690 0.083571
1.695 0.083602
1.700 0.083600
1.705 0.083551
1.710 0.083480
1.715 0.083418
1.720 0.083400
1.725 0.083447
1.730 0.083526
1.735 0.083593
1.740 0.083600
1.745 0.083517
1.750 0.083375
1.755 0.083221
1.760 0.083100
1.765 0.083047
1.770 0.083046
1.775 0.083072
1.780 0.083100
1.785 0.083112
1.790 0.083110
1.795 0.083103
1.800 0.083100
1.805 0.083105
1.810 0.083112
1.815 0.083114
1.820 0.083100
1.825 0.083065
1.830 0.083014
1.835 0.082956
1.840 0.082900
1.845 0.082853
1.850 0.082818
1.855 0.082799
1.860 0.082800
1.865 0.082821
1.870 0.082844
1.875 0.082845
1.880 0.082800
1.885 0.082692
1.890 0.082538
1.895 0.082366
1.900 0.082200
1.905 0.082059
1.910 0.081937
1.915 0.081821
1.920 0.081700
1.925 0.081568
1.930 0.081442
1.935 0.081345
1.940 0.081300
1.945 0.081324
1.950 0.081389
1.955 0.081460
1.960 0.081500
1.965 0.081485
1.970 0.081438
1.975 0.081398
1.980 0.081400
1.985 0.081471
1.990 0.081595
1.995 0.081746
2.000 0.081900
2.005 0.082037
2.010 0.082150
2.015 0.082239
2.020 0.082300
2.025 0.082330
2.030 0.082335
2.035 0.082322
2.040 0.082300
2.045 0.082273
2.050 0.082245
2.055 0.082220
2.060 0.082200
2.065 0.082187
2.070 0.082172
2.075 0.082147
2.080 0.082100
2.085 0.082022
2.090 0.081913
2.095 0.081773
2.100 0.081600
2.105 0.081396
2.110 0.081180
2.115 0.080974
2.120 0.080800
2.125 0.080677
2.130 0.080595
2.135 0.080540
2.140 0.080500
2.145 0.080465
2.150 0.080435
2.155 0.080413
2.160 0.080400
2.165 0.080398
2.170 0.080402
2.175 0.080405
2.180 0.080400
2.185 0.080382
2.190 0.080354
2.195 0.080325
2.200 0.080300
2.205 0.080281
2.210 0.080255
2.215 0.080201
2.220 0.080100
2.225 0.079942
2.230 0.079769
2.235 0.079636
2.240 0.079600
2.245 0.079700
2.250 0.079894
2.255 0.080123
2.260 0.080330
2.265 0.080460
2.270 0.080474
2.275 0.080329
2.280 0.079975
2.285 0.079385
2.290 0.078646
2.295 0.077867
2.300 0.077159
2.305 0.076610
2.310 0.076226
2.315 0.075998
2.320 0.075924
2.325 0.075991
2.330 0.076116
2.335 0.076202
2.340 0.076149
2.345 0.075888
2.350 0.075500
2.355 0.075096
2.360 0.074788
2.365 0.074655
2.370 0.074632
2.375 0.074624
2.380 0.074536
2.385 0.074304
2.390 0.074008
2.395 0.073758
2.400 0.073668
2.405 0.073808
2.410 0.074048
2.415 0.074212
2.420 0.074117
2.425 0.073638
2.430 0.072900
2.435 0.072082
2.440 0.071358
2.445 0.070868
2.450 0.070595
2.455 0.070494
2.460 0.070527
2.465 0.070655
2.470 0.070814
2.475 0.070933
2.480 0.070942
2.485 0.070785
2.490 0.070493
2.495 0.070111
2.500 0.069680
