0.350 0.278000
0.355 0.278990
0.360 0.280300
0.365 0.282350
0.370 0.284900
0.375 0.287980
0.380 0.289700
0.385 0.290420
0.390 0.290400
0.395 0.290000
0.400 0.289600
0.405 0.288940
0.410 0.288300
0.415 0.287540
0.420 0.287000
0.425 0.286160
0.430 0.285500
0.435 0.284760
0.440 0.283900
0.445 0.282890
0.450 0.282000
0.455 0.281150
0.460 0.280700
0.465 0.279960
0.470 0.279000
0.475 0.278060
0.480 0.276900
0.485 0.275250
0.490 0.274000
0.495 0.273500
0.500 0.273500
0.505 0.272810
0.510 0.271800
0.515 0.270540
0.520 0.269500
0.525 0.268350
0.530 0.267200
0.535 0.266100
0.540 0.264900
0.545 0.263750
0.550 0.262500
0.555 0.261240
0.560 0.260000
0.565 0.258490
0.570 0.257100
0.575 0.255720
0.580 0.254100
0.585 0.252600
0.590 0.251100
0.595 0.249540
0.600 0.248000
0.605 0.246500
0.610 0.245000
0.615 0.243550
0.620 0.242100
0.625 0.240690
0.630 0.239400
0.635 0.238060
0.640 0.236700
0.645 0.235340
0.650 0.234100
0.655 0.232840
0.660 0.231700
0.665 0.230450
0.670 0.229200
0.675 0.228050
0.680 0.226900
0.685 0.225590
0.690 0.224400
0.695 0.223240
0.700 0.222100
0.705 0.221060
0.710 0.219900
0.715 0.218690
0.720 0.217500
0.725 0.216400
0.730 0.215200
0.735 0.214090
0.740 0.213000
0.745 0.211910
0.750 0.210700
0.755 0.209440
0.760 0.208300
0.765 0.207100
0.770 0.205900
0.775 0.204700
0.780 0.203500
0.785 0.202360
0.790 0.201000
0.795 0.199750
0.800 0.198500
0.805 0.197250
0.810 0.195990
0.815 0.194740
0.820 0.193500
0.825 0.192270
0.830 0.191040
0.835 0.189820
0.840 0.188600
0.845 0.187380
0.850 0.186150
0.855 0.184920
0.860 0.183700
0.865 0.182480
0.870 0.181260
0.875 0.180040
0.880 0.178800
0.885 0.177540
0.890 0.176260
0.895 0.174950
0.900 0.173600
0.905 0.172210
0.910 0.170790
0.915 0.169350
0.920 0.167900
0.925 0.166460
0.930 0.165030
0.935 0.163610
0.940 0.162200
0.945 0.160800
0.950 0.159420
0.955 0.158050
0.960 0.156700
0.965 0.155360
0.970 0.154060
0.975 0.152800
0.980 0.151600
0.985 0.150480
0.990 0.149440
0.995 0.148480
1.000 0.147600
1.005 0.146810
1.010 0.146110
1.015 0.145540
1.020 0.145100
1.025 0.144830
1.030 0.144730
1.035 0.144810
1.040 0.145100
1.045 0.145610
1.050 0.146320
1.055 0.147220
1.060 0.148300
1.065 0.149550
1.070 0.150940
1.075 0.152460
1.080 0.154100
1.085 0.155840
1.090 0.157670
1.095 0.159560
1.100 0.161500
1.105 0.163470
1.110 0.165470
1.115 0.167480
1.120 0.169500
1.125 0.171520
1.130 0.173540
1.135 0.175540
1.140 0.177500
1.145 0.179430
1.150 0.181320
1.155 0.183210
1.160 0.185100
1.165 0.187000
1.170 0.188870
1.175 0.190690
1.180 0.192400
1.185 0.193980
1.190 0.195470
1.195 0.196920
1.200 0.198400
1.205 0.199940
1.210 0.201510
1.215 0.203080
1.220 0.204600
1.225 0.206040
1.230 0.207400
1.235 0.208720
1.240 0.210000
1.245 0.211270
1.250 0.212520
1.255 0.213760
1.260 0.215000
1.265 0.216230
1.270 0.217450
1.275 0.218650
1.280 0.219800
1.285 0.220910
1.290 0.221980
1.295 0.223040
1.300 0.224100
1.305 0.225180
1.310 0.226260
1.315 0.227340
1.320 0.228400
1.325 0.229430
1.330 0.230430
1.335 0.231420
1.340 0.232400
1.345 0.233380
1.350 0.234370
1.355 0.235370
1.360 0.236400
1.365 0.237460
1.370 0.238540
1.375 0.239590
1.380 0.240600
1.385 0.241540
1.390 0.242440
1.395 0.243320
1.400 0.244200
1.405 0.245110
1.410 0.246040
1.415 0.247010
1.420 0.248000
1.425 0.249020
1.430 0.250070
1.435 0.251130
1.440 0.252200
1.445 0.253280
1.450 0.254350
1.455 0.255430
1.460 0.256500
1.465 0.257560
1.470 0.258620
1.475 0.259670
1.480 0.260700
1.485 0.261720
1.490 0.262740
1.495 0.263760
1.500 0.264800
1.505 0.265860
1.510 0.266930
1.515 0.267980
1.520 0.269000
1.525 0.269960
1.530 0.270880
1.535 0.271790
1.540 0.272700
1.545 0.273630
1.550 0.274580
1.555 0.275540
1.560 0.276500
1.565 0.277450
1.570 0.278380
1.575 0.279300
1.580 0.280200
1.585 0.281070
1.590 0.281930
1.595 0.282770
1.600 0.283600
1.605 0.284430
1.610 0.285250
1.615 0.286070
1.620 0.286900
1.625 0.287730
1.630 0.288570
1.635 0.289430
1.640 0.290300
1.645 0.291190
1.650 0.292070
1.655 0.292890
1.660 0.293600
1.665 0.294180
1.670 0.294690
1.675 0.295210
1.680 0.295800
1.685 0.296530
1.690 0.297350
1.695 0.298230
1.700 0.299100
1.705 0.299930
1.710 0.300700
1.715 0.301430
1.720 0.302100
1.725 0.302720
1.730 0.303310
1.735 0.303860
1.740 0.304400
1.745 0.304930
1.750 0.305450
1.755 0.305970
1.760 0.306500
1.765 0.307030
1.770 0.307570
1.775 0.308130
1.780 0.308700
1.785 0.309290
1.790 0.309880
1.795 0.310460
1.800 0.311000
1.805 0.311490
1.810 0.311930
1.815 0.312330
1.820 0.312700
1.825 0.313040
1.830 0.313370
1.835 0.313680
1.840 0.314000
1.845 0.314330
1.850 0.314670
1.855 0.315060
1.860 0.315500
1.865 0.316000
1.870 0.316550
1.875 0.317090
1.880 0.317600
1.885 0.318050
1.890 0.318410
1.895 0.318670
1.900 0.318800
1.905 0.318790
1.910 0.318690
1.915 0.318540
1.920 0.318400
1.925 0.318320
1.930 0.318320
1.935 0.318440
1.940 0.318700
1.945 0.319140
1.950 0.319720
1.955 0.320380
1.960 0.321100
1.965 0.321830
1.970 0.322580
1.975 0.323330
1.980 0.324100
1.985 0.324880
1.990 0.325670
1.995 0.326450
2.000 0.327200
2.005 0.327910
2.010 0.328580
2.015 0.329180
2.020 0.329700
2.025 0.330140
2.030 0.330520
2.035 0.330900
2.040 0.331300
2.045 0.331760
2.050 0.332250
2.055 0.332740
2.060 0.333200
2.065 0.333600
2.070 0.333970
2.075 0.334350
2.080 0.334800
2.085 0.335340
2.090 0.335970
2.095 0.336660
2.100 0.337400
2.105 0.338170
2.110 0.338930
2.115 0.339650
2.120 0.340300
2.125 0.340840
2.130 0.341250
2.135 0.341540
2.140 0.341700
2.145 0.341720
2.150 0.341670
2.155 0.341600
2.160 0.341600
2.165 0.341720
2.170 0.341940
2.175 0.342240
2.180 0.342600
2.185 0.342990
2.190 0.343360
2.195 0.343660
2.200 0.343800
2.205 0.343760
2.210 0.343620
2.215 0.343490
2.220 0.343500
2.225 0.343700
2.230 0.343910
2.235 0.343890
2.240 0.343400
2.245 0.342270
2.250 0.340760
2.255 0.339190
2.260 0.337910
2.265 0.337190
2.270 0.336960
2.275 0.337110
2.280 0.337540
2.285 0.338150
2.290 0.338740
2.295 0.339080
2.300 0.338950
2.305 0.338190
2.310 0.337090
2.315 0.336030
2.320 0.335390
2.325 0.335440
2.330 0.335940
2.335 0.336540
2.340 0.336930
2.345 0.336850
2.350 0.336500
2.355 0.336200
2.360 0.336240
2.365 0.336830
2.370 0.337740
2.375 0.338680
2.380 0.339310
2.385 0.339410
2.390 0.339180
2.395 0.338890
2.400 0.338820
2.405 0.339160
2.410 0.339790
2.415 0.340490
2.420 0.341080
2.425 0.341400
2.430 0.341500
2.435 0.341480
2.440 0.341430
2.445 0.341420
2.450 0.341510
2.455 0.341710
2.460 0.342080
2.465 0.342630
2.470 0.343320
2.475 0.344110
2.480 0.344920
2.485 0.345720
2.490 0.346440
2.495 0.346980
2.500 0.347270
