0.350 0.025815
0.355 0.028397
0.360 0.030978
0.365 0.033560
0.370 0.036141
0.375 0.038723
0.380 0.041304
0.385 0.043886
0.390 0.046467
0.395 0.049049
0.400 0.051630
0.405 0.054156
0.410 0.052345
0.415 0.052857
0.420 0.051550
0.425 0.050954
0.430 0.051436
0.435 0.051320
0.440 0.051047
0.445 0.050069
0.450 0.050084
0.455 0.051376
0.460 0.050672
0.465 0.050710
0.470 0.049900
0.475 0.050332
0.480 0.049804
0.485 0.050318
0.490 0.050004
0.495 0.051138
0.500 0.053643
0.505 0.058019
0.510 0.066256
0.515 0.079931
0.520 0.098942
0.525 0.121830
0.530 0.143020
0.535 0.158020
0.540 0.166410
0.545 0.171580
0.550 0.175470
0.555 0.176740
0.560 0.172430
0.565 0.161940
0.570 0.147410
0.575 0.131970
0.580 0.119950
0.585 0.111330
0.590 0.105160
0.595 0.101210
0.600 0.097850
0.605 0.094515
0.610 0.089171
0.615 0.083212
0.620 0.077687
0.625 0.074174
0.630 0.072761
0.635 0.071252
0.640 0.066380
0.645 0.059329
0.650 0.053716
0.655 0.050720
0.660 0.047755
0.665 0.044941
0.670 0.044109
0.675 0.044892
0.680 0.047187
0.685 0.051704
0.690 0.065063
0.695 0.104270
0.700 0.172210
0.705 0.261050
0.710 0.358990
0.715 0.461910
0.720 0.564240
0.725 0.659120
0.730 0.739860
0.735 0.802660
0.740 0.848990
0.745 0.881620
0.750 0.902700
0.755 0.916140
0.760 0.923680
0.765 0.928710
0.770 0.931380
0.775 0.933370
0.780 0.934780
0.785 0.935980
0.790 0.936920
0.795 0.938310
0.800 0.939690
0.805 0.940750
0.810 0.941980
0.815 0.943330
0.820 0.944030
0.825 0.945720
0.830 0.946540
0.835 0.947540
0.840 0.949110
0.845 0.950780
0.850 0.951940
0.855 0.953240
0.860 0.954550
0.865 0.955130
0.870 0.956140
0.875 0.957050
0.880 0.957310
0.885 0.958070
0.890 0.958380
0.895 0.958860
0.900 0.959150
0.905 0.959940
0.910 0.959840
0.915 0.959790
0.920 0.959510
0.925 0.958840
0.930 0.956790
0.935 0.954210
0.940 0.950940
0.945 0.947060
0.950 0.941020
0.955 0.933070
0.960 0.926790
0.965 0.923020
0.970 0.923290
0.975 0.923980
0.980 0.925480
0.985 0.928390
0.990 0.931230
0.995 0.934650
1.000 0.938830
1.005 0.920300
1.010 0.924490
1.015 0.926400
1.020 0.932330
1.025 0.936340
1.030 0.940930
1.035 0.943510
1.040 0.945460
1.045 0.949050
1.050 0.951730
1.055 0.953350
1.060 0.955320
1.065 0.955960
1.070 0.957180
1.075 0.957780
1.080 0.958280
1.085 0.958530
1.090 0.955490
1.095 0.954040
1.100 0.954530
1.105 0.951400
1.110 0.950450
1.115 0.946900
1.120 0.943950
1.125 0.939560
1.130 0.931090
1.135 0.920270
1.140 0.902680
1.145 0.885280
1.150 0.870780
1.155 0.861720
1.160 0.856550
1.165 0.853810
1.170 0.852860
1.175 0.852690
1.180 0.852640
1.185 0.852410
1.190 0.851890
1.195 0.852480
1.200 0.853600
1.205 0.855450
1.210 0.857710
1.215 0.859870
1.220 0.862090
1.225 0.864640
1.230 0.866490
1.235 0.870210
1.240 0.872170
1.245 0.874210
1.250 0.876200
1.255 0.876270
1.260 0.877440
1.265 0.878000
1.270 0.877080
1.275 0.875820
1.280 0.873840
1.285 0.871630
1.290 0.866490
1.295 0.861090
1.300 0.854380
1.305 0.844950
1.310 0.834490
1.315 0.823130
1.320 0.808530
1.325 0.793600
1.330 0.776900
1.335 0.759910
1.340 0.743840
1.345 0.729270
1.350 0.714780
1.355 0.701000
1.360 0.686710
1.365 0.667230
1.370 0.642040
1.375 0.606750
1.380 0.558910
1.385 0.500500
1.390 0.438080
1.395 0.378560
1.400 0.327990
1.405 0.289780
1.410 0.262760
1.415 0.245090
1.420 0.234070
1.425 0.226960
1.430 0.223120
1.435 0.221000
1.440 0.220870
1.445 0.221560
1.450 0.222710
1.455 0.224950
1.460 0.229090
1.465 0.235220
1.470 0.243010
1.475 0.252900
1.480 0.263800
1.485 0.276150
1.490 0.288660
1.495 0.301990
1.500 0.315010
1.505 0.329090
1.510 0.342890
1.515 0.357010
1.520 0.370500
1.525 0.384490
1.530 0.398070
1.535 0.411200
1.540 0.424500
1.545 0.436700
1.550 0.448970
1.555 0.460780
1.560 0.471960
1.565 0.482860
1.570 0.493190
1.575 0.502740
1.580 0.512160
1.585 0.520970
1.590 0.529670
1.595 0.537390
1.600 0.544880
1.605 0.552500
1.610 0.559500
1.615 0.565790
1.620 0.571710
1.625 0.577400
1.630 0.582360
1.635 0.586860
1.640 0.591370
1.645 0.594910
1.650 0.597350
1.655 0.599300
1.660 0.600800
1.665 0.601360
1.670 0.601920
1.675 0.601310
1.680 0.600220
1.685 0.597960
1.690 0.595290
1.695 0.592440
1.700 0.588790
1.705 0.585070
1.710 0.581270
1.715 0.576270
1.720 0.571040
1.725 0.565090
1.730 0.559460
1.735 0.552610
1.740 0.545460
1.745 0.537680
1.750 0.529220
1.755 0.520940
1.760 0.512540
1.765 0.505100
1.770 0.498000
1.775 0.492720
1.780 0.487330
1.785 0.484450
1.790 0.482210
1.795 0.481660
1.800 0.481170
1.805 0.490870
1.810 0.491060
1.815 0.490570
1.820 0.489230
1.825 0.486360
1.830 0.481900
1.835 0.475170
1.840 0.465060
1.845 0.451060
1.850 0.431620
1.855 0.405630
1.860 0.372380
1.865 0.332080
1.870 0.284440
1.875 0.233880
1.880 0.186450
1.885 0.144450
1.890 0.111150
1.895 0.087525
1.900 0.072757
1.905 0.064165
1.910 0.059522
1.915 0.057180
1.920 0.056261
1.925 0.056122
1.930 0.056635
1.935 0.057766
1.940 0.059558
1.945 0.061731
1.950 0.064295
1.955 0.067298
1.960 0.070701
1.965 0.074628
1.970 0.078754
1.975 0.083274
1.980 0.088090
1.985 0.093094
1.990 0.098459
1.995 0.104020
2.000 0.109830
2.005 0.115520
2.010 0.121590
2.015 0.127510
2.020 0.133440
2.025 0.139380
2.030 0.145150
2.035 0.150980
2.040 0.156610
2.045 0.162270
2.050 0.168000
2.055 0.173760
2.060 0.179770
2.065 0.185670
2.070 0.191800
2.075 0.198150
2.080 0.204200
2.085 0.210170
2.090 0.216250
2.095 0.222160
2.100 0.228050
2.105 0.233690
2.110 0.239240
2.115 0.244660
2.120 0.249860
2.125 0.254770
2.130 0.259370
2.135 0.263710
2.140 0.267580
2.145 0.271230
2.150 0.274570
2.155 0.277490
2.160 0.280390
2.165 0.282780
2.170 0.285140
2.175 0.287850
2.180 0.290290
2.185 0.292780
2.190 0.294790
2.195 0.296800
2.200 0.298250
2.205 0.299500
2.210 0.300300
2.215 0.300470
2.220 0.300190
2.225 0.299220
2.230 0.297890
2.235 0.295770
2.240 0.292570
2.245 0.289190
2.250 0.285080
2.255 0.280220
2.260 0.275090
2.265 0.269760
2.270 0.264330
2.275 0.259270
2.280 0.253980
2.285 0.249040
2.290 0.243970
2.295 0.238590
2.300 0.232630
2.305 0.226750
2.310 0.221620
2.315 0.217560
2.320 0.213640
2.325 0.209370
2.330 0.204440
2.335 0.199300
2.340 0.194100
2.345 0.188100
2.350 0.182900
2.355 0.178290
2.360 0.173890
2.365 0.169320
2.370 0.164370
2.375 0.158810
2.380 0.155080
2.385 0.150280
2.390 0.145700
2.395 0.140820
2.400 0.136150
2.405 0.131800
2.410 0.127340
2.415 0.122000
2.420 0.118430
2.425 0.114030
2.430 0.111010
2.435 0.105720
2.440 0.101980
2.445 0.098067
2.450 0.094892
2.455 0.090265
2.460 0.086607
2.465 0.083172
2.470 0.080227
2.475 0.078094
2.480 0.074846
2.485 0.075086
2.490 0.071659
2.495 0.071589
2.500 0.068913
