0.350 0.016425
0.355 0.018067
0.360 0.019710
0.365 0.021352
0.370 0.022995
0.375 0.024637
0.380 0.026280
0.385 0.027922
0.390 0.029565
0.395 0.031208
0.400 0.032850
0.405 0.034796
0.410 0.032870
0.415 0.034877
0.420 0.033079
0.425 0.032616
0.430 0.033348
0.435 0.032709
0.440 0.033103
0.445 0.032434
0.450 0.032712
0.455 0.033593
0.460 0.033159
0.465 0.033633
0.470 0.032627
0.475 0.033285
0.480 0.033101
0.485 0.033485
0.490 0.033442
0.495 0.033852
0.500 0.035399
0.505 0.037889
0.510 0.042720
0.515 0.051375
0.520 0.064354
0.525 0.080702
0.530 0.096263
0.535 0.107320
0.540 0.113440
0.545 0.117180
0.550 0.120020
0.555 0.120690
0.560 0.116830
0.565 0.108170
0.570 0.096583
0.575 0.084931
0.580 0.076139
0.585 0.070143
0.590 0.065676
0.595 0.063129
0.600 0.061233
0.605 0.059649
0.610 0.056274
0.615 0.052762
0.620 0.049676
0.625 0.048083
0.630 0.047263
0.635 0.046282
0.640 0.043679
0.645 0.040187
0.650 0.037599
0.655 0.036479
0.660 0.035400
0.665 0.034434
0.670 0.034401
0.675 0.035229
0.680 0.037057
0.685 0.039747
0.690 0.046245
0.695 0.068486
0.700 0.116100
0.705 0.187430
0.710 0.271690
0.715 0.364750
0.720 0.461480
0.725 0.555800
0.730 0.640340
0.735 0.709880
0.740 0.764060
0.745 0.803680
0.750 0.830630
0.755 0.848270
0.760 0.858760
0.765 0.865520
0.770 0.869350
0.775 0.871830
0.780 0.873640
0.785 0.874930
0.790 0.875950
0.795 0.877390
0.800 0.878630
0.805 0.879820
0.810 0.881100
0.815 0.882590
0.820 0.883750
0.825 0.885460
0.830 0.886750
0.835 0.888180
0.840 0.890080
0.845 0.891820
0.850 0.893370
0.855 0.894690
0.860 0.896270
0.865 0.897190
0.870 0.898240
0.875 0.899310
0.880 0.899900
0.885 0.900810
0.890 0.901220
0.895 0.902090
0.900 0.902480
0.905 0.903380
0.910 0.903640
0.915 0.903930
0.920 0.904070
0.925 0.904230
0.930 0.903350
0.935 0.902180
0.940 0.900620
0.945 0.898630
0.950 0.895460
0.955 0.891000
0.960 0.887350
0.965 0.885140
0.970 0.885070
0.975 0.885960
0.980 0.886990
0.985 0.889210
0.990 0.891170
0.995 0.893470
1.000 0.896410
1.005 0.891480
1.010 0.893860
1.015 0.895930
1.020 0.899160
1.025 0.902170
1.030 0.904900
1.035 0.907350
1.040 0.907590
1.045 0.910110
1.050 0.911830
1.055 0.914140
1.060 0.915340
1.065 0.916190
1.070 0.917370
1.075 0.918120
1.080 0.919250
1.085 0.918820
1.090 0.917130
1.095 0.916380
1.100 0.918450
1.105 0.916370
1.110 0.916600
1.115 0.913930
1.120 0.912310
1.125 0.909880
1.130 0.904240
1.135 0.897240
1.140 0.885450
1.145 0.873030
1.150 0.862680
1.155 0.855580
1.160 0.851120
1.165 0.848870
1.170 0.847810
1.175 0.848280
1.180 0.847760
1.185 0.847520
1.190 0.846480
1.195 0.846930
1.200 0.847750
1.205 0.849280
1.210 0.850890
1.215 0.853050
1.220 0.854520
1.225 0.857190
1.230 0.858800
1.235 0.862130
1.240 0.863670
1.245 0.865510
1.250 0.867090
1.255 0.866820
1.260 0.867740
1.265 0.868610
1.270 0.868030
1.275 0.867400
1.280 0.865980
1.285 0.864910
1.290 0.861920
1.295 0.858570
1.300 0.855160
1.305 0.848740
1.310 0.842180
1.315 0.834670
1.320 0.824210
1.325 0.813190
1.330 0.801200
1.335 0.787760
1.340 0.774820
1.345 0.762110
1.350 0.749500
1.355 0.737170
1.360 0.724950
1.365 0.707870
1.370 0.685690
1.375 0.655460
1.380 0.613040
1.385 0.558860
1.390 0.497790
1.395 0.436360
1.400 0.382120
1.405 0.338790
1.410 0.307390
1.415 0.286530
1.420 0.273440
1.425 0.265420
1.430 0.261090
1.435 0.259840
1.440 0.260150
1.445 0.261600
1.450 0.263720
1.455 0.267000
1.460 0.271710
1.465 0.279060
1.470 0.288450
1.475 0.300130
1.480 0.312510
1.485 0.326510
1.490 0.340770
1.495 0.354870
1.500 0.369560
1.505 0.384240
1.510 0.398670
1.515 0.413450
1.520 0.427500
1.525 0.441650
1.530 0.454940
1.535 0.467780
1.540 0.480350
1.545 0.492300
1.550 0.503360
1.555 0.514060
1.560 0.524400
1.565 0.534240
1.570 0.543530
1.575 0.551980
1.580 0.560190
1.585 0.568100
1.590 0.575530
1.595 0.582790
1.600 0.589750
1.605 0.596440
1.610 0.602940
1.615 0.608930
1.620 0.613960
1.625 0.618950
1.630 0.623630
1.635 0.627180
1.640 0.630550
1.645 0.633250
1.650 0.634670
1.655 0.635940
1.660 0.636680
1.665 0.637100
1.670 0.636670
1.675 0.635200
1.680 0.632610
1.685 0.629750
1.690 0.626190
1.695 0.622140
1.700 0.616830
1.705 0.612350
1.710 0.607820
1.715 0.602220
1.720 0.597340
1.725 0.592130
1.730 0.588350
1.735 0.583390
1.740 0.577490
1.745 0.571710
1.750 0.564580
1.755 0.557830
1.760 0.550170
1.765 0.544310
1.770 0.538140
1.775 0.533470
1.780 0.529340
1.785 0.526650
1.790 0.524530
1.795 0.524120
1.800 0.523280
1.805 0.528160
1.810 0.528540
1.815 0.528630
1.820 0.527870
1.825 0.525750
1.830 0.522170
1.835 0.516560
1.840 0.508090
1.845 0.495460
1.850 0.477530
1.855 0.452480
1.860 0.419570
1.865 0.377910
1.870 0.326740
1.875 0.269910
1.880 0.214500
1.885 0.164260
1.890 0.123490
1.895 0.094197
1.900 0.075696
1.905 0.065161
1.910 0.059359
1.915 0.056443
1.920 0.055219
1.925 0.055089
1.930 0.055837
1.935 0.057360
1.940 0.059507
1.945 0.062213
1.950 0.065540
1.955 0.069350
1.960 0.073685
1.965 0.078495
1.970 0.083702
1.975 0.089466
1.980 0.095493
1.985 0.101950
1.990 0.108570
1.995 0.115490
2.000 0.122580
2.005 0.129680
2.010 0.137060
2.015 0.144400
2.020 0.151490
2.025 0.158440
2.030 0.165250
2.035 0.171760
2.040 0.177780
2.045 0.183770
2.050 0.189630
2.055 0.195690
2.060 0.201780
2.065 0.207880
2.070 0.214200
2.075 0.220540
2.080 0.226760
2.085 0.232960
2.090 0.239030
2.095 0.244850
2.100 0.250700
2.105 0.256280
2.110 0.261840
2.115 0.267260
2.120 0.272250
2.125 0.277110
2.130 0.281540
2.135 0.285460
2.140 0.289420
2.145 0.292780
2.150 0.296310
2.155 0.299320
2.160 0.302020
2.165 0.304640
2.170 0.307150
2.175 0.310030
2.180 0.312600
2.185 0.315540
2.190 0.318010
2.195 0.320410
2.200 0.322050
2.205 0.323140
2.210 0.323750
2.215 0.323460
2.220 0.322230
2.225 0.319950
2.230 0.316850
2.235 0.312550
2.240 0.307730
2.245 0.302880
2.250 0.297950
2.255 0.292740
2.260 0.287560
2.265 0.281900
2.270 0.276210
2.275 0.271340
2.280 0.266460
2.285 0.261710
2.290 0.256580
2.295 0.250640
2.300 0.244750
2.305 0.238710
2.310 0.233610
2.315 0.229420
2.320 0.225220
2.325 0.220290
2.330 0.215150
2.335 0.209660
2.340 0.204240
2.345 0.198700
2.350 0.193590
2.355 0.189460
2.360 0.184940
2.365 0.180020
2.370 0.175300
2.375 0.170590
2.380 0.165550
2.385 0.160630
2.390 0.155550
2.395 0.150810
2.400 0.145810
2.405 0.140030
2.410 0.135020
2.415 0.130150
2.420 0.125760
2.425 0.120160
2.430 0.116540
2.435 0.110320
2.440 0.106290
2.445 0.100300
2.450 0.096118
2.455 0.092220
2.460 0.088461
2.465 0.084285
2.470 0.081730
2.475 0.078555
2.480 0.075532
2.485 0.075538
2.490 0.070530
2.495 0.071118
2.500 0.068643
