0.350 0.618530
0.355 0.618380
0.360 0.616360
0.365 0.611700
0.370 0.611280
0.375 0.610370
0.380 0.608510
0.385 0.609140
0.390 0.610030
0.395 0.612210
0.400 0.614290
0.405 0.616180
0.410 0.618130
0.415 0.619260
0.420 0.620200
0.425 0.620320
0.430 0.621010
0.435 0.621640
0.440 0.622110
0.445 0.622490
0.450 0.623080
0.455 0.623580
0.460 0.623890
0.465 0.624280
0.470 0.624440
0.475 0.624660
0.480 0.624870
0.485 0.625020
0.490 0.625310
0.495 0.625530
0.500 0.625650
0.505 0.626030
0.510 0.626280
0.515 0.626700
0.520 0.627090
0.525 0.627370
0.530 0.627520
0.535 0.627740
0.540 0.627760
0.545 0.627970
0.550 0.627950
0.555 0.627970
0.560 0.627960
0.565 0.628090
0.570 0.628080
0.575 0.628020
0.580 0.627850
0.585 0.627600
0.590 0.627520
0.595 0.627290
0.600 0.626970
0.605 0.626400
0.610 0.626360
0.615 0.626120
0.620 0.625620
0.625 0.625070
0.630 0.624660
0.635 0.624020
0.640 0.623470
0.645 0.622810
0.650 0.622060
0.655 0.621280
0.660 0.620440
0.665 0.619670
0.670 0.618990
0.675 0.618410
0.680 0.617850
0.685 0.617540
0.690 0.617180
0.695 0.616440
0.700 0.615250
0.705 0.613670
0.710 0.611910
0.715 0.610300
0.720 0.608690
0.725 0.606780
0.730 0.604460
0.735 0.602100
0.740 0.600150
0.745 0.598340
0.750 0.596070
0.755 0.593490
0.760 0.590350
0.765 0.587080
0.770 0.583580
0.775 0.580110
0.780 0.576930
0.785 0.574060
0.790 0.571760
0.795 0.570110
0.800 0.569220
0.805 0.568880
0.810 0.569110
0.815 0.569520
0.820 0.569930
0.825 0.569660
0.830 0.568660
0.835 0.567330
0.840 0.565690
0.845 0.563070
0.850 0.559470
0.855 0.555080
0.860 0.549960
0.865 0.544340
0.870 0.537920
0.875 0.531240
0.880 0.524280
0.885 0.517970
0.890 0.512490
0.895 0.508170
0.900 0.504690
0.905 0.502040
0.910 0.499990
0.915 0.497870
0.920 0.495870
0.925 0.492750
0.930 0.487780
0.935 0.481890
0.940 0.475030
0.945 0.464650
0.950 0.452390
0.955 0.437320
0.960 0.423280
0.965 0.412440
0.970 0.403010
0.975 0.393140
0.980 0.383070
0.985 0.372890
0.990 0.363830
0.995 0.355120
1.000 0.346730
1.005 0.340290
1.010 0.335860
1.015 0.333250
1.020 0.332040
1.025 0.332670
1.030 0.335380
1.035 0.339550
1.040 0.345230
1.045 0.352360
1.050 0.360600
1.055 0.369400
1.060 0.378380
1.065 0.386360
1.070 0.393020
1.075 0.397880
1.080 0.400460
1.085 0.400880
1.090 0.399430
1.095 0.396780
1.100 0.393200
1.105 0.388930
1.110 0.384580
1.115 0.379880
1.120 0.374450
1.125 0.367280
1.130 0.357270
1.135 0.343810
1.140 0.327490
1.145 0.309950
1.150 0.293140
1.155 0.277690
1.160 0.263670
1.165 0.250390
1.170 0.237660
1.175 0.225410
1.180 0.213760
1.185 0.202840
1.190 0.192740
1.195 0.183710
1.200 0.175650
1.205 0.168680
1.210 0.162600
1.215 0.157490
1.220 0.153220
1.225 0.149750
1.230 0.147080
1.235 0.145040
1.240 0.143560
1.245 0.142600
1.250 0.142220
1.255 0.142390
1.260 0.142950
1.265 0.143860
1.270 0.145020
1.275 0.146080
1.280 0.146930
1.285 0.147180
1.290 0.146900
1.295 0.145950
1.300 0.144430
1.305 0.142410
1.310 0.139980
1.315 0.137120
1.320 0.133730
1.325 0.130030
1.330 0.126130
1.335 0.122090
1.340 0.118030
1.345 0.114280
1.350 0.110720
1.355 0.107290
1.360 0.103690
1.365 0.099569
1.370 0.094383
1.375 0.087663
1.380 0.078845
1.385 0.068496
1.390 0.057571
1.395 0.047367
1.400 0.038847
1.405 0.032086
1.410 0.026924
1.415 0.022758
1.420 0.019428
1.425 0.016561
1.430 0.014244
1.435 0.012302
1.440 0.010644
1.445 0.009324
1.450 0.008276
1.455 0.007431
1.460 0.006795
1.465 0.006366
1.470 0.006000
1.475 0.005724
1.480 0.005607
1.485 0.005529
1.490 0.005473
1.495 0.005480
1.500 0.005555
1.505 0.005574
1.510 0.005677
1.515 0.005750
1.520 0.005843
1.525 0.005950
1.530 0.006048
1.535 0.006220
1.540 0.006346
1.545 0.006533
1.550 0.006730
1.555 0.006951
1.560 0.007252
1.565 0.007537
1.570 0.007837
1.575 0.008190
1.580 0.008550
1.585 0.008957
1.590 0.009373
1.595 0.009736
1.600 0.010104
1.605 0.010391
1.610 0.010677
1.615 0.011008
1.620 0.011312
1.625 0.011570
1.630 0.011876
1.635 0.012188
1.640 0.012544
1.645 0.012914
1.650 0.013309
1.655 0.013738
1.660 0.014159
1.665 0.014583
1.670 0.015014
1.675 0.015450
1.680 0.015910
1.685 0.016324
1.690 0.016771
1.695 0.017202
1.700 0.017669
1.705 0.018053
1.710 0.018468
1.715 0.018896
1.720 0.019218
1.725 0.019443
1.730 0.019646
1.735 0.019847
1.740 0.019940
1.745 0.019997
1.750 0.020019
1.755 0.020027
1.760 0.019994
1.765 0.019951
1.770 0.020123
1.775 0.020238
1.780 0.020482
1.785 0.020986
1.790 0.020871
1.795 0.019731
1.800 0.020299
1.805 0.020592
1.810 0.020738
1.815 0.021346
1.820 0.021485
1.825 0.021675
1.830 0.021675
1.835 0.021389
1.840 0.020831
1.845 0.020456
1.850 0.019652
1.855 0.018217
1.860 0.016633
1.865 0.014725
1.870 0.012543
1.875 0.010545
1.880 0.008707
1.885 0.006981
1.890 0.006054
1.895 0.004897
1.900 0.004234
1.905 0.004118
1.910 0.003951
1.915 0.003644
1.920 0.003421
1.925 0.003362
1.930 0.003154
1.935 0.003128
1.940 0.003363
1.945 0.003194
1.950 0.003241
1.955 0.003268
1.960 0.003140
1.965 0.003142
1.970 0.002991
1.975 0.002860
1.980 0.002618
1.985 0.002700
1.990 0.002448
1.995 0.002679
2.000 0.002830
2.005 0.002883
2.010 0.002853
2.015 0.002950
2.020 0.002986
2.025 0.003037
2.030 0.002974
2.035 0.003028
2.040 0.003014
2.045 0.002999
2.050 0.003002
2.055 0.002883
2.060 0.002753
2.065 0.002946
2.070 0.003129
2.075 0.002992
2.080 0.002994
2.085 0.003292
2.090 0.003219
2.095 0.003387
2.100 0.003778
2.105 0.003959
2.110 0.003756
2.115 0.003589
2.120 0.004120
2.125 0.004253
2.130 0.004598
2.135 0.004796
2.140 0.004987
2.145 0.005107
2.150 0.005497
2.155 0.005700
2.160 0.006076
2.165 0.006186
2.170 0.006785
2.175 0.006927
2.180 0.007084
2.185 0.007370
2.190 0.007429
2.195 0.007757
2.200 0.008190
2.205 0.008109
2.210 0.007875
2.215 0.008134
2.220 0.008828
2.225 0.008943
2.230 0.009295
2.235 0.009283
2.240 0.009503
2.245 0.009296
2.250 0.009309
2.255 0.009141
2.260 0.008934
2.265 0.008884
2.270 0.009209
2.275 0.008964
2.280 0.008528
2.285 0.008347
2.290 0.007760
2.295 0.006748
2.300 0.006472
2.305 0.006619
2.310 0.005981
2.315 0.005641
2.320 0.005220
2.325 0.004971
2.330 0.004937
2.335 0.005139
2.340 0.004649
2.345 0.003994
2.350 0.004216
2.355 0.004381
2.360 0.003654
2.365 0.004073
2.370 0.004414
2.375 0.004411
2.380 0.004329
2.385 0.003191
2.390 0.002884
2.395 0.003630
2.400 0.003485
2.405 0.003413
2.410 0.003299
2.415 0.003775
2.420 0.004688
2.425 0.003874
2.430 0.003443
2.435 0.003678
2.440 0.003114
2.445 0.002698
2.450 0.002495
2.455 0.002473
2.460 0.002450
2.465 0.002427
2.470 0.002405
2.475 0.002382
2.480 0.002359
2.485 0.002337
2.490 0.002314
2.495 0.002291
2.500 0.002269
