0.350 0.011971
0.355 0.013168
0.360 0.014365
0.365 0.015562
0.370 0.016759
0.375 0.017956
0.380 0.019153
0.385 0.020350
0.390 0.021547
0.395 0.022744
0.400 0.023941
0.405 0.026218
0.410 0.024633
0.415 0.022297
0.420 0.023707
0.425 0.024097
0.430 0.023312
0.435 0.022822
0.440 0.023344
0.445 0.022548
0.450 0.023012
0.455 0.023670
0.460 0.023297
0.465 0.023652
0.470 0.023519
0.475 0.023862
0.480 0.023319
0.485 0.023602
0.490 0.024128
0.495 0.024609
0.500 0.025546
0.505 0.028248
0.510 0.032628
0.515 0.041384
0.520 0.054336
0.525 0.070717
0.530 0.085668
0.535 0.096676
0.540 0.103320
0.545 0.107220
0.550 0.110330
0.555 0.111800
0.560 0.108420
0.565 0.100580
0.570 0.089419
0.575 0.077997
0.580 0.069313
0.585 0.063066
0.590 0.058791
0.595 0.055751
0.600 0.054253
0.605 0.052295
0.610 0.048878
0.615 0.044749
0.620 0.041529
0.625 0.039716
0.630 0.038981
0.635 0.037827
0.640 0.034723
0.645 0.030821
0.650 0.028131
0.655 0.026772
0.660 0.025359
0.665 0.024064
0.670 0.023639
0.675 0.024316
0.680 0.025729
0.685 0.028164
0.690 0.035593
0.695 0.061242
0.700 0.113380
0.705 0.184740
0.710 0.262710
0.715 0.344380
0.720 0.426560
0.725 0.504440
0.730 0.571990
0.735 0.626100
0.740 0.667270
0.745 0.696720
0.750 0.716530
0.755 0.729460
0.760 0.737290
0.765 0.742390
0.770 0.745550
0.775 0.747820
0.780 0.749620
0.785 0.751250
0.790 0.752750
0.795 0.754460
0.800 0.755920
0.805 0.757620
0.810 0.759000
0.815 0.760650
0.820 0.761940
0.825 0.763320
0.830 0.764310
0.835 0.765610
0.840 0.767000
0.845 0.768670
0.850 0.770310
0.855 0.771850
0.860 0.773070
0.865 0.774240
0.870 0.775230
0.875 0.776080
0.880 0.776740
0.885 0.777230
0.890 0.777540
0.895 0.778000
0.900 0.778040
0.905 0.778690
0.910 0.778460
0.915 0.778160
0.920 0.777210
0.925 0.775460
0.930 0.772380
0.935 0.768630
0.940 0.763800
0.945 0.757710
0.950 0.748960
0.955 0.737600
0.960 0.728080
0.965 0.723570
0.970 0.722670
0.975 0.722980
0.980 0.724770
0.985 0.727850
0.990 0.731550
0.995 0.736230
1.000 0.740920
1.005 0.743380
1.010 0.748780
1.015 0.754140
1.020 0.758830
1.025 0.764760
1.030 0.770490
1.035 0.772540
1.040 0.777030
1.045 0.783730
1.050 0.784810
1.055 0.787420
1.060 0.788990
1.065 0.790220
1.070 0.793390
1.075 0.793060
1.080 0.793240
1.085 0.793170
1.090 0.792280
1.095 0.790560
1.100 0.788790
1.105 0.786100
1.110 0.783070
1.115 0.779110
1.120 0.774800
1.125 0.767840
1.130 0.757140
1.135 0.738500
1.140 0.714940
1.145 0.689140
1.150 0.667230
1.155 0.652500
1.160 0.644010
1.165 0.639180
1.170 0.637800
1.175 0.637220
1.180 0.636540
1.185 0.636120
1.190 0.635060
1.195 0.634910
1.200 0.636240
1.205 0.638010
1.210 0.641400
1.215 0.645460
1.220 0.649390
1.225 0.654210
1.230 0.658500
1.235 0.662720
1.240 0.666420
1.245 0.669050
1.250 0.671540
1.255 0.674020
1.260 0.674600
1.265 0.675210
1.270 0.674180
1.275 0.672920
1.280 0.669920
1.285 0.665630
1.290 0.661190
1.295 0.653320
1.300 0.644340
1.305 0.633460
1.310 0.620240
1.315 0.605230
1.320 0.587180
1.325 0.567570
1.330 0.546850
1.335 0.525740
1.340 0.504660
1.345 0.485820
1.350 0.467810
1.355 0.451100
1.360 0.433360
1.365 0.411500
1.370 0.384230
1.375 0.349550
1.380 0.305070
1.385 0.254820
1.390 0.204770
1.395 0.161150
1.400 0.127150
1.405 0.103040
1.410 0.087220
1.415 0.077804
1.420 0.072005
1.425 0.068241
1.430 0.066546
1.435 0.065778
1.440 0.065814
1.445 0.066211
1.450 0.066903
1.455 0.068273
1.460 0.070392
1.465 0.073418
1.470 0.077814
1.475 0.083205
1.480 0.088790
1.485 0.095895
1.490 0.103300
1.495 0.111120
1.500 0.119450
1.505 0.128210
1.510 0.136930
1.515 0.146450
1.520 0.155570
1.525 0.165300
1.530 0.174510
1.535 0.184120
1.540 0.193290
1.545 0.202690
1.550 0.211470
1.555 0.220480
1.560 0.228970
1.565 0.237270
1.570 0.245320
1.575 0.253250
1.580 0.260690
1.585 0.267890
1.590 0.275110
1.595 0.281650
1.600 0.288080
1.605 0.294640
1.610 0.299960
1.615 0.305640
1.620 0.310950
1.625 0.315650
1.630 0.320300
1.635 0.324140
1.640 0.327870
1.645 0.330690
1.650 0.333420
1.655 0.335370
1.660 0.336510
1.665 0.337340
1.670 0.336790
1.675 0.336000
1.680 0.333340
1.685 0.330550
1.690 0.327390
1.695 0.323490
1.700 0.319270
1.705 0.314400
1.710 0.309680
1.715 0.304130
1.720 0.298570
1.725 0.293010
1.730 0.287380
1.735 0.282730
1.740 0.277360
1.745 0.271670
1.750 0.265310
1.755 0.258490
1.760 0.251690
1.765 0.245630
1.770 0.240550
1.775 0.235880
1.780 0.232630
1.785 0.229980
1.790 0.228150
1.795 0.227300
1.800 0.226910
1.805 0.226540
1.810 0.226300
1.815 0.226000
1.820 0.225020
1.825 0.223100
1.830 0.219890
1.835 0.215040
1.840 0.208090
1.845 0.198150
1.850 0.184670
1.855 0.167220
1.860 0.146040
1.865 0.121770
1.870 0.095438
1.875 0.070518
1.880 0.049861
1.885 0.034877
1.890 0.025330
1.895 0.019910
1.900 0.017358
1.905 0.016184
1.910 0.015701
1.915 0.015599
1.920 0.015495
1.925 0.015424
1.930 0.015464
1.935 0.015417
1.940 0.015674
1.945 0.015878
1.950 0.016128
1.955 0.016344
1.960 0.016870
1.965 0.017348
1.970 0.017925
1.975 0.018529
1.980 0.019406
1.985 0.020281
1.990 0.021332
1.995 0.022449
2.000 0.023773
2.005 0.025130
2.010 0.026580
2.015 0.028136
2.020 0.029791
2.025 0.031490
2.030 0.033215
2.035 0.035064
2.040 0.036779
2.045 0.038745
2.050 0.040607
2.055 0.042597
2.060 0.044583
2.065 0.046674
2.070 0.048890
2.075 0.051170
2.080 0.053472
2.085 0.055800
2.090 0.058260
2.095 0.060799
2.100 0.063163
2.105 0.065644
2.110 0.068161
2.115 0.070627
2.120 0.073018
2.125 0.075395
2.130 0.077720
2.135 0.079944
2.140 0.082012
2.145 0.084093
2.150 0.085875
2.155 0.087710
2.160 0.089373
2.165 0.090818
2.170 0.092367
2.175 0.093776
2.180 0.095119
2.185 0.096423
2.190 0.097340
2.195 0.098475
2.200 0.099110
2.205 0.099811
2.210 0.099930
2.215 0.099681
2.220 0.099501
2.225 0.098774
2.230 0.097447
2.235 0.096041
2.240 0.093771
2.245 0.091644
2.250 0.089275
2.255 0.086462
2.260 0.083536
2.265 0.080632
2.270 0.077686
2.275 0.075046
2.280 0.072393
2.285 0.069837
2.290 0.067060
2.295 0.064612
2.300 0.061938
2.305 0.059418
2.310 0.057006
2.315 0.055642
2.320 0.054236
2.325 0.052483
2.330 0.050711
2.335 0.048516
2.340 0.046279
2.345 0.044264
2.350 0.042846
2.355 0.041269
2.360 0.039810
2.365 0.037881
2.370 0.036357
2.375 0.035219
2.380 0.033729
2.385 0.032240
2.390 0.030835
2.395 0.030143
2.400 0.028528
2.405 0.027433
2.410 0.026129
2.415 0.025499
2.420 0.024268
2.425 0.023129
2.430 0.022100
2.435 0.021822
2.440 0.020887
2.445 0.020308
2.450 0.019413
2.455 0.019690
2.460 0.019173
2.465 0.018148
2.470 0.016868
2.475 0.017658
2.480 0.019172
2.485 0.017396
2.490 0.018123
2.495 0.018199
2.500 0.021834
