0.350 0.012941
0.355 0.014235
0.360 0.015529
0.365 0.016823
0.370 0.018117
0.375 0.019412
0.380 0.020706
0.385 0.022000
0.390 0.023294
0.395 0.024588
0.400 0.025882
0.405 0.027179
0.410 0.028319
0.415 0.029664
0.420 0.030169
0.425 0.030591
0.430 0.030964
0.435 0.031465
0.440 0.031703
0.445 0.034628
0.450 0.035857
0.455 0.036264
0.460 0.036277
0.465 0.036394
0.470 0.036271
0.475 0.036659
0.480 0.036702
0.485 0.036874
0.490 0.037353
0.495 0.038813
0.500 0.041017
0.505 0.044611
0.510 0.051143
0.515 0.059033
0.520 0.070363
0.525 0.080727
0.530 0.088451
0.535 0.093072
0.540 0.094639
0.545 0.096373
0.550 0.096929
0.555 0.095548
0.560 0.093353
0.565 0.087182
0.570 0.079322
0.575 0.073425
0.580 0.068901
0.585 0.067656
0.590 0.064353
0.595 0.063392
0.600 0.062490
0.605 0.061272
0.610 0.058970
0.615 0.055882
0.620 0.053965
0.625 0.054258
0.630 0.053268
0.635 0.050927
0.640 0.048235
0.645 0.045535
0.650 0.043713
0.655 0.043036
0.660 0.041052
0.665 0.039230
0.670 0.038493
0.675 0.038384
0.680 0.039180
0.685 0.041786
0.690 0.054837
0.695 0.076541
0.700 0.111120
0.705 0.147520
0.710 0.188500
0.715 0.234160
0.720 0.287220
0.725 0.346270
0.730 0.410530
0.735 0.473810
0.740 0.531410
0.745 0.579490
0.750 0.617510
0.755 0.644310
0.760 0.661550
0.765 0.673480
0.770 0.680440
0.775 0.686220
0.780 0.688870
0.785 0.691680
0.790 0.693730
0.795 0.696300
0.800 0.698010
0.805 0.699590
0.810 0.700680
0.815 0.703000
0.820 0.704370
0.825 0.703330
0.830 0.702480
0.835 0.703820
0.840 0.706390
0.845 0.707810
0.850 0.707070
0.855 0.705240
0.860 0.703780
0.865 0.703620
0.870 0.703730
0.875 0.703200
0.880 0.702580
0.885 0.703190
0.890 0.705050
0.895 0.706250
0.900 0.705760
0.905 0.704830
0.910 0.704190
0.915 0.703270
0.920 0.701630
0.925 0.699540
0.930 0.697020
0.935 0.693520
0.940 0.688350
0.945 0.680930
0.950 0.672640
0.955 0.665420
0.960 0.660850
0.965 0.658350
0.970 0.657190
0.975 0.658680
0.980 0.659380
0.985 0.659020
0.990 0.660830
0.995 0.665250
1.000 0.668380
1.005 0.669710
1.010 0.673630
1.015 0.678090
1.020 0.680600
1.025 0.683660
1.030 0.688000
1.035 0.690340
1.040 0.693600
1.045 0.695330
1.050 0.695560
1.055 0.697750
1.060 0.698930
1.065 0.699320
1.070 0.698810
1.075 0.699370
1.080 0.699270
1.085 0.697850
1.090 0.698160
1.095 0.696940
1.100 0.693230
1.105 0.692720
1.110 0.690510
1.115 0.688370
1.120 0.684860
1.125 0.678140
1.130 0.667060
1.135 0.651280
1.140 0.632150
1.145 0.613360
1.150 0.599960
1.155 0.590970
1.160 0.584700
1.165 0.581020
1.170 0.577860
1.175 0.575460
1.180 0.573890
1.185 0.573530
1.190 0.572620
1.195 0.571430
1.200 0.571760
1.205 0.572040
1.210 0.573800
1.215 0.576900
1.220 0.578570
1.225 0.580270
1.230 0.582240
1.235 0.584910
1.240 0.587210
1.245 0.589480
1.250 0.591600
1.255 0.593140
1.260 0.593870
1.265 0.593860
1.270 0.593470
1.275 0.591770
1.280 0.590100
1.285 0.587080
1.290 0.583960
1.295 0.579230
1.300 0.572640
1.305 0.565400
1.310 0.555950
1.315 0.544730
1.320 0.532880
1.325 0.519600
1.330 0.506160
1.335 0.492750
1.340 0.479090
1.345 0.466500
1.350 0.457590
1.355 0.448660
1.360 0.437480
1.365 0.424810
1.370 0.408460
1.375 0.387000
1.380 0.355380
1.385 0.318550
1.390 0.280530
1.395 0.245450
1.400 0.215290
1.405 0.191140
1.410 0.177120
1.415 0.166380
1.420 0.158230
1.425 0.152610
1.430 0.148860
1.435 0.146200
1.440 0.142410
1.445 0.141460
1.450 0.141620
1.455 0.142560
1.460 0.144200
1.465 0.145370
1.470 0.149830
1.475 0.154700
1.480 0.159860
1.485 0.165720
1.490 0.172330
1.495 0.178470
1.500 0.184430
1.505 0.191270
1.510 0.198360
1.515 0.206870
1.520 0.214600
1.525 0.222950
1.530 0.230190
1.535 0.235840
1.540 0.242810
1.545 0.250870
1.550 0.257870
1.555 0.263630
1.560 0.269430
1.565 0.275610
1.570 0.281200
1.575 0.286510
1.580 0.292000
1.585 0.297640
1.590 0.302950
1.595 0.307730
1.600 0.311920
1.605 0.315910
1.610 0.320640
1.615 0.325220
1.620 0.328820
1.625 0.331470
1.630 0.334340
1.635 0.336790
1.640 0.338440
1.645 0.340980
1.650 0.343350
1.655 0.344930
1.660 0.346190
1.665 0.347060
1.670 0.346660
1.675 0.344710
1.680 0.342840
1.685 0.341390
1.690 0.340180
1.695 0.338880
1.700 0.337170
1.705 0.334700
1.710 0.331680
1.715 0.328210
1.720 0.324210
1.725 0.319890
1.730 0.315870
1.735 0.313650
1.740 0.311520
1.745 0.306310
1.750 0.301000
1.755 0.297160
1.760 0.293240
1.765 0.289290
1.770 0.286120
1.775 0.284730
1.780 0.284430
1.785 0.283590
1.790 0.282580
1.795 0.281900
1.800 0.281850
1.805 0.282160
1.810 0.282480
1.815 0.282720
1.820 0.282780
1.825 0.282270
1.830 0.280580
1.835 0.277330
1.840 0.271820
1.845 0.264350
1.850 0.254660
1.855 0.242180
1.860 0.225560
1.865 0.204530
1.870 0.178340
1.875 0.150360
1.880 0.123770
1.885 0.099912
1.890 0.080403
1.895 0.065508
1.900 0.056162
1.905 0.050089
1.910 0.045776
1.915 0.043118
1.920 0.042515
1.925 0.042630
1.930 0.042309
1.935 0.041793
1.940 0.041517
1.945 0.041798
1.950 0.043050
1.955 0.045336
1.960 0.048707
1.965 0.051737
1.970 0.053165
1.975 0.054584
1.980 0.057546
1.985 0.060548
1.990 0.062108
1.995 0.063812
2.000 0.067355
2.005 0.071643
2.010 0.075474
2.015 0.078611
2.020 0.080916
2.025 0.082962
2.030 0.085263
2.035 0.087781
2.040 0.090510
2.045 0.093807
2.050 0.098004
2.055 0.101990
2.060 0.104700
2.065 0.107140
2.070 0.110330
2.075 0.113680
2.080 0.116560
2.085 0.119360
2.090 0.122590
2.095 0.126220
2.100 0.130200
2.105 0.134090
2.110 0.137420
2.115 0.140120
2.120 0.142090
2.125 0.143510
2.130 0.144600
2.135 0.146460
2.140 0.149990
2.145 0.153120
2.150 0.153840
2.155 0.154290
2.160 0.156530
2.165 0.158730
2.170 0.158950
2.175 0.158760
2.180 0.159880
2.185 0.161810
2.190 0.163880
2.195 0.165300
2.200 0.165420
2.205 0.165540
2.210 0.166800
2.215 0.167910
2.220 0.167450
2.225 0.166250
2.230 0.165180
2.235 0.164330
2.240 0.163500
2.245 0.161440
2.250 0.157150
2.255 0.153830
2.260 0.154410
2.265 0.154760
2.270 0.150700
2.275 0.145480
2.280 0.142390
2.285 0.139780
2.290 0.135740
2.295 0.131410
2.300 0.128120
2.305 0.125850
2.310 0.124450
2.315 0.122880
2.320 0.120210
2.325 0.117290
2.330 0.114930
2.335 0.112690
2.340 0.110050
2.345 0.107310
2.350 0.104870
2.355 0.102990
2.360 0.101830
2.365 0.100530
2.370 0.098232
2.375 0.095418
2.380 0.092593
2.385 0.089854
2.390 0.087246
2.395 0.084743
2.400 0.082328
2.405 0.080020
2.410 0.077781
2.415 0.075589
2.420 0.073464
2.425 0.071402
2.430 0.069362
2.435 0.067312
2.440 0.065212
2.445 0.063020
2.450 0.060783
2.455 0.058548
2.460 0.056363
2.465 0.054319
2.470 0.052558
2.475 0.051004
2.480 0.049546
2.485 0.048151
2.490 0.046834
2.495 0.045672
2.500 0.044809
