0.350 0.017593
0.355 0.019352
0.360 0.021112
0.365 0.022871
0.370 0.024630
0.375 0.026390
0.380 0.028149
0.385 0.029908
0.390 0.031667
0.395 0.033427
0.400 0.035186
0.405 0.038892
0.410 0.033916
0.415 0.034174
0.420 0.033809
0.425 0.033604
0.430 0.033790
0.435 0.033136
0.440 0.034262
0.445 0.034850
0.450 0.034454
0.455 0.034871
0.460 0.034853
0.465 0.036007
0.470 0.034844
0.475 0.035017
0.480 0.035326
0.485 0.035768
0.490 0.036202
0.495 0.037006
0.500 0.039486
0.505 0.043279
0.510 0.049896
0.515 0.061177
0.520 0.077791
0.525 0.097952
0.530 0.116720
0.535 0.129670
0.540 0.136900
0.545 0.140940
0.550 0.144200
0.555 0.144810
0.560 0.140190
0.565 0.130080
0.570 0.116480
0.575 0.102660
0.580 0.092312
0.585 0.085203
0.590 0.080007
0.595 0.076933
0.600 0.074834
0.605 0.072644
0.610 0.068702
0.615 0.064050
0.620 0.060273
0.625 0.058155
0.630 0.057145
0.635 0.056053
0.640 0.052521
0.645 0.048253
0.650 0.044906
0.655 0.043343
0.660 0.041571
0.665 0.040050
0.670 0.039859
0.675 0.041166
0.680 0.043928
0.685 0.048460
0.690 0.058149
0.695 0.086907
0.700 0.144410
0.705 0.225780
0.710 0.317960
0.715 0.416230
0.720 0.515830
0.725 0.610140
0.730 0.692470
0.735 0.758480
0.740 0.808780
0.745 0.843610
0.750 0.866400
0.755 0.880490
0.760 0.888840
0.765 0.893430
0.770 0.895870
0.775 0.897550
0.780 0.899000
0.785 0.900090
0.790 0.901570
0.795 0.902740
0.800 0.903790
0.805 0.904850
0.810 0.906150
0.815 0.907680
0.820 0.908280
0.825 0.909490
0.830 0.910470
0.835 0.911350
0.840 0.911990
0.845 0.913210
0.850 0.914160
0.855 0.915150
0.860 0.915850
0.865 0.916670
0.870 0.917120
0.875 0.917750
0.880 0.918360
0.885 0.918460
0.890 0.918770
0.895 0.919010
0.900 0.919200
0.905 0.919450
0.910 0.919760
0.915 0.919840
0.920 0.919630
0.925 0.918850
0.930 0.917450
0.935 0.915620
0.940 0.913410
0.945 0.910680
0.950 0.906110
0.955 0.900440
0.960 0.895850
0.965 0.893310
0.970 0.893040
0.975 0.893450
0.980 0.894430
0.985 0.896400
0.990 0.898040
0.995 0.900660
1.000 0.903020
1.005 0.910650
1.010 0.911970
1.015 0.914580
1.020 0.917770
1.025 0.919880
1.030 0.922550
1.035 0.925090
1.040 0.926480
1.045 0.929100
1.050 0.929910
1.055 0.931810
1.060 0.932310
1.065 0.933750
1.070 0.935350
1.075 0.935690
1.080 0.937240
1.085 0.935280
1.090 0.934290
1.095 0.933240
1.100 0.933290
1.105 0.932610
1.110 0.929440
1.115 0.928370
1.120 0.924800
1.125 0.921760
1.130 0.916110
1.135 0.907620
1.140 0.895430
1.145 0.882140
1.150 0.870750
1.155 0.862080
1.160 0.858360
1.165 0.855770
1.170 0.855250
1.175 0.855270
1.180 0.854440
1.185 0.853320
1.190 0.853070
1.195 0.853440
1.200 0.854440
1.205 0.855460
1.210 0.857560
1.215 0.859200
1.220 0.861270
1.225 0.863480
1.230 0.865450
1.235 0.867290
1.240 0.868970
1.245 0.871210
1.250 0.872910
1.255 0.873170
1.260 0.874290
1.265 0.874170
1.270 0.874030
1.275 0.873580
1.280 0.872260
1.285 0.869300
1.290 0.866840
1.295 0.862690
1.300 0.857380
1.305 0.850730
1.310 0.843400
1.315 0.833510
1.320 0.822570
1.325 0.810480
1.330 0.796540
1.335 0.782910
1.340 0.769760
1.345 0.757320
1.350 0.744410
1.355 0.732100
1.360 0.718760
1.365 0.702520
1.370 0.678990
1.375 0.647310
1.380 0.602860
1.385 0.546800
1.390 0.484070
1.395 0.423150
1.400 0.369810
1.405 0.327790
1.410 0.297760
1.415 0.277910
1.420 0.264850
1.425 0.257010
1.430 0.252470
1.435 0.250300
1.440 0.250090
1.445 0.250890
1.450 0.252780
1.455 0.255560
1.460 0.260030
1.465 0.267190
1.470 0.276970
1.475 0.288260
1.480 0.300590
1.485 0.314420
1.490 0.328640
1.495 0.343030
1.500 0.358110
1.505 0.373060
1.510 0.388080
1.515 0.403060
1.520 0.418020
1.525 0.432170
1.530 0.446480
1.535 0.460010
1.540 0.473400
1.545 0.486170
1.550 0.498640
1.555 0.510330
1.560 0.521940
1.565 0.532690
1.570 0.542320
1.575 0.552020
1.580 0.561260
1.585 0.570140
1.590 0.578120
1.595 0.586270
1.600 0.593970
1.605 0.600730
1.610 0.607120
1.615 0.613670
1.620 0.619170
1.625 0.624100
1.630 0.629340
1.635 0.634060
1.640 0.637710
1.645 0.640790
1.650 0.643710
1.655 0.645990
1.660 0.646840
1.665 0.647490
1.670 0.648100
1.675 0.647470
1.680 0.645470
1.685 0.643550
1.690 0.640720
1.695 0.637820
1.700 0.634560
1.705 0.630260
1.710 0.626280
1.715 0.621360
1.720 0.617070
1.725 0.611130
1.730 0.605990
1.735 0.600130
1.740 0.593920
1.745 0.586550
1.750 0.578600
1.755 0.570250
1.760 0.562370
1.765 0.554750
1.770 0.548120
1.775 0.543030
1.780 0.538550
1.785 0.534870
1.790 0.532870
1.795 0.532550
1.800 0.531900
1.805 0.526240
1.810 0.526160
1.815 0.525450
1.820 0.523820
1.825 0.521670
1.830 0.517600
1.835 0.511310
1.840 0.501910
1.845 0.488420
1.850 0.469460
1.855 0.443750
1.860 0.410030
1.865 0.367610
1.870 0.316230
1.875 0.259920
1.880 0.205210
1.885 0.156610
1.890 0.117630
1.895 0.090171
1.900 0.073225
1.905 0.063614
1.910 0.058469
1.915 0.055952
1.920 0.054802
1.925 0.054637
1.930 0.055267
1.935 0.056578
1.940 0.058475
1.945 0.060938
1.950 0.063991
1.955 0.067273
1.960 0.071417
1.965 0.075719
1.970 0.080583
1.975 0.085846
1.980 0.091544
1.985 0.097562
1.990 0.103980
1.995 0.110570
2.000 0.117360
2.005 0.124360
2.010 0.131560
2.015 0.138660
2.020 0.145730
2.025 0.152740
2.030 0.159660
2.035 0.166310
2.040 0.172780
2.045 0.179140
2.050 0.185520
2.055 0.192060
2.060 0.198760
2.065 0.205630
2.070 0.212610
2.075 0.219500
2.080 0.226390
2.085 0.233210
2.090 0.239710
2.095 0.246200
2.100 0.252490
2.105 0.258700
2.110 0.264640
2.115 0.270460
2.120 0.275870
2.125 0.281010
2.130 0.285680
2.135 0.290180
2.140 0.294120
2.145 0.297840
2.150 0.301190
2.155 0.304370
2.160 0.307240
2.165 0.309870
2.170 0.312490
2.175 0.315260
2.180 0.317880
2.185 0.320380
2.190 0.323160
2.195 0.325400
2.200 0.326910
2.205 0.328180
2.210 0.328910
2.215 0.329080
2.220 0.328700
2.225 0.327560
2.230 0.325270
2.235 0.322040
2.240 0.318010
2.245 0.313250
2.250 0.307940
2.255 0.302220
2.260 0.296100
2.265 0.289990
2.270 0.284430
2.275 0.279020
2.280 0.274150
2.285 0.268900
2.290 0.263710
2.295 0.257820
2.300 0.251840
2.305 0.246340
2.310 0.241020
2.315 0.236530
2.320 0.231460
2.325 0.226760
2.330 0.221520
2.335 0.216040
2.340 0.210110
2.345 0.204370
2.350 0.198980
2.355 0.194120
2.360 0.189220
2.365 0.184030
2.370 0.179000
2.375 0.173750
2.380 0.168440
2.385 0.163670
2.390 0.158660
2.395 0.153040
2.400 0.147820
2.405 0.142610
2.410 0.137340
2.415 0.132460
2.420 0.126730
2.425 0.122390
2.430 0.117390
2.435 0.112690
2.440 0.107560
2.445 0.102710
2.450 0.097547
2.455 0.093921
2.460 0.090692
2.465 0.085509
2.470 0.083534
2.475 0.079731
2.480 0.078498
2.485 0.073593
2.490 0.071871
2.495 0.068895
2.500 0.067560
