0.350 0.029722
0.355 0.032694
0.360 0.035666
0.365 0.038639
0.370 0.041611
0.375 0.044583
0.380 0.047555
0.385 0.050527
0.390 0.053500
0.395 0.056472
0.400 0.059444
0.405 0.057320
0.410 0.057860
0.415 0.059082
0.420 0.057235
0.425 0.059093
0.430 0.060181
0.435 0.060340
0.440 0.061199
0.445 0.061767
0.450 0.063153
0.455 0.063295
0.460 0.064125
0.465 0.064549
0.470 0.064909
0.475 0.064836
0.480 0.065385
0.485 0.065031
0.490 0.065893
0.495 0.067347
0.500 0.069487
0.505 0.073051
0.510 0.080231
0.515 0.091183
0.520 0.106540
0.525 0.125400
0.530 0.142320
0.535 0.154580
0.540 0.161320
0.545 0.165460
0.550 0.168560
0.555 0.169620
0.560 0.165720
0.565 0.157460
0.570 0.145780
0.575 0.133460
0.580 0.123850
0.585 0.116640
0.590 0.111380
0.595 0.108520
0.600 0.107070
0.605 0.105630
0.610 0.101740
0.615 0.096443
0.620 0.091798
0.625 0.089266
0.630 0.088551
0.635 0.087176
0.640 0.083683
0.645 0.079088
0.650 0.075620
0.655 0.073434
0.660 0.070839
0.665 0.068604
0.670 0.067634
0.675 0.068213
0.680 0.070069
0.685 0.073632
0.690 0.083456
0.695 0.111280
0.700 0.161430
0.705 0.228640
0.710 0.305180
0.715 0.389210
0.720 0.476640
0.725 0.561800
0.730 0.637730
0.735 0.699910
0.740 0.747410
0.745 0.781750
0.750 0.804600
0.755 0.819570
0.760 0.828770
0.765 0.834710
0.770 0.838200
0.775 0.840850
0.780 0.843090
0.785 0.845080
0.790 0.846620
0.795 0.848420
0.800 0.850060
0.805 0.851720
0.810 0.853310
0.815 0.855220
0.820 0.856670
0.825 0.858260
0.830 0.859600
0.835 0.860830
0.840 0.862480
0.845 0.864110
0.850 0.865580
0.855 0.866820
0.860 0.868790
0.865 0.869990
0.870 0.870940
0.875 0.872310
0.880 0.873200
0.885 0.873990
0.890 0.874940
0.895 0.875340
0.900 0.876110
0.905 0.876810
0.910 0.877090
0.915 0.877620
0.920 0.877650
0.925 0.876950
0.930 0.875670
0.935 0.873480
0.940 0.871120
0.945 0.867550
0.950 0.862410
0.955 0.855850
0.960 0.849960
0.965 0.846810
0.970 0.846390
0.975 0.846650
0.980 0.847830
0.985 0.850300
0.990 0.852520
0.995 0.855300
1.000 0.858930
1.005 0.848570
1.010 0.853230
1.015 0.856420
1.020 0.859860
1.025 0.864220
1.030 0.865130
1.035 0.872000
1.040 0.872580
1.045 0.876840
1.050 0.878840
1.055 0.880670
1.060 0.883240
1.065 0.885950
1.070 0.884940
1.075 0.885130
1.080 0.884240
1.085 0.885360
1.090 0.885100
1.095 0.883700
1.100 0.881780
1.105 0.879610
1.110 0.877850
1.115 0.877370
1.120 0.873290
1.125 0.868620
1.130 0.860710
1.135 0.849700
1.140 0.834710
1.145 0.818250
1.150 0.803870
1.155 0.794330
1.160 0.787480
1.165 0.783850
1.170 0.782990
1.175 0.782260
1.180 0.780850
1.185 0.780390
1.190 0.779890
1.195 0.780730
1.200 0.781930
1.205 0.783340
1.210 0.786080
1.215 0.788740
1.220 0.791840
1.225 0.795210
1.230 0.798120
1.235 0.801330
1.240 0.804560
1.245 0.806690
1.250 0.808150
1.255 0.809680
1.260 0.811560
1.265 0.811980
1.270 0.811370
1.275 0.810610
1.280 0.809290
1.285 0.807230
1.290 0.804510
1.295 0.799210
1.300 0.793210
1.305 0.785480
1.310 0.776060
1.315 0.765000
1.320 0.752910
1.325 0.738810
1.330 0.724010
1.335 0.708590
1.340 0.693770
1.345 0.679470
1.350 0.666900
1.355 0.653580
1.360 0.639990
1.365 0.623870
1.370 0.601160
1.375 0.570590
1.380 0.530480
1.385 0.480190
1.390 0.426190
1.395 0.373970
1.400 0.329300
1.405 0.294600
1.410 0.268710
1.415 0.252320
1.420 0.241250
1.425 0.234360
1.430 0.230390
1.435 0.228680
1.440 0.228030
1.445 0.228830
1.450 0.230030
1.455 0.231590
1.460 0.235160
1.465 0.240340
1.470 0.247110
1.475 0.255830
1.480 0.265280
1.485 0.275930
1.490 0.286840
1.495 0.298050
1.500 0.309360
1.505 0.320960
1.510 0.332810
1.515 0.344820
1.520 0.356130
1.525 0.367390
1.530 0.378390
1.535 0.389460
1.540 0.400110
1.545 0.409790
1.550 0.419790
1.555 0.429350
1.560 0.438170
1.565 0.446570
1.570 0.454520
1.575 0.462690
1.580 0.470130
1.585 0.477290
1.590 0.484430
1.595 0.491470
1.600 0.497660
1.605 0.503870
1.610 0.508900
1.615 0.513680
1.620 0.518510
1.625 0.522800
1.630 0.527260
1.635 0.531410
1.640 0.534750
1.645 0.537810
1.650 0.539680
1.655 0.540130
1.660 0.540400
1.665 0.539630
1.670 0.538030
1.675 0.536930
1.680 0.534900
1.685 0.531860
1.690 0.528060
1.695 0.524670
1.700 0.521020
1.705 0.516890
1.710 0.513040
1.715 0.508890
1.720 0.503820
1.725 0.498910
1.730 0.494650
1.735 0.489810
1.740 0.485240
1.745 0.479670
1.750 0.473770
1.755 0.466870
1.760 0.460880
1.765 0.454670
1.770 0.449670
1.775 0.445350
1.780 0.442280
1.785 0.439890
1.790 0.438760
1.795 0.438390
1.800 0.438380
1.805 0.453410
1.810 0.453650
1.815 0.453720
1.820 0.452850
1.825 0.451080
1.830 0.448500
1.835 0.443650
1.840 0.436370
1.845 0.425480
1.850 0.409930
1.855 0.388930
1.860 0.361490
1.865 0.327690
1.870 0.286800
1.875 0.242120
1.880 0.198940
1.885 0.160140
1.890 0.128420
1.895 0.105480
1.900 0.090922
1.905 0.082194
1.910 0.077358
1.915 0.074835
1.920 0.073700
1.925 0.073427
1.930 0.073957
1.935 0.075085
1.940 0.076713
1.945 0.078889
1.950 0.081439
1.955 0.084391
1.960 0.087680
1.965 0.091329
1.970 0.095351
1.975 0.099611
1.980 0.104220
1.985 0.109020
1.990 0.114180
1.995 0.119360
2.000 0.124670
2.005 0.130120
2.010 0.135450
2.015 0.140720
2.020 0.146040
2.025 0.151050
2.030 0.155890
2.035 0.160610
2.040 0.165150
2.045 0.169500
2.050 0.173810
2.055 0.178230
2.060 0.182860
2.065 0.187600
2.070 0.192110
2.075 0.196690
2.080 0.201340
2.085 0.205790
2.090 0.210260
2.095 0.214390
2.100 0.218740
2.105 0.222750
2.110 0.226850
2.115 0.230630
2.120 0.234470
2.125 0.238110
2.130 0.241450
2.135 0.244590
2.140 0.247540
2.145 0.249990
2.150 0.252760
2.155 0.255290
2.160 0.257760
2.165 0.260100
2.170 0.262640
2.175 0.264960
2.180 0.267330
2.185 0.270000
2.190 0.272080
2.195 0.274200
2.200 0.275870
2.205 0.277110
2.210 0.277760
2.215 0.278350
2.220 0.277950
2.225 0.277200
2.230 0.275660
2.235 0.273300
2.240 0.270300
2.245 0.266450
2.250 0.261900
2.255 0.256650
2.260 0.251120
2.265 0.245560
2.270 0.240400
2.275 0.235690
2.280 0.230950
2.285 0.226460
2.290 0.222110
2.295 0.217960
2.300 0.213620
2.305 0.209550
2.310 0.206420
2.315 0.203810
2.320 0.201470
2.325 0.198510
2.330 0.195130
2.335 0.190860
2.340 0.186670
2.345 0.182680
2.350 0.179300
2.355 0.175950
2.360 0.172500
2.365 0.169230
2.370 0.165650
2.375 0.161450
2.380 0.158640
2.385 0.154380
2.390 0.150570
2.395 0.146610
2.400 0.143030
2.405 0.139910
2.410 0.136010
2.415 0.132250
2.420 0.128240
2.425 0.123520
2.430 0.120620
2.435 0.116760
2.440 0.113280
2.445 0.109900
2.450 0.106650
2.455 0.103140
2.460 0.098958
2.465 0.096386
2.470 0.092843
2.475 0.090557
2.480 0.090977
2.485 0.090014
2.490 0.088255
2.495 0.085161
2.500 0.086860
