0.350 0.066800
0.355 0.067812
0.360 0.068800
0.365 0.069803
0.370 0.070900
0.375 0.072158
0.380 0.073200
0.385 0.074560
0.390 0.075800
0.395 0.077057
0.400 0.078100
0.405 0.079207
0.410 0.080100
0.415 0.081053
0.420 0.082100
0.425 0.083093
0.430 0.084300
0.435 0.085354
0.440 0.086500
0.445 0.087361
0.450 0.088100
0.455 0.088840
0.460 0.089700
0.465 0.090398
0.470 0.091000
0.475 0.091650
0.480 0.092300
0.485 0.092844
0.490 0.093700
0.495 0.094997
0.500 0.096700
0.505 0.098161
0.510 0.099500
0.515 0.100740
0.520 0.102100
0.525 0.103500
0.530 0.104900
0.535 0.106400
0.540 0.107900
0.545 0.109560
0.550 0.111400
0.555 0.113410
0.560 0.115700
0.565 0.118100
0.570 0.120800
0.575 0.123610
0.580 0.126300
0.585 0.128910
0.590 0.131200
0.595 0.133160
0.600 0.134800
0.605 0.136010
0.610 0.137000
0.615 0.137700
0.620 0.138300
0.625 0.138800
0.630 0.139400
0.635 0.139800
0.640 0.140100
0.645 0.140250
0.650 0.140500
0.655 0.140860
0.660 0.141000
0.665 0.141260
0.670 0.141500
0.675 0.142000
0.680 0.142500
0.685 0.143540
0.690 0.145300
0.695 0.147650
0.700 0.150000
0.705 0.152120
0.710 0.153800
0.715 0.155160
0.720 0.156200
0.725 0.157160
0.730 0.157900
0.735 0.158490
0.740 0.159100
0.745 0.159550
0.750 0.159900
0.755 0.160250
0.760 0.160500
0.765 0.160740
0.770 0.161000
0.775 0.161150
0.780 0.161400
0.785 0.161510
0.790 0.161600
0.795 0.161690
0.800 0.161900
0.805 0.162060
0.810 0.162130
0.815 0.162160
0.820 0.162200
0.825 0.162280
0.830 0.162390
0.835 0.162530
0.840 0.162700
0.845 0.162880
0.850 0.163060
0.855 0.163240
0.860 0.163400
0.865 0.163530
0.870 0.163650
0.875 0.163770
0.880 0.163900
0.885 0.164060
0.890 0.164260
0.895 0.164470
0.900 0.164700
0.905 0.164950
0.910 0.165200
0.915 0.165450
0.920 0.165700
0.925 0.165940
0.930 0.166180
0.935 0.166430
0.940 0.166700
0.945 0.167010
0.950 0.167340
0.955 0.167670
0.960 0.168000
0.965 0.168310
0.970 0.168610
0.975 0.168900
0.980 0.169200
0.985 0.169510
0.990 0.169830
0.995 0.170130
1.000 0.170400
1.005 0.170620
1.010 0.170810
1.015 0.170970
1.020 0.171100
1.025 0.171220
1.030 0.171340
1.035 0.171460
1.040 0.171600
1.045 0.171750
1.050 0.171920
1.055 0.172070
1.060 0.172200
1.065 0.172290
1.070 0.172360
1.075 0.172430
1.080 0.172500
1.085 0.172590
1.090 0.172700
1.095 0.172800
1.100 0.172900
1.105 0.172980
1.110 0.173050
1.115 0.173120
1.120 0.173200
1.125 0.173290
1.130 0.173400
1.135 0.173500
1.140 0.173600
1.145 0.173690
1.150 0.173770
1.155 0.173870
1.160 0.174000
1.165 0.174170
1.170 0.174350
1.175 0.174510
1.180 0.174600
1.185 0.174600
1.190 0.174550
1.195 0.174500
1.200 0.174500
1.205 0.174580
1.210 0.174720
1.215 0.174870
1.220 0.175000
1.225 0.175080
1.230 0.175120
1.235 0.175150
1.240 0.175200
1.245 0.175280
1.250 0.175380
1.255 0.175490
1.260 0.175600
1.265 0.175690
1.270 0.175770
1.275 0.175840
1.280 0.175900
1.285 0.175950
1.290 0.176000
1.295 0.176050
1.300 0.176100
1.305 0.176170
1.310 0.176240
1.315 0.176320
1.320 0.176400
1.325 0.176480
1.330 0.176540
1.335 0.176590
1.340 0.176600
1.345 0.176580
1.350 0.176540
1.355 0.176500
1.360 0.176500
1.365 0.176540
1.370 0.176590
1.375 0.176590
1.380 0.176500
1.385 0.176270
1.390 0.175940
1.395 0.175570
1.400 0.175200
1.405 0.174880
1.410 0.174630
1.415 0.174460
1.420 0.174400
1.425 0.174450
1.430 0.174580
1.435 0.174750
1.440 0.174900
1.445 0.175010
1.450 0.175100
1.455 0.175190
1.460 0.175300
1.465 0.175460
1.470 0.175650
1.475 0.175870
1.480 0.176100
1.485 0.176330
1.490 0.176560
1.495 0.176790
1.500 0.177000
1.505 0.177200
1.510 0.177390
1.515 0.177590
1.520 0.177800
1.525 0.178030
1.530 0.178270
1.535 0.178500
1.540 0.178700
1.545 0.178860
1.550 0.179000
1.555 0.179140
1.560 0.179300
1.565 0.179490
1.570 0.179700
1.575 0.179910
1.580 0.180100
1.585 0.180260
1.590 0.180390
1.595 0.180530
1.600 0.180700
1.605 0.180910
1.610 0.181140
1.615 0.181380
1.620 0.181600
1.625 0.181790
1.630 0.181960
1.635 0.182130
1.640 0.182300
1.645 0.182490
1.650 0.182680
1.655 0.182860
1.660 0.183000
1.665 0.183090
1.670 0.183130
1.675 0.183160
1.680 0.183200
1.685 0.183260
1.690 0.183330
1.695 0.183410
1.700 0.183500
1.705 0.183590
1.710 0.183670
1.715 0.183750
1.720 0.183800
1.725 0.183830
1.730 0.183840
1.735 0.183830
1.740 0.183800
1.745 0.183760
1.750 0.183710
1.755 0.183690
1.760 0.183700
1.765 0.183770
1.770 0.183870
1.775 0.183990
1.780 0.184100
1.785 0.184200
1.790 0.184270
1.795 0.184340
1.800 0.184400
1.805 0.184460
1.810 0.184520
1.815 0.184570
1.820 0.184600
1.825 0.184620
1.830 0.184620
1.835 0.184610
1.840 0.184600
1.845 0.184580
1.850 0.184550
1.855 0.184500
1.860 0.184400
1.865 0.184240
1.870 0.183920
1.875 0.183350
1.880 0.182400
1.885 0.181000
1.890 0.179230
1.895 0.177230
1.900 0.175100
1.905 0.172960
1.910 0.170940
1.915 0.169200
1.920 0.167900
1.925 0.167160
1.930 0.166900
1.935 0.166980
1.940 0.167300
1.945 0.167760
1.950 0.168310
1.955 0.168940
1.960 0.169600
1.965 0.170280
1.970 0.170970
1.975 0.171680
1.980 0.172400
1.985 0.173140
1.990 0.173880
1.995 0.174600
2.000 0.175300
2.005 0.175950
2.010 0.176540
2.015 0.177030
2.020 0.177400
2.025 0.177620
2.030 0.177720
2.035 0.177740
2.040 0.177700
2.045 0.177630
2.050 0.177560
2.055 0.177510
2.060 0.177500
2.065 0.177550
2.070 0.177660
2.075 0.177780
2.080 0.177900
2.085 0.178000
2.090 0.178110
2.095 0.178230
2.100 0.178400
2.105 0.178630
2.110 0.178900
2.115 0.179170
2.120 0.179400
2.125 0.179570
2.130 0.179650
2.135 0.179640
2.140 0.179500
2.145 0.179230
2.150 0.178870
2.155 0.178470
2.160 0.178100
2.165 0.177790
2.170 0.177540
2.175 0.177310
2.180 0.177100
2.185 0.176880
2.190 0.176670
2.195 0.176470
2.200 0.176300
2.205 0.176170
2.210 0.176070
2.215 0.175990
2.220 0.175900
2.225 0.175800
2.230 0.175650
2.235 0.175430
2.240 0.175100
2.245 0.174640
2.250 0.174130
2.255 0.173660
2.260 0.173330
2.265 0.173210
2.270 0.173280
2.275 0.173470
2.280 0.173730
2.285 0.174000
2.290 0.174130
2.295 0.173950
2.300 0.173250
2.305 0.171940
2.310 0.170290
2.315 0.168650
2.320 0.167390
2.325 0.166780
2.330 0.166610
2.335 0.166610
2.340 0.166500
2.345 0.166070
2.350 0.165460
2.355 0.164860
2.360 0.164480
2.365 0.164460
2.370 0.164680
2.375 0.164980
2.380 0.165200
2.385 0.165200
2.390 0.165000
2.395 0.164680
2.400 0.164270
2.405 0.163830
2.410 0.163320
2.415 0.162720
2.420 0.161970
2.425 0.161070
2.430 0.160060
2.435 0.159020
2.440 0.158020
2.445 0.157130
2.450 0.156320
2.455 0.155580
2.460 0.154890
2.465 0.154230
2.470 0.153580
2.475 0.152900
2.480 0.152170
2.485 0.151380
2.490 0.150640
2.495 0.150080
2.500 0.149830
