0.350 0.020548
0.355 0.022603
0.360 0.024658
0.365 0.026712
0.370 0.028767
0.375 0.030822
0.380 0.032877
0.385 0.034932
0.390 0.036986
0.395 0.039041
0.400 0.041096
0.405 0.046671
0.410 0.044524
0.415 0.043430
0.420 0.043520
0.425 0.044097
0.430 0.045466
0.435 0.046339
0.440 0.045967
0.445 0.046623
0.450 0.047379
0.455 0.048217
0.460 0.047874
0.465 0.048033
0.470 0.048216
0.475 0.048197
0.480 0.047915
0.485 0.048064
0.490 0.048529
0.495 0.049530
0.500 0.051162
0.505 0.055618
0.510 0.063074
0.515 0.075723
0.520 0.094850
0.525 0.118080
0.530 0.140730
0.535 0.157120
0.540 0.166990
0.545 0.172870
0.550 0.177210
0.555 0.178490
0.560 0.173750
0.565 0.162320
0.570 0.146060
0.575 0.129690
0.580 0.116620
0.585 0.107410
0.590 0.100660
0.595 0.096055
0.600 0.093800
0.605 0.093512
0.610 0.087661
0.615 0.080209
0.620 0.074907
0.625 0.072448
0.630 0.071177
0.635 0.069462
0.640 0.065158
0.645 0.059855
0.650 0.055671
0.655 0.053213
0.660 0.050693
0.665 0.048412
0.670 0.047601
0.675 0.048484
0.680 0.050310
0.685 0.053604
0.690 0.061963
0.695 0.088656
0.700 0.143820
0.705 0.220510
0.710 0.305710
0.715 0.398010
0.720 0.494170
0.725 0.587670
0.730 0.671150
0.735 0.738920
0.740 0.790270
0.745 0.826350
0.750 0.850170
0.755 0.864980
0.760 0.873900
0.765 0.879310
0.770 0.882250
0.775 0.883990
0.780 0.885190
0.785 0.886300
0.790 0.887270
0.795 0.888130
0.800 0.889280
0.805 0.890130
0.810 0.890920
0.815 0.892200
0.820 0.893200
0.825 0.894780
0.830 0.896180
0.835 0.897460
0.840 0.898910
0.845 0.900440
0.850 0.901720
0.855 0.902920
0.860 0.904100
0.865 0.905240
0.870 0.906160
0.875 0.906940
0.880 0.907550
0.885 0.908390
0.890 0.908670
0.895 0.908940
0.900 0.909530
0.905 0.910070
0.910 0.910410
0.915 0.910810
0.920 0.911160
0.925 0.911110
0.930 0.910580
0.935 0.909800
0.940 0.909130
0.945 0.907940
0.950 0.905950
0.955 0.902750
0.960 0.900890
0.965 0.899310
0.970 0.899720
0.975 0.899880
0.980 0.900680
0.985 0.901890
0.990 0.903180
0.995 0.904870
1.000 0.906240
1.005 0.901170
1.010 0.903810
1.015 0.905280
1.020 0.909380
1.025 0.910730
1.030 0.911870
1.035 0.912830
1.040 0.913870
1.045 0.915680
1.050 0.918490
1.055 0.917500
1.060 0.919280
1.065 0.918490
1.070 0.918660
1.075 0.917990
1.080 0.919730
1.085 0.920630
1.090 0.921070
1.095 0.919170
1.100 0.919740
1.105 0.918740
1.110 0.917180
1.115 0.917100
1.120 0.914760
1.125 0.912600
1.130 0.911620
1.135 0.906260
1.140 0.899740
1.145 0.892580
1.150 0.887430
1.155 0.883380
1.160 0.880450
1.165 0.879280
1.170 0.878630
1.175 0.879600
1.180 0.878920
1.185 0.879200
1.190 0.879380
1.195 0.878850
1.200 0.878990
1.205 0.880840
1.210 0.882270
1.215 0.882780
1.220 0.884030
1.225 0.885660
1.230 0.887170
1.235 0.887950
1.240 0.889270
1.245 0.891190
1.250 0.892310
1.255 0.892570
1.260 0.893510
1.265 0.893330
1.270 0.893990
1.275 0.893960
1.280 0.893180
1.285 0.891340
1.290 0.889950
1.295 0.887930
1.300 0.884450
1.305 0.881020
1.310 0.875900
1.315 0.870660
1.320 0.863370
1.325 0.855560
1.330 0.847010
1.335 0.839080
1.340 0.829740
1.345 0.821720
1.350 0.813590
1.355 0.806250
1.360 0.796550
1.365 0.785500
1.370 0.769680
1.375 0.746620
1.380 0.711640
1.385 0.665220
1.390 0.610800
1.395 0.552900
1.400 0.498560
1.405 0.453850
1.410 0.419620
1.415 0.395750
1.420 0.380730
1.425 0.370950
1.430 0.366030
1.435 0.363750
1.440 0.363960
1.445 0.365360
1.450 0.367540
1.455 0.371190
1.460 0.376480
1.465 0.385030
1.470 0.396540
1.475 0.409460
1.480 0.423340
1.485 0.438410
1.490 0.454310
1.495 0.469860
1.500 0.485790
1.505 0.501440
1.510 0.516200
1.515 0.531630
1.520 0.545780
1.525 0.559790
1.530 0.572900
1.535 0.585220
1.540 0.596530
1.545 0.608270
1.550 0.618820
1.555 0.628910
1.560 0.638860
1.565 0.646940
1.570 0.655770
1.575 0.663580
1.580 0.671250
1.585 0.678300
1.590 0.685640
1.595 0.692480
1.600 0.698470
1.605 0.704470
1.610 0.710450
1.615 0.716400
1.620 0.721030
1.625 0.725720
1.630 0.728530
1.635 0.732930
1.640 0.736030
1.645 0.738740
1.650 0.740470
1.655 0.741400
1.660 0.742650
1.665 0.743360
1.670 0.743710
1.675 0.742860
1.680 0.741940
1.685 0.739520
1.690 0.736640
1.695 0.734140
1.700 0.730900
1.705 0.727980
1.710 0.724860
1.715 0.721810
1.720 0.717930
1.725 0.712990
1.730 0.708660
1.735 0.705310
1.740 0.700320
1.745 0.694160
1.750 0.688280
1.755 0.681170
1.760 0.674840
1.765 0.668380
1.770 0.663370
1.775 0.658020
1.780 0.654880
1.785 0.652460
1.790 0.650660
1.795 0.649890
1.800 0.650130
1.805 0.659510
1.810 0.659310
1.815 0.658600
1.820 0.656950
1.825 0.655030
1.830 0.651620
1.835 0.646060
1.840 0.637810
1.845 0.625730
1.850 0.608260
1.855 0.583450
1.860 0.549730
1.865 0.505370
1.870 0.447880
1.875 0.381270
1.880 0.312230
1.885 0.245730
1.890 0.188030
1.895 0.143940
1.900 0.115020
1.905 0.097391
1.910 0.087737
1.915 0.082590
1.920 0.080590
1.925 0.080466
1.930 0.082048
1.935 0.084714
1.940 0.089058
1.945 0.094054
1.950 0.099906
1.955 0.106790
1.960 0.114250
1.965 0.122450
1.970 0.131080
1.975 0.140570
1.980 0.150220
1.985 0.160660
1.990 0.171240
1.995 0.182070
2.000 0.193110
2.005 0.203870
2.010 0.214510
2.015 0.225210
2.020 0.235410
2.025 0.245140
2.030 0.254280
2.035 0.263090
2.040 0.271370
2.045 0.279370
2.050 0.287000
2.055 0.294750
2.060 0.302470
2.065 0.310150
2.070 0.317920
2.075 0.325550
2.080 0.333160
2.085 0.340450
2.090 0.347790
2.095 0.354690
2.100 0.361700
2.105 0.368310
2.110 0.374770
2.115 0.380990
2.120 0.387270
2.125 0.392990
2.130 0.398650
2.135 0.403960
2.140 0.408770
2.145 0.413410
2.150 0.417780
2.155 0.421960
2.160 0.425760
2.165 0.429210
2.170 0.433040
2.175 0.436350
2.180 0.439680
2.185 0.443370
2.190 0.446560
2.195 0.449250
2.200 0.451520
2.205 0.453390
2.210 0.454480
2.215 0.455270
2.220 0.455050
2.225 0.453770
2.230 0.451330
2.235 0.447390
2.240 0.442400
2.245 0.435920
2.250 0.428870
2.255 0.421560
2.260 0.413910
2.265 0.405620
2.270 0.398380
2.275 0.391740
2.280 0.385360
2.285 0.380300
2.290 0.374830
2.295 0.368140
2.300 0.360910
2.305 0.353170
2.310 0.346150
2.315 0.340100
2.320 0.334720
2.325 0.329230
2.330 0.322990
2.335 0.316260
2.340 0.309200
2.345 0.302870
2.350 0.296640
2.355 0.291200
2.360 0.284940
2.365 0.278900
2.370 0.272670
2.375 0.265270
2.380 0.259180
2.385 0.251930
2.390 0.245460
2.395 0.237760
2.400 0.230430
2.405 0.223410
2.410 0.216500
2.415 0.209150
2.420 0.201840
2.425 0.193010
2.430 0.186190
2.435 0.178320
2.440 0.171380
2.445 0.162730
2.450 0.153950
2.455 0.150410
2.460 0.142500
2.465 0.136180
2.470 0.130310
2.475 0.123910
2.480 0.118820
2.485 0.115900
2.490 0.109710
2.495 0.109710
2.500 0.110620
