0.350 0.034082
0.355 0.037490
0.360 0.040898
0.365 0.044307
0.370 0.047715
0.375 0.051123
0.380 0.054531
0.385 0.057939
0.390 0.061348
0.395 0.064756
0.400 0.068164
0.405 0.068506
0.410 0.071754
0.415 0.074333
0.420 0.074097
0.425 0.074997
0.430 0.076179
0.435 0.074130
0.440 0.080106
0.445 0.079472
0.450 0.079232
0.455 0.078833
0.460 0.081299
0.465 0.081966
0.470 0.080192
0.475 0.081455
0.480 0.080128
0.485 0.081259
0.490 0.079712
0.495 0.080320
0.500 0.081280
0.505 0.078734
0.510 0.081088
0.515 0.079342
0.520 0.078477
0.525 0.080898
0.530 0.077700
0.535 0.081695
0.540 0.076844
0.545 0.078999
0.550 0.077554
0.555 0.080800
0.560 0.079104
0.565 0.080843
0.570 0.080681
0.575 0.078842
0.580 0.077045
0.585 0.078220
0.590 0.078838
0.595 0.078064
0.600 0.076794
0.605 0.080152
0.610 0.078454
0.615 0.078532
0.620 0.080816
0.625 0.078326
0.630 0.077353
0.635 0.078454
0.640 0.078250
0.645 0.078403
0.650 0.080152
0.655 0.080681
0.660 0.080708
0.665 0.077178
0.670 0.080493
0.675 0.077571
0.680 0.080986
0.685 0.079577
0.690 0.079451
0.695 0.080747
0.700 0.079610
0.705 0.082258
0.710 0.082159
0.715 0.080601
0.720 0.078843
0.725 0.078611
0.730 0.080525
0.735 0.079486
0.740 0.079462
0.745 0.080106
0.750 0.081939
0.755 0.081172
0.760 0.083359
0.765 0.078774
0.770 0.080783
0.775 0.082341
0.780 0.080005
0.785 0.080878
0.790 0.080830
0.795 0.078813
0.800 0.081493
0.805 0.083670
0.810 0.083057
0.815 0.079812
0.820 0.081631
0.825 0.080360
0.830 0.080550
0.835 0.080968
0.840 0.080366
0.845 0.081079
0.850 0.081295
0.855 0.081418
0.860 0.081260
0.865 0.081255
0.870 0.080883
0.875 0.080314
0.880 0.081384
0.885 0.081663
0.890 0.081079
0.895 0.081816
0.900 0.081257
0.905 0.082924
0.910 0.080592
0.915 0.083287
0.920 0.083213
0.925 0.082056
0.930 0.084153
0.935 0.081113
0.940 0.082573
0.945 0.082368
0.950 0.080959
0.955 0.079229
0.960 0.082964
0.965 0.081519
0.970 0.083154
0.975 0.082710
0.980 0.081143
0.985 0.080326
0.990 0.081766
0.995 0.081161
1.000 0.080983
1.005 0.083088
1.010 0.082098
1.015 0.079141
1.020 0.081709
1.025 0.081901
1.030 0.081209
1.035 0.080718
1.040 0.080784
1.045 0.081143
1.050 0.081654
1.055 0.080038
1.060 0.080508
1.065 0.081879
1.070 0.080584
1.075 0.079998
1.080 0.081035
1.085 0.079567
1.090 0.082020
1.095 0.080295
1.100 0.081177
1.105 0.079477
1.110 0.082515
1.115 0.082141
1.120 0.080058
1.125 0.079273
1.130 0.081378
1.135 0.082321
1.140 0.079735
1.145 0.081411
1.150 0.081650
1.155 0.081851
1.160 0.081436
1.165 0.081354
1.170 0.080454
1.175 0.081638
1.180 0.081817
1.185 0.080261
1.190 0.080895
1.195 0.079362
1.200 0.079652
1.205 0.080180
1.210 0.080697
1.215 0.081409
1.220 0.079235
1.225 0.081934
1.230 0.080008
1.235 0.081989
1.240 0.079858
1.245 0.080278
1.250 0.080037
1.255 0.080947
1.260 0.079232
1.265 0.080550
1.270 0.082185
1.275 0.080426
1.280 0.081784
1.285 0.081054
1.290 0.080719
1.295 0.080047
1.300 0.081920
1.305 0.080751
1.310 0.081533
1.315 0.081614
1.320 0.080938
1.325 0.081166
1.330 0.081504
1.335 0.080732
1.340 0.081691
1.345 0.080409
1.350 0.081205
1.355 0.081449
1.360 0.081330
1.365 0.080785
1.370 0.081690
1.375 0.082103
1.380 0.082685
1.385 0.081332
1.390 0.081340
1.395 0.080871
1.400 0.081313
1.405 0.082310
1.410 0.081331
1.415 0.082085
1.420 0.081720
1.425 0.081379
1.430 0.081675
1.435 0.083663
1.440 0.081831
1.445 0.081941
1.450 0.081658
1.455 0.082594
1.460 0.081529
1.465 0.081237
1.470 0.082023
1.475 0.082623
1.480 0.082787
1.485 0.082275
1.490 0.082675
1.495 0.081712
1.500 0.081684
1.505 0.082405
1.510 0.082907
1.515 0.082805
1.520 0.083042
1.525 0.082873
1.530 0.082655
1.535 0.084027
1.540 0.081813
1.545 0.083161
1.550 0.082791
1.555 0.082626
1.560 0.083069
1.565 0.082637
1.570 0.082859
1.575 0.082541
1.580 0.081673
1.585 0.081987
1.590 0.082455
1.595 0.083335
1.600 0.082758
1.605 0.082271
1.610 0.083108
1.615 0.082092
1.620 0.083567
1.625 0.081927
1.630 0.082950
1.635 0.084266
1.640 0.083007
1.645 0.083560
1.650 0.081626
1.655 0.082812
1.660 0.083007
1.665 0.084475
1.670 0.083448
1.675 0.084366
1.680 0.082863
1.685 0.083039
1.690 0.084163
1.695 0.082601
1.700 0.082482
1.705 0.083675
1.710 0.081677
1.715 0.085143
1.720 0.082887
1.725 0.083385
1.730 0.084905
1.735 0.084854
1.740 0.083055
1.745 0.083386
1.750 0.083962
1.755 0.084240
1.760 0.082725
1.765 0.084966
1.770 0.084334
1.775 0.083612
1.780 0.083731
1.785 0.083330
1.790 0.083797
1.795 0.083118
1.800 0.085888
1.805 0.085227
1.810 0.084962
1.815 0.084038
1.820 0.083861
1.825 0.084008
1.830 0.084957
1.835 0.084690
1.840 0.085481
1.845 0.087233
1.850 0.084927
1.855 0.083557
1.860 0.084386
1.865 0.084053
1.870 0.083336
1.875 0.083688
1.880 0.083207
1.885 0.083841
1.890 0.083870
1.895 0.083245
1.900 0.083855
1.905 0.084927
1.910 0.084032
1.915 0.084653
1.920 0.083914
1.925 0.086342
1.930 0.083975
1.935 0.084505
1.940 0.084181
1.945 0.084313
1.950 0.083923
1.955 0.083094
1.960 0.083690
1.965 0.083880
1.970 0.085814
1.975 0.085078
1.980 0.085371
1.985 0.085719
1.990 0.085141
1.995 0.085129
2.000 0.085596
2.005 0.085766
2.010 0.085550
2.015 0.084753
2.020 0.085724
2.025 0.084758
2.030 0.084897
2.035 0.085990
2.040 0.085749
2.045 0.085810
2.050 0.085469
2.055 0.084821
2.060 0.084393
2.065 0.084142
2.070 0.084655
2.075 0.085498
2.080 0.084823
2.085 0.085020
2.090 0.084659
2.095 0.084298
2.100 0.085076
2.105 0.084495
2.110 0.084377
2.115 0.084379
2.120 0.083717
2.125 0.084348
2.130 0.083317
2.135 0.083170
2.140 0.083264
2.145 0.083341
2.150 0.083245
2.155 0.083983
2.160 0.082732
2.165 0.083150
2.170 0.083498
2.175 0.083121
2.180 0.082364
2.185 0.082526
2.190 0.082371
2.195 0.082325
2.200 0.081489
2.205 0.081869
2.210 0.081525
2.215 0.081333
2.220 0.080867
2.225 0.081799
2.230 0.081284
2.235 0.081087
2.240 0.081606
2.245 0.081077
2.250 0.081404
2.255 0.080787
2.260 0.081528
2.265 0.080764
2.270 0.080345
2.275 0.079812
2.280 0.079904
2.285 0.079918
2.290 0.079514
2.295 0.078769
2.300 0.079043
2.305 0.078590
2.310 0.078543
2.315 0.078989
2.320 0.079649
2.325 0.078862
2.330 0.079451
2.335 0.079193
2.340 0.079292
2.345 0.078721
2.350 0.078527
2.355 0.078830
2.360 0.078478
2.365 0.079181
2.370 0.078397
2.375 0.078395
2.380 0.078490
2.385 0.078330
2.390 0.078529
2.395 0.078645
2.400 0.078314
2.405 0.078970
2.410 0.078825
2.415 0.078571
2.420 0.077905
2.425 0.077835
2.430 0.078243
2.435 0.079026
2.440 0.078685
2.445 0.078639
2.450 0.078677
2.455 0.077577
2.460 0.077661
2.465 0.077906
2.470 0.078191
2.475 0.077924
2.480 0.077932
2.485 0.078705
2.490 0.079327
2.495 0.078275
2.500 0.078059
