0.350 0.022132
0.355 0.024345
0.360 0.026558
0.365 0.028771
0.370 0.030984
0.375 0.033197
0.380 0.035410
0.385 0.037624
0.390 0.039837
0.395 0.042050
0.400 0.044263
0.405 0.044110
0.410 0.044677
0.415 0.045626
0.420 0.047108
0.425 0.049144
0.430 0.051180
0.435 0.052996
0.440 0.054453
0.445 0.055580
0.450 0.056701
0.455 0.057634
0.460 0.058181
0.465 0.058299
0.470 0.058334
0.475 0.058280
0.480 0.058246
0.485 0.058366
0.490 0.058525
0.495 0.059342
0.500 0.061006
0.505 0.063985
0.510 0.068778
0.515 0.075958
0.520 0.085338
0.525 0.095724
0.530 0.104710
0.535 0.110850
0.540 0.114580
0.545 0.117170
0.550 0.119680
0.555 0.121280
0.560 0.120250
0.565 0.116210
0.570 0.109840
0.575 0.102680
0.580 0.096762
0.585 0.092464
0.590 0.089323
0.595 0.087027
0.600 0.085340
0.605 0.083445
0.610 0.080751
0.615 0.077535
0.620 0.074698
0.625 0.072963
0.630 0.072144
0.635 0.071461
0.640 0.069435
0.645 0.065847
0.650 0.062158
0.655 0.059444
0.660 0.056697
0.665 0.053434
0.670 0.051063
0.675 0.050140
0.680 0.050468
0.685 0.052961
0.690 0.060847
0.695 0.078917
0.700 0.109040
0.705 0.148680
0.710 0.194100
0.715 0.244030
0.720 0.298060
0.725 0.355090
0.730 0.411200
0.735 0.462150
0.740 0.505570
0.745 0.540640
0.750 0.567190
0.755 0.585960
0.760 0.598540
0.765 0.606820
0.770 0.612110
0.775 0.615740
0.780 0.618400
0.785 0.620330
0.790 0.621980
0.795 0.623430
0.800 0.624690
0.805 0.625830
0.810 0.626820
0.815 0.627780
0.820 0.628900
0.825 0.630060
0.830 0.631190
0.835 0.632110
0.840 0.633600
0.845 0.635490
0.850 0.637520
0.855 0.639430
0.860 0.641210
0.865 0.642810
0.870 0.644090
0.875 0.645500
0.880 0.646770
0.885 0.647850
0.890 0.648500
0.895 0.648840
0.900 0.649030
0.905 0.648980
0.910 0.648850
0.915 0.648560
0.920 0.648070
0.925 0.647000
0.930 0.644990
0.935 0.641790
0.940 0.637670
0.945 0.632590
0.950 0.625780
0.955 0.616150
0.960 0.603670
0.965 0.592630
0.970 0.586180
0.975 0.582490
0.980 0.580250
0.985 0.579880
0.990 0.580980
0.995 0.583520
1.000 0.587100
1.005 0.591940
1.010 0.597930
1.015 0.601660
1.020 0.607030
1.025 0.612760
1.030 0.618640
1.035 0.623740
1.040 0.628520
1.045 0.633210
1.050 0.637280
1.055 0.640670
1.060 0.643820
1.065 0.646010
1.070 0.648010
1.075 0.649090
1.080 0.649440
1.085 0.649110
1.090 0.647970
1.095 0.646110
1.100 0.643710
1.105 0.639940
1.110 0.636060
1.115 0.630890
1.120 0.623190
1.125 0.612990
1.130 0.598610
1.135 0.578780
1.140 0.555190
1.145 0.530280
1.150 0.506990
1.155 0.489360
1.160 0.477300
1.165 0.469420
1.170 0.464180
1.175 0.460410
1.180 0.456150
1.185 0.451620
1.190 0.448090
1.195 0.445610
1.200 0.444360
1.205 0.444600
1.210 0.446440
1.215 0.449760
1.220 0.454630
1.225 0.460730
1.230 0.466750
1.235 0.471980
1.240 0.476750
1.245 0.480990
1.250 0.484390
1.255 0.487110
1.260 0.489510
1.265 0.491010
1.270 0.491540
1.275 0.491420
1.280 0.490510
1.285 0.488490
1.290 0.485220
1.295 0.480770
1.300 0.474870
1.305 0.467140
1.310 0.457740
1.315 0.446540
1.320 0.433600
1.325 0.418860
1.330 0.403220
1.335 0.387440
1.340 0.372090
1.345 0.357680
1.350 0.344820
1.355 0.333320
1.360 0.322160
1.365 0.310300
1.370 0.296500
1.375 0.279210
1.380 0.256640
1.385 0.229270
1.390 0.199500
1.395 0.170720
1.400 0.145440
1.405 0.125330
1.410 0.110350
1.415 0.099687
1.420 0.092288
1.425 0.087287
1.430 0.083920
1.435 0.081635
1.440 0.080393
1.445 0.079943
1.450 0.079733
1.455 0.079826
1.460 0.080445
1.465 0.081668
1.470 0.083416
1.475 0.085823
1.480 0.088951
1.485 0.092547
1.490 0.096229
1.495 0.100070
1.500 0.104350
1.505 0.108780
1.510 0.113080
1.515 0.117500
1.520 0.121980
1.525 0.126270
1.530 0.130470
1.535 0.134780
1.540 0.138940
1.545 0.142880
1.550 0.146740
1.555 0.150780
1.560 0.154650
1.565 0.158200
1.570 0.161710
1.575 0.165360
1.580 0.168910
1.585 0.172190
1.590 0.175580
1.595 0.179300
1.600 0.182770
1.605 0.186140
1.610 0.189540
1.615 0.192590
1.620 0.195160
1.625 0.197570
1.630 0.199940
1.635 0.201890
1.640 0.203360
1.645 0.204430
1.650 0.204480
1.655 0.203300
1.660 0.202310
1.665 0.201860
1.670 0.201440
1.675 0.201170
1.680 0.200950
1.685 0.199920
1.690 0.197590
1.695 0.195320
1.700 0.193000
1.705 0.189590
1.710 0.186230
1.715 0.183540
1.720 0.180460
1.725 0.177400
1.730 0.175780
1.735 0.174520
1.740 0.173270
1.745 0.171910
1.750 0.169350
1.755 0.166150
1.760 0.164100
1.765 0.162320
1.770 0.160350
1.775 0.159550
1.780 0.159300
1.785 0.158220
1.790 0.158590
1.795 0.159270
1.800 0.159400
1.805 0.159990
1.810 0.160630
1.815 0.161110
1.820 0.161480
1.825 0.161570
1.830 0.161260
1.835 0.160440
1.840 0.158930
1.845 0.156220
1.850 0.151950
1.855 0.145460
1.860 0.136630
1.865 0.125160
1.870 0.110990
1.875 0.094993
1.880 0.078748
1.885 0.063777
1.890 0.050919
1.895 0.041117
1.900 0.034542
1.905 0.030317
1.910 0.027679
1.915 0.026146
1.920 0.025298
1.925 0.024754
1.930 0.024672
1.935 0.024891
1.940 0.025253
1.945 0.025778
1.950 0.026406
1.955 0.027263
1.960 0.028072
1.965 0.029136
1.970 0.030214
1.975 0.031294
1.980 0.032508
1.985 0.033877
1.990 0.035340
1.995 0.036690
2.000 0.038112
2.005 0.039591
2.010 0.040954
2.015 0.042321
2.020 0.043594
2.025 0.044818
2.030 0.045964
2.035 0.046955
2.040 0.047780
2.045 0.048538
2.050 0.049398
2.055 0.050100
2.060 0.050863
2.065 0.051506
2.070 0.052290
2.075 0.053009
2.080 0.053899
2.085 0.054649
2.090 0.055492
2.095 0.056239
2.100 0.057145
2.105 0.057924
2.110 0.058814
2.115 0.059579
2.120 0.060314
2.125 0.061053
2.130 0.061765
2.135 0.062381
2.140 0.063297
2.145 0.064420
2.150 0.065446
2.155 0.066637
2.160 0.067827
2.165 0.069267
2.170 0.070526
2.175 0.071687
2.180 0.072777
2.185 0.073849
2.190 0.075105
2.195 0.076017
2.200 0.077039
2.205 0.077777
2.210 0.078187
2.215 0.078636
2.220 0.078537
2.225 0.078078
2.230 0.077328
2.235 0.076024
2.240 0.074287
2.245 0.072141
2.250 0.069770
2.255 0.067072
2.260 0.064329
2.265 0.061883
2.270 0.059857
2.275 0.058356
2.280 0.057494
2.285 0.056502
2.290 0.055303
2.295 0.053716
2.300 0.051674
2.305 0.049888
2.310 0.048708
2.315 0.048464
2.320 0.048609
2.325 0.048240
2.330 0.047501
2.335 0.046531
2.340 0.045312
2.345 0.043973
2.350 0.043019
2.355 0.042594
2.360 0.042098
2.365 0.041580
2.370 0.040653
2.375 0.039730
2.380 0.038796
2.385 0.037843
2.390 0.037326
2.395 0.036690
2.400 0.035753
2.405 0.035122
2.410 0.034344
2.415 0.033584
2.420 0.032614
2.425 0.031834
2.430 0.031147
2.435 0.029986
2.440 0.029131
2.445 0.028120
2.450 0.028343
2.455 0.027432
2.460 0.026519
2.465 0.025616
2.470 0.026042
2.475 0.025180
2.480 0.024803
2.485 0.025776
2.490 0.027016
2.495 0.026693
2.500 0.023997
