0.350 0.015673
0.355 0.017240
0.360 0.018808
0.365 0.020375
0.370 0.021942
0.375 0.023510
0.380 0.025077
0.385 0.026644
0.390 0.028211
0.395 0.029779
0.400 0.031346
0.405 0.033517
0.410 0.036076
0.415 0.038043
0.420 0.040609
0.425 0.043064
0.430 0.045286
0.435 0.047080
0.440 0.049049
0.445 0.050786
0.450 0.052979
0.455 0.055300
0.460 0.056209
0.465 0.058306
0.470 0.060296
0.475 0.061877
0.480 0.063031
0.485 0.064493
0.490 0.065483
0.495 0.067010
0.500 0.068483
0.505 0.070335
0.510 0.071763
0.515 0.073151
0.520 0.075030
0.525 0.077347
0.530 0.078765
0.535 0.080448
0.540 0.081639
0.545 0.084162
0.550 0.085869
0.555 0.088786
0.560 0.089893
0.565 0.090942
0.570 0.092684
0.575 0.094123
0.580 0.095645
0.585 0.097696
0.590 0.100770
0.595 0.102940
0.600 0.106250
0.605 0.110140
0.610 0.113420
0.615 0.116820
0.620 0.119500
0.625 0.123220
0.630 0.126170
0.635 0.130200
0.640 0.133830
0.645 0.137240
0.650 0.140870
0.655 0.144700
0.660 0.149390
0.665 0.152830
0.670 0.156490
0.675 0.159610
0.680 0.164030
0.685 0.167950
0.690 0.172690
0.695 0.179090
0.700 0.189730
0.705 0.195270
0.710 0.200610
0.715 0.206880
0.720 0.212410
0.725 0.217900
0.730 0.223340
0.735 0.228780
0.740 0.233770
0.745 0.239170
0.750 0.243080
0.755 0.247500
0.760 0.251440
0.765 0.256260
0.770 0.260490
0.775 0.264240
0.780 0.269540
0.785 0.272150
0.790 0.277320
0.795 0.280810
0.800 0.285390
0.805 0.289210
0.810 0.292720
0.815 0.297270
0.820 0.300670
0.825 0.305460
0.830 0.311490
0.835 0.315880
0.840 0.319120
0.845 0.324380
0.850 0.331090
0.855 0.333190
0.860 0.333920
0.865 0.337460
0.870 0.341830
0.875 0.345180
0.880 0.347580
0.885 0.349420
0.890 0.351230
0.895 0.354290
0.900 0.358960
0.905 0.361880
0.910 0.361390
0.915 0.361820
0.920 0.365550
0.925 0.369030
0.930 0.370440
0.935 0.372960
0.940 0.376710
0.945 0.377460
0.950 0.376440
0.955 0.376410
0.960 0.379460
0.965 0.383110
0.970 0.384110
0.975 0.385230
0.980 0.386100
0.985 0.387890
0.990 0.389440
0.995 0.389860
1.000 0.391010
1.005 0.392320
1.010 0.392540
1.015 0.392850
1.020 0.394270
1.025 0.396350
1.030 0.398430
1.035 0.399830
1.040 0.401870
1.045 0.403200
1.050 0.400070
1.055 0.402480
1.060 0.404370
1.065 0.404640
1.070 0.406650
1.075 0.406430
1.080 0.407890
1.085 0.406830
1.090 0.409310
1.095 0.410680
1.100 0.409650
1.105 0.411090
1.110 0.412110
1.115 0.409840
1.120 0.410260
1.125 0.410410
1.130 0.410770
1.135 0.409730
1.140 0.409090
1.145 0.410380
1.150 0.409130
1.155 0.406100
1.160 0.403860
1.165 0.400990
1.170 0.401160
1.175 0.401040
1.180 0.400820
1.185 0.399370
1.190 0.400990
1.195 0.400380
1.200 0.399970
1.205 0.399830
1.210 0.401120
1.215 0.398650
1.220 0.399400
1.225 0.399550
1.230 0.402460
1.235 0.403990
1.240 0.405430
1.245 0.406010
1.250 0.406890
1.255 0.408260
1.260 0.407900
1.265 0.407930
1.270 0.407780
1.275 0.407870
1.280 0.409080
1.285 0.409160
1.290 0.409490
1.295 0.410670
1.300 0.411750
1.305 0.410850
1.310 0.410540
1.315 0.410540
1.320 0.408890
1.325 0.406120
1.330 0.403460
1.335 0.401520
1.340 0.399500
1.345 0.397150
1.350 0.393040
1.355 0.393940
1.360 0.391110
1.365 0.388980
1.370 0.387880
1.375 0.383870
1.380 0.379140
1.385 0.376030
1.390 0.371030
1.395 0.364710
1.400 0.354380
1.405 0.343600
1.410 0.334580
1.415 0.322960
1.420 0.313490
1.425 0.306940
1.430 0.301150
1.435 0.296330
1.440 0.295080
1.445 0.291540
1.450 0.288890
1.455 0.289290
1.460 0.290600
1.465 0.289600
1.470 0.289690
1.475 0.288660
1.480 0.289140
1.485 0.291130
1.490 0.292940
1.495 0.295420
1.500 0.296120
1.505 0.301720
1.510 0.301840
1.515 0.306100
1.520 0.307650
1.525 0.312460
1.530 0.310170
1.535 0.312210
1.540 0.315430
1.545 0.314680
1.550 0.317190
1.555 0.318530
1.560 0.318900
1.565 0.320780
1.570 0.320990
1.575 0.321090
1.580 0.321370
1.585 0.322660
1.590 0.325800
1.595 0.327870
1.600 0.329060
1.605 0.330630
1.610 0.332450
1.615 0.334990
1.620 0.337060
1.625 0.336910
1.630 0.337570
1.635 0.338950
1.640 0.339780
1.645 0.340500
1.650 0.342830
1.655 0.344530
1.660 0.341700
1.665 0.340380
1.670 0.340890
1.675 0.340880
1.680 0.339800
1.685 0.338180
1.690 0.336780
1.695 0.336160
1.700 0.334580
1.705 0.329480
1.710 0.325060
1.715 0.323490
1.720 0.323020
1.725 0.322550
1.730 0.321730
1.735 0.321460
1.740 0.321910
1.745 0.322580
1.750 0.322360
1.755 0.321100
1.760 0.320070
1.765 0.319660
1.770 0.319870
1.775 0.320220
1.780 0.320350
1.785 0.320140
1.790 0.320790
1.795 0.322040
1.800 0.321500
1.805 0.320450
1.810 0.321030
1.815 0.322120
1.820 0.322550
1.825 0.322980
1.830 0.324110
1.835 0.324690
1.840 0.323470
1.845 0.322380
1.850 0.323230
1.855 0.324060
1.860 0.322600
1.865 0.319020
1.870 0.313160
1.875 0.305450
1.880 0.295700
1.885 0.283800
1.890 0.269020
1.895 0.251860
1.900 0.232550
1.905 0.214150
1.910 0.199910
1.915 0.189060
1.920 0.181450
1.925 0.176470
1.930 0.174370
1.935 0.174220
1.940 0.175680
1.945 0.178270
1.950 0.181800
1.955 0.185310
1.960 0.188020
1.965 0.191000
1.970 0.195370
1.975 0.200290
1.980 0.204860
1.985 0.208680
1.990 0.211540
1.995 0.215170
2.000 0.221140
2.005 0.226440
2.010 0.227920
2.015 0.227980
2.020 0.228900
2.025 0.229980
2.030 0.230250
2.035 0.229960
2.040 0.229400
2.045 0.229060
2.050 0.229240
2.055 0.228570
2.060 0.225560
2.065 0.222020
2.070 0.219700
2.075 0.218100
2.080 0.216710
2.085 0.215680
2.090 0.215330
2.095 0.215380
2.100 0.215650
2.105 0.216210
2.110 0.217180
2.115 0.217990
2.120 0.218140
2.125 0.218190
2.130 0.218800
2.135 0.220120
2.140 0.222350
2.145 0.224560
2.150 0.225910
2.155 0.226970
2.160 0.228340
2.165 0.229730
2.170 0.230900
2.175 0.232700
2.180 0.235910
2.185 0.238530
2.190 0.238550
2.195 0.238020
2.200 0.239010
2.205 0.240760
2.210 0.242390
2.215 0.243290
2.220 0.242800
2.225 0.241470
2.230 0.239540
2.235 0.236320
2.240 0.230950
2.245 0.225550
2.250 0.222120
2.255 0.219270
2.260 0.215580
2.265 0.211650
2.270 0.208310
2.275 0.206140
2.280 0.205700
2.285 0.205000
2.290 0.202210
2.295 0.199530
2.300 0.199010
2.305 0.197570
2.310 0.192190
2.315 0.187080
2.320 0.186640
2.325 0.188360
2.330 0.189620
2.335 0.189140
2.340 0.185930
2.345 0.183120
2.350 0.183760
2.355 0.185540
2.360 0.186140
2.365 0.186130
2.370 0.186150
2.375 0.185960
2.380 0.185160
2.385 0.184100
2.390 0.183100
2.395 0.182130
2.400 0.180990
2.405 0.179490
2.410 0.177770
2.415 0.175930
2.420 0.173950
2.425 0.171830
2.430 0.169620
2.435 0.167290
2.440 0.164680
2.445 0.161560
2.450 0.158190
2.455 0.154730
2.460 0.151300
2.465 0.148050
2.470 0.145170
2.475 0.142580
2.480 0.140110
2.485 0.137750
2.490 0.135590
2.495 0.133930
2.500 0.133330
