0.350 0.008338
0.355 0.009172
0.360 0.010006
0.365 0.010839
0.370 0.011673
0.375 0.012507
0.380 0.013341
0.385 0.014175
0.390 0.015008
0.395 0.015842
0.400 0.016676
0.405 0.024995
0.410 0.029156
0.415 0.033477
0.420 0.040191
0.425 0.043980
0.430 0.050907
0.435 0.058117
0.440 0.064772
0.445 0.067241
0.450 0.071626
0.455 0.074531
0.460 0.079717
0.465 0.083411
0.470 0.083739
0.475 0.090822
0.480 0.094082
0.485 0.096860
0.490 0.101990
0.495 0.108520
0.500 0.112830
0.505 0.118490
0.510 0.125660
0.515 0.131930
0.520 0.135940
0.525 0.135480
0.530 0.143870
0.535 0.150790
0.540 0.154230
0.545 0.156310
0.550 0.163260
0.555 0.164360
0.560 0.176850
0.565 0.180520
0.570 0.186850
0.575 0.187580
0.580 0.195770
0.585 0.198560
0.590 0.199810
0.595 0.203340
0.600 0.203860
0.605 0.211550
0.610 0.215060
0.615 0.214720
0.620 0.215710
0.625 0.220860
0.630 0.223990
0.635 0.228080
0.640 0.233550
0.645 0.234610
0.650 0.239000
0.655 0.244000
0.660 0.242160
0.665 0.251610
0.670 0.254940
0.675 0.255300
0.680 0.253510
0.685 0.260230
0.690 0.265930
0.695 0.269390
0.700 0.274840
0.705 0.275470
0.710 0.279740
0.715 0.281760
0.720 0.290160
0.725 0.288950
0.730 0.287740
0.735 0.292780
0.740 0.298400
0.745 0.297960
0.750 0.303290
0.755 0.306520
0.760 0.307210
0.765 0.312000
0.770 0.313090
0.775 0.316110
0.780 0.318500
0.785 0.319580
0.790 0.318930
0.795 0.322840
0.800 0.324390
0.805 0.324640
0.810 0.327650
0.815 0.329970
0.820 0.328850
0.825 0.331150
0.830 0.334300
0.835 0.335760
0.840 0.335040
0.845 0.337440
0.850 0.339180
0.855 0.341020
0.860 0.340470
0.865 0.343360
0.870 0.343460
0.875 0.345530
0.880 0.346080
0.885 0.348110
0.890 0.347420
0.895 0.347960
0.900 0.348230
0.905 0.348830
0.910 0.351980
0.915 0.354180
0.920 0.351740
0.925 0.355560
0.930 0.357940
0.935 0.359200
0.940 0.359070
0.945 0.362080
0.950 0.362770
0.955 0.363520
0.960 0.365870
0.965 0.368380
0.970 0.368960
0.975 0.369210
0.980 0.370280
0.985 0.367830
0.990 0.371460
0.995 0.375570
1.000 0.376540
1.005 0.377020
1.010 0.376120
1.015 0.376710
1.020 0.380220
1.025 0.380910
1.030 0.378400
1.035 0.378370
1.040 0.380450
1.045 0.382720
1.050 0.385290
1.055 0.385860
1.060 0.382950
1.065 0.384980
1.070 0.389690
1.075 0.393290
1.080 0.387400
1.085 0.390720
1.090 0.393930
1.095 0.395140
1.100 0.397720
1.105 0.401310
1.110 0.400580
1.115 0.398120
1.120 0.401390
1.125 0.404050
1.130 0.404700
1.135 0.402130
1.140 0.404510
1.145 0.407010
1.150 0.407820
1.155 0.408580
1.160 0.408690
1.165 0.410900
1.170 0.410870
1.175 0.411950
1.180 0.415080
1.185 0.415190
1.190 0.415670
1.195 0.416400
1.200 0.417980
1.205 0.418050
1.210 0.418000
1.215 0.419100
1.220 0.416730
1.225 0.419450
1.230 0.417900
1.235 0.416660
1.240 0.416240
1.245 0.416810
1.250 0.419160
1.255 0.420510
1.260 0.422790
1.265 0.424570
1.270 0.426650
1.275 0.430800
1.280 0.434130
1.285 0.435840
1.290 0.435480
1.295 0.436950
1.300 0.434960
1.305 0.433650
1.310 0.432990
1.315 0.433040
1.320 0.434560
1.325 0.435010
1.330 0.435970
1.335 0.437000
1.340 0.436720
1.345 0.437040
1.350 0.436950
1.355 0.436980
1.360 0.437200
1.365 0.436310
1.370 0.434110
1.375 0.433650
1.380 0.433940
1.385 0.430050
1.390 0.425980
1.395 0.423420
1.400 0.427670
1.405 0.427620
1.410 0.427630
1.415 0.429870
1.420 0.436700
1.425 0.435060
1.430 0.435680
1.435 0.436830
1.440 0.437120
1.445 0.436170
1.450 0.435840
1.455 0.435340
1.460 0.437920
1.465 0.438130
1.470 0.438120
1.475 0.437620
1.480 0.437350
1.485 0.439560
1.490 0.441210
1.495 0.441800
1.500 0.446230
1.505 0.451040
1.510 0.452530
1.515 0.450410
1.520 0.448260
1.525 0.449310
1.530 0.449930
1.535 0.449200
1.540 0.449460
1.545 0.449540
1.550 0.451640
1.555 0.453880
1.560 0.454790
1.565 0.452740
1.570 0.450560
1.575 0.449810
1.580 0.450660
1.585 0.453860
1.590 0.454790
1.595 0.455300
1.600 0.452980
1.605 0.457010
1.610 0.456580
1.615 0.456070
1.620 0.456120
1.625 0.457100
1.630 0.456220
1.635 0.455600
1.640 0.455750
1.645 0.455890
1.650 0.456270
1.655 0.455120
1.660 0.452740
1.665 0.455050
1.670 0.455420
1.675 0.457010
1.680 0.458310
1.685 0.456670
1.690 0.457710
1.695 0.457720
1.700 0.461430
1.705 0.461690
1.710 0.461530
1.715 0.462660
1.720 0.461240
1.725 0.464530
1.730 0.464300
1.735 0.464460
1.740 0.464450
1.745 0.464380
1.750 0.464670
1.755 0.464380
1.760 0.464500
1.765 0.466350
1.770 0.465800
1.775 0.464980
1.780 0.466110
1.785 0.462870
1.790 0.460520
1.795 0.463510
1.800 0.468200
1.805 0.463100
1.810 0.461050
1.815 0.459660
1.820 0.461960
1.825 0.465430
1.830 0.464900
1.835 0.465240
1.840 0.465520
1.845 0.466420
1.850 0.465360
1.855 0.462950
1.860 0.458900
1.865 0.459320
1.870 0.458090
1.875 0.455700
1.880 0.454580
1.885 0.449040
1.890 0.444850
1.895 0.439920
1.900 0.430540
1.905 0.424120
1.910 0.420800
1.915 0.420830
1.920 0.420500
1.925 0.424040
1.930 0.426160
1.935 0.428070
1.940 0.429690
1.945 0.432120
1.950 0.432040
1.955 0.431330
1.960 0.432000
1.965 0.436870
1.970 0.438020
1.975 0.439410
1.980 0.443050
1.985 0.445150
1.990 0.445080
1.995 0.448380
2.000 0.451260
2.005 0.456120
2.010 0.453520
2.015 0.453670
2.020 0.450720
2.025 0.452770
2.030 0.451440
2.035 0.451460
2.040 0.452840
2.045 0.457350
2.050 0.456990
2.055 0.456270
2.060 0.450980
2.065 0.452150
2.070 0.452100
2.075 0.451800
2.080 0.448480
2.085 0.447160
2.090 0.447520
2.095 0.447850
2.100 0.448550
2.105 0.449700
2.110 0.447110
2.115 0.446380
2.120 0.447180
2.125 0.446610
2.130 0.447650
2.135 0.447330
2.140 0.446770
2.145 0.446670
2.150 0.444640
2.155 0.443810
2.160 0.441820
2.165 0.441140
2.170 0.439910
2.175 0.439510
2.180 0.438600
2.185 0.438030
2.190 0.435930
2.195 0.434570
2.200 0.432850
2.205 0.431450
2.210 0.431400
2.215 0.437600
2.220 0.440210
2.225 0.440700
2.230 0.441900
2.235 0.442130
2.240 0.442350
2.245 0.441620
2.250 0.441400
2.255 0.441740
2.260 0.439670
2.265 0.440040
2.270 0.439310
2.275 0.440130
2.280 0.439100
2.285 0.438740
2.290 0.439050
2.295 0.437570
2.300 0.436280
2.305 0.435890
2.310 0.435010
2.315 0.434480
2.320 0.434190
2.325 0.433290
2.330 0.432850
2.335 0.432070
2.340 0.431510
2.345 0.430410
2.350 0.429590
2.355 0.429170
2.360 0.429410
2.365 0.429510
2.370 0.428900
2.375 0.428080
2.380 0.427290
2.385 0.426700
2.390 0.426620
2.395 0.426100
2.400 0.425940
2.405 0.425640
2.410 0.425100
2.415 0.424220
2.420 0.422570
2.425 0.421500
2.430 0.420310
2.435 0.417930
2.440 0.416580
2.445 0.415040
2.450 0.414040
2.455 0.414040
2.460 0.413190
2.465 0.412260
2.470 0.411260
2.475 0.410660
2.480 0.409240
2.485 0.408150
2.490 0.406620
2.495 0.405960
2.500 0.406360
