0.350 0.124300
0.355 0.126820
0.360 0.129000
0.365 0.131040
0.370 0.133500
0.375 0.136380
0.380 0.140100
0.385 0.143750
0.390 0.147400
0.395 0.150880
0.400 0.154300
0.405 0.157450
0.410 0.160500
0.415 0.163640
0.420 0.166900
0.425 0.170390
0.430 0.174100
0.435 0.177950
0.440 0.181800
0.445 0.185470
0.450 0.188800
0.455 0.191750
0.460 0.194200
0.465 0.196500
0.470 0.198800
0.475 0.201040
0.480 0.203600
0.485 0.206600
0.490 0.209700
0.495 0.212810
0.500 0.215900
0.505 0.219140
0.510 0.222600
0.515 0.226190
0.520 0.229900
0.525 0.233700
0.530 0.237500
0.535 0.241510
0.540 0.245400
0.545 0.249600
0.550 0.253800
0.555 0.258200
0.560 0.262600
0.565 0.266890
0.570 0.270900
0.575 0.274600
0.580 0.277900
0.585 0.280850
0.590 0.283400
0.595 0.285750
0.600 0.287700
0.605 0.289410
0.610 0.290900
0.615 0.292160
0.620 0.293300
0.625 0.294240
0.630 0.295200
0.635 0.296150
0.640 0.297000
0.645 0.297740
0.650 0.298600
0.655 0.299450
0.660 0.300300
0.665 0.301140
0.670 0.302000
0.675 0.302980
0.680 0.303600
0.685 0.304360
0.690 0.305000
0.695 0.305650
0.700 0.306400
0.705 0.306990
0.710 0.307700
0.715 0.308190
0.720 0.308700
0.725 0.309370
0.730 0.309800
0.735 0.310290
0.740 0.310800
0.745 0.311320
0.750 0.311700
0.755 0.311950
0.760 0.312200
0.765 0.312670
0.770 0.312800
0.775 0.313120
0.780 0.313500
0.785 0.313760
0.790 0.313900
0.795 0.314030
0.800 0.314200
0.805 0.314230
0.810 0.314350
0.815 0.314520
0.820 0.314700
0.825 0.314860
0.830 0.314990
0.835 0.315100
0.840 0.315200
0.845 0.315300
0.850 0.315440
0.855 0.315660
0.860 0.316000
0.865 0.316490
0.870 0.317100
0.875 0.317780
0.880 0.318500
0.885 0.319210
0.890 0.319880
0.895 0.320450
0.900 0.320900
0.905 0.321190
0.910 0.321410
0.915 0.321640
0.920 0.322000
0.925 0.322540
0.930 0.323190
0.935 0.323820
0.940 0.324300
0.945 0.324560
0.950 0.324660
0.955 0.324700
0.960 0.324800
0.965 0.325030
0.970 0.325360
0.975 0.325770
0.980 0.326200
0.985 0.326640
0.990 0.327080
0.995 0.327530
1.000 0.328000
1.005 0.328500
1.010 0.329010
1.015 0.329520
1.020 0.330000
1.025 0.330450
1.030 0.330880
1.035 0.331330
1.040 0.331800
1.045 0.332320
1.050 0.332880
1.055 0.333440
1.060 0.334000
1.065 0.334530
1.070 0.335040
1.075 0.335560
1.080 0.336100
1.085 0.336680
1.090 0.337280
1.095 0.337890
1.100 0.338500
1.105 0.339100
1.110 0.339680
1.115 0.340250
1.120 0.340800
1.125 0.341330
1.130 0.341850
1.135 0.342340
1.140 0.342800
1.145 0.343230
1.150 0.343660
1.155 0.344100
1.160 0.344600
1.165 0.345160
1.170 0.345760
1.175 0.346350
1.180 0.346900
1.185 0.347380
1.190 0.347800
1.195 0.348200
1.200 0.348600
1.205 0.349030
1.210 0.349500
1.215 0.349980
1.220 0.350500
1.225 0.351030
1.230 0.351580
1.235 0.352100
1.240 0.352600
1.245 0.353050
1.250 0.353480
1.255 0.353890
1.260 0.354300
1.265 0.354730
1.270 0.355170
1.275 0.355590
1.280 0.356000
1.285 0.356380
1.290 0.356740
1.295 0.357110
1.300 0.357500
1.305 0.357940
1.310 0.358400
1.315 0.358860
1.320 0.359300
1.325 0.359700
1.330 0.360080
1.335 0.360470
1.340 0.360900
1.345 0.361370
1.350 0.361850
1.355 0.362280
1.360 0.362600
1.365 0.362760
1.370 0.362720
1.375 0.362480
1.380 0.362000
1.385 0.361260
1.390 0.360330
1.395 0.359280
1.400 0.358200
1.405 0.357160
1.410 0.356300
1.415 0.355760
1.420 0.355700
1.425 0.356220
1.430 0.357180
1.435 0.358370
1.440 0.359600
1.445 0.360710
1.450 0.361700
1.455 0.362620
1.460 0.363500
1.465 0.364370
1.470 0.365250
1.475 0.366150
1.480 0.367100
1.485 0.368100
1.490 0.369130
1.495 0.370170
1.500 0.371200
1.505 0.372200
1.510 0.373160
1.515 0.374100
1.520 0.375000
1.525 0.375870
1.530 0.376720
1.535 0.377560
1.540 0.378400
1.545 0.379250
1.550 0.380090
1.555 0.380910
1.560 0.381700
1.565 0.382450
1.570 0.383170
1.575 0.383880
1.580 0.384600
1.585 0.385350
1.590 0.386120
1.595 0.386910
1.600 0.387700
1.605 0.388490
1.610 0.389270
1.615 0.390040
1.620 0.390800
1.625 0.391550
1.630 0.392290
1.635 0.393040
1.640 0.393800
1.645 0.394570
1.650 0.395330
1.655 0.396050
1.660 0.396700
1.665 0.397250
1.670 0.397730
1.675 0.398160
1.680 0.398600
1.685 0.399050
1.690 0.399520
1.695 0.399970
1.700 0.400400
1.705 0.400780
1.710 0.401140
1.715 0.401470
1.720 0.401800
1.725 0.402140
1.730 0.402460
1.735 0.402750
1.740 0.403000
1.745 0.403180
1.750 0.403350
1.755 0.403530
1.760 0.403800
1.765 0.404180
1.770 0.404650
1.775 0.405170
1.780 0.405700
1.785 0.406200
1.790 0.406670
1.795 0.407070
1.800 0.407400
1.805 0.407650
1.810 0.407850
1.815 0.408060
1.820 0.408300
1.825 0.408620
1.830 0.408950
1.835 0.409240
1.840 0.409400
1.845 0.409370
1.850 0.409110
1.855 0.408540
1.860 0.407600
1.865 0.406170
1.870 0.403920
1.875 0.400480
1.880 0.395400
1.885 0.388430
1.890 0.380180
1.895 0.371470
1.900 0.363100
1.905 0.355750
1.910 0.349730
1.915 0.345250
1.920 0.342600
1.925 0.341960
1.930 0.342860
1.935 0.344720
1.940 0.347000
1.945 0.349250
1.950 0.351430
1.955 0.353570
1.960 0.355700
1.965 0.357860
1.970 0.360060
1.975 0.362340
1.980 0.364700
1.985 0.367160
1.990 0.369680
1.995 0.372180
2.000 0.374600
2.005 0.376890
2.010 0.379030
2.015 0.381010
2.020 0.382800
2.025 0.384390
2.030 0.385790
2.035 0.386990
2.040 0.388000
2.045 0.388820
2.050 0.389500
2.055 0.390100
2.060 0.390700
2.065 0.391330
2.070 0.391970
2.075 0.392610
2.080 0.393200
2.085 0.393740
2.090 0.394240
2.095 0.394750
2.100 0.395300
2.105 0.395920
2.110 0.396570
2.115 0.397180
2.120 0.397700
2.125 0.398070
2.130 0.398250
2.135 0.398210
2.140 0.397900
2.145 0.397290
2.150 0.396430
2.155 0.395410
2.160 0.394300
2.165 0.393150
2.170 0.391930
2.175 0.390590
2.180 0.389100
2.185 0.387420
2.190 0.385620
2.195 0.383820
2.200 0.382100
2.205 0.380550
2.210 0.379190
2.215 0.378000
2.220 0.377000
2.225 0.376170
2.230 0.375400
2.235 0.374560
2.240 0.373500
2.245 0.372130
2.250 0.370570
2.255 0.368950
2.260 0.367420
2.265 0.366090
2.270 0.364920
2.275 0.363830
2.280 0.362750
2.285 0.361630
2.290 0.360560
2.295 0.359650
2.300 0.359040
2.305 0.358790
2.310 0.358640
2.315 0.358270
2.320 0.357350
2.325 0.355670
2.330 0.353530
2.335 0.351380
2.340 0.349660
2.345 0.348690
2.350 0.348310
2.355 0.348240
2.360 0.348210
2.365 0.347990
2.370 0.347470
2.375 0.346550
2.380 0.345140
2.385 0.343160
2.390 0.340790
2.395 0.338260
2.400 0.335790
2.405 0.333530
2.410 0.331390
2.415 0.329210
2.420 0.326860
2.425 0.324210
2.430 0.321360
2.435 0.318480
2.440 0.315690
2.445 0.313120
2.450 0.310720
2.455 0.308420
2.460 0.306160
2.465 0.303910
2.470 0.301790
2.475 0.299990
2.480 0.298670
2.485 0.297940
2.490 0.297570
2.495 0.297240
2.500 0.296640
