0.350 0.028211
0.355 0.031032
0.360 0.033853
0.365 0.036674
0.370 0.039495
0.375 0.042316
0.380 0.045137
0.385 0.047958
0.390 0.050779
0.395 0.053600
0.400 0.056421
0.405 0.059094
0.410 0.061788
0.415 0.063385
0.420 0.067653
0.425 0.068586
0.430 0.070720
0.435 0.070818
0.440 0.072407
0.445 0.074371
0.450 0.074976
0.455 0.076858
0.460 0.077805
0.465 0.077571
0.470 0.077523
0.475 0.078097
0.480 0.078274
0.485 0.078614
0.490 0.078894
0.495 0.080359
0.500 0.082500
0.505 0.085854
0.510 0.090174
0.515 0.096689
0.520 0.105630
0.525 0.115960
0.530 0.125670
0.535 0.132670
0.540 0.136960
0.545 0.139130
0.550 0.140900
0.555 0.141280
0.560 0.138830
0.565 0.133520
0.570 0.126550
0.575 0.119120
0.580 0.113450
0.585 0.109760
0.590 0.106900
0.595 0.105250
0.600 0.104330
0.605 0.102670
0.610 0.099908
0.615 0.097470
0.620 0.095040
0.625 0.093802
0.630 0.092868
0.635 0.092183
0.640 0.090535
0.645 0.087890
0.650 0.085433
0.655 0.083887
0.660 0.081952
0.665 0.079733
0.670 0.078652
0.675 0.079128
0.680 0.081106
0.685 0.085034
0.690 0.091630
0.695 0.104490
0.700 0.126350
0.705 0.157390
0.710 0.196270
0.715 0.246590
0.720 0.309220
0.725 0.383630
0.730 0.462880
0.735 0.538800
0.740 0.604090
0.745 0.654570
0.750 0.690580
0.755 0.714050
0.760 0.729060
0.765 0.738220
0.770 0.743600
0.775 0.747070
0.780 0.749660
0.785 0.751620
0.790 0.753200
0.795 0.754820
0.800 0.756260
0.805 0.757510
0.810 0.758810
0.815 0.760000
0.820 0.761000
0.825 0.762370
0.830 0.763230
0.835 0.764040
0.840 0.765310
0.845 0.766990
0.850 0.768340
0.855 0.769730
0.860 0.770840
0.865 0.771840
0.870 0.772680
0.875 0.773540
0.880 0.773990
0.885 0.774470
0.890 0.774640
0.895 0.775100
0.900 0.775380
0.905 0.775620
0.910 0.775580
0.915 0.775720
0.920 0.774920
0.925 0.773280
0.930 0.770750
0.935 0.767220
0.940 0.762970
0.945 0.757870
0.950 0.750130
0.955 0.740390
0.960 0.732290
0.965 0.728330
0.970 0.728020
0.975 0.728200
0.980 0.729870
0.985 0.732190
0.990 0.735770
0.995 0.739770
1.000 0.744230
1.005 0.739210
1.010 0.744030
1.015 0.749340
1.020 0.753640
1.025 0.758620
1.030 0.762560
1.035 0.767090
1.040 0.771360
1.045 0.774060
1.050 0.776430
1.055 0.779290
1.060 0.780700
1.065 0.781240
1.070 0.783250
1.075 0.782460
1.080 0.783450
1.085 0.783300
1.090 0.781710
1.095 0.779870
1.100 0.778590
1.105 0.775070
1.110 0.772380
1.115 0.769790
1.120 0.765430
1.125 0.759140
1.130 0.748220
1.135 0.732830
1.140 0.711870
1.145 0.690940
1.150 0.672320
1.155 0.660070
1.160 0.652000
1.165 0.649300
1.170 0.648430
1.175 0.647470
1.180 0.646580
1.185 0.645930
1.190 0.645660
1.195 0.645910
1.200 0.647150
1.205 0.648560
1.210 0.650280
1.215 0.652860
1.220 0.655770
1.225 0.658860
1.230 0.661820
1.235 0.664070
1.240 0.666750
1.245 0.669040
1.250 0.670760
1.255 0.672890
1.260 0.673540
1.265 0.673780
1.270 0.673310
1.275 0.672510
1.280 0.670350
1.285 0.666880
1.290 0.662920
1.295 0.655990
1.300 0.648360
1.305 0.639160
1.310 0.627540
1.315 0.615110
1.320 0.599600
1.325 0.583150
1.330 0.566140
1.335 0.548820
1.340 0.531440
1.345 0.515240
1.350 0.499220
1.355 0.483550
1.360 0.467680
1.365 0.450040
1.370 0.426520
1.375 0.395770
1.380 0.355060
1.385 0.308150
1.390 0.260440
1.395 0.217670
1.400 0.183370
1.405 0.158920
1.410 0.142480
1.415 0.132250
1.420 0.125560
1.425 0.121660
1.430 0.119360
1.435 0.118010
1.440 0.117650
1.445 0.117730
1.450 0.118390
1.455 0.119460
1.460 0.121470
1.465 0.124810
1.470 0.129260
1.475 0.134680
1.480 0.141030
1.485 0.148130
1.490 0.155590
1.495 0.163630
1.500 0.172060
1.505 0.180910
1.510 0.190110
1.515 0.199220
1.520 0.208960
1.525 0.218550
1.530 0.228050
1.535 0.237660
1.540 0.246920
1.545 0.255900
1.550 0.265110
1.555 0.273790
1.560 0.282070
1.565 0.290490
1.570 0.298180
1.575 0.305560
1.580 0.312610
1.585 0.319810
1.590 0.326680
1.595 0.333100
1.600 0.339290
1.605 0.345130
1.610 0.350890
1.615 0.356230
1.620 0.360570
1.625 0.365040
1.630 0.369690
1.635 0.373110
1.640 0.376830
1.645 0.380050
1.650 0.382280
1.655 0.384370
1.660 0.385390
1.665 0.386000
1.670 0.385960
1.675 0.385050
1.680 0.384160
1.685 0.382460
1.690 0.380160
1.695 0.377550
1.700 0.374560
1.705 0.371530
1.710 0.368190
1.715 0.364180
1.720 0.359880
1.725 0.355130
1.730 0.350700
1.735 0.345490
1.740 0.339850
1.745 0.333600
1.750 0.326710
1.755 0.319190
1.760 0.312670
1.765 0.306280
1.770 0.300590
1.775 0.296330
1.780 0.292690
1.785 0.290300
1.790 0.288510
1.795 0.287640
1.800 0.287380
1.805 0.288250
1.810 0.288120
1.815 0.287310
1.820 0.286050
1.825 0.283610
1.830 0.280250
1.835 0.275340
1.840 0.268340
1.845 0.258770
1.850 0.245680
1.855 0.228090
1.860 0.205950
1.865 0.179760
1.870 0.151010
1.875 0.123020
1.880 0.098911
1.885 0.079878
1.890 0.066197
1.895 0.057589
1.900 0.052690
1.905 0.049917
1.910 0.048528
1.915 0.047774
1.920 0.047598
1.925 0.047468
1.930 0.047668
1.935 0.048104
1.940 0.048630
1.945 0.049349
1.950 0.050104
1.955 0.051072
1.960 0.052021
1.965 0.053139
1.970 0.054252
1.975 0.055637
1.980 0.057167
1.985 0.058725
1.990 0.060458
1.995 0.062431
2.000 0.064428
2.005 0.066536
2.010 0.068744
2.015 0.071059
2.020 0.073321
2.025 0.075723
2.030 0.078205
2.035 0.080499
2.040 0.082891
2.045 0.085365
2.050 0.087837
2.055 0.090428
2.060 0.093076
2.065 0.095926
2.070 0.098713
2.075 0.101740
2.080 0.104790
2.085 0.107900
2.090 0.110960
2.095 0.114030
2.100 0.117170
2.105 0.120220
2.110 0.123310
2.115 0.126320
2.120 0.129300
2.125 0.132120
2.130 0.134870
2.135 0.137350
2.140 0.139870
2.145 0.142120
2.150 0.144160
2.155 0.146010
2.160 0.147690
2.165 0.149240
2.170 0.150810
2.175 0.152350
2.180 0.153790
2.185 0.155090
2.190 0.156350
2.195 0.157430
2.200 0.158360
2.205 0.158920
2.210 0.159290
2.215 0.159290
2.220 0.159060
2.225 0.158130
2.230 0.156810
2.235 0.154940
2.240 0.152740
2.245 0.150100
2.250 0.147100
2.255 0.144330
2.260 0.141200
2.265 0.138410
2.270 0.135310
2.275 0.132780
2.280 0.130650
2.285 0.128180
2.290 0.125510
2.295 0.122780
2.300 0.119600
2.305 0.116700
2.310 0.113850
2.315 0.111170
2.320 0.109250
2.325 0.106770
2.330 0.104090
2.335 0.101690
2.340 0.099237
2.345 0.096803
2.350 0.094522
2.355 0.092275
2.360 0.090182
2.365 0.088076
2.370 0.085821
2.375 0.083663
2.380 0.081849
2.385 0.080173
2.390 0.078559
2.395 0.076311
2.400 0.074494
2.405 0.072843
2.410 0.071577
2.415 0.068923
2.420 0.067754
2.425 0.066395
2.430 0.064332
2.435 0.062621
2.440 0.061063
2.445 0.059936
2.450 0.058598
2.455 0.057766
2.460 0.058223
2.465 0.055232
2.470 0.055729
2.475 0.054038
2.480 0.052138
2.485 0.051471
2.490 0.051626
2.495 0.052461
2.500 0.051750
