0.350 0.012120
0.355 0.013332
0.360 0.014544
0.365 0.015756
0.370 0.016968
0.375 0.018180
0.380 0.019392
0.385 0.020604
0.390 0.021816
0.395 0.023028
0.400 0.024240
0.405 0.024808
0.410 0.023858
0.415 0.022107
0.420 0.023107
0.425 0.022820
0.430 0.023668
0.435 0.023068
0.440 0.023736
0.445 0.024062
0.450 0.023917
0.455 0.024481
0.460 0.024347
0.465 0.023450
0.470 0.023603
0.475 0.024069
0.480 0.023963
0.485 0.024100
0.490 0.023833
0.495 0.024643
0.500 0.025238
0.505 0.026916
0.510 0.030366
0.515 0.037027
0.520 0.047509
0.525 0.060256
0.530 0.072520
0.535 0.081444
0.540 0.086854
0.545 0.090088
0.550 0.093204
0.555 0.095328
0.560 0.093820
0.565 0.088341
0.570 0.080042
0.575 0.070852
0.580 0.063644
0.585 0.058685
0.590 0.054572
0.595 0.052069
0.600 0.050530
0.605 0.048942
0.610 0.046006
0.615 0.042210
0.620 0.039156
0.625 0.037582
0.630 0.036835
0.635 0.035396
0.640 0.032354
0.645 0.028962
0.650 0.026745
0.655 0.026057
0.660 0.025496
0.665 0.025121
0.670 0.025651
0.675 0.027225
0.680 0.029548
0.685 0.032699
0.690 0.039207
0.695 0.065986
0.700 0.125220
0.705 0.206380
0.710 0.293750
0.715 0.384220
0.720 0.474670
0.725 0.560180
0.730 0.634740
0.735 0.694820
0.740 0.740430
0.745 0.772290
0.750 0.793320
0.755 0.805930
0.760 0.813790
0.765 0.818370
0.770 0.820760
0.775 0.822420
0.780 0.823850
0.785 0.825150
0.790 0.826320
0.795 0.827710
0.800 0.829110
0.805 0.830330
0.810 0.831640
0.815 0.832850
0.820 0.833760
0.825 0.835200
0.830 0.835870
0.835 0.836520
0.840 0.837680
0.845 0.838860
0.850 0.839900
0.855 0.841140
0.860 0.841940
0.865 0.842590
0.870 0.843380
0.875 0.844200
0.880 0.844330
0.885 0.844980
0.890 0.845060
0.895 0.845590
0.900 0.845810
0.905 0.845920
0.910 0.846030
0.915 0.846050
0.920 0.845430
0.925 0.844220
0.930 0.842020
0.935 0.839550
0.940 0.835880
0.945 0.831670
0.950 0.825190
0.955 0.816860
0.960 0.809620
0.965 0.805800
0.970 0.804990
0.975 0.804980
0.980 0.806140
0.985 0.807720
0.990 0.810920
0.995 0.814140
1.000 0.818080
1.005 0.821550
1.010 0.825670
1.015 0.830370
1.020 0.833750
1.025 0.839510
1.030 0.842280
1.035 0.845850
1.040 0.849500
1.045 0.851590
1.050 0.853940
1.055 0.856620
1.060 0.857210
1.065 0.858390
1.070 0.860150
1.075 0.860680
1.080 0.860380
1.085 0.860500
1.090 0.859140
1.095 0.858270
1.100 0.856970
1.105 0.853630
1.110 0.851030
1.115 0.849010
1.120 0.845660
1.125 0.840170
1.130 0.830900
1.135 0.817800
1.140 0.799680
1.145 0.781670
1.150 0.764440
1.155 0.752690
1.160 0.744840
1.165 0.742260
1.170 0.741700
1.175 0.740870
1.180 0.740640
1.185 0.740070
1.190 0.739730
1.195 0.739730
1.200 0.741380
1.205 0.743120
1.210 0.744800
1.215 0.747210
1.220 0.750560
1.225 0.753840
1.230 0.756350
1.235 0.759020
1.240 0.761260
1.245 0.764210
1.250 0.765260
1.255 0.767460
1.260 0.768190
1.265 0.767700
1.270 0.768010
1.275 0.767110
1.280 0.765130
1.285 0.762510
1.290 0.758590
1.295 0.752700
1.300 0.745430
1.305 0.736650
1.310 0.726080
1.315 0.713810
1.320 0.698800
1.325 0.682370
1.330 0.665940
1.335 0.648390
1.340 0.630890
1.345 0.614860
1.350 0.599450
1.355 0.584560
1.360 0.568980
1.365 0.550530
1.370 0.525930
1.375 0.492330
1.380 0.447500
1.385 0.393510
1.390 0.336370
1.395 0.283060
1.400 0.238700
1.405 0.205000
1.410 0.181280
1.415 0.165950
1.420 0.155570
1.425 0.149000
1.430 0.145830
1.435 0.143770
1.440 0.143050
1.445 0.143320
1.450 0.144350
1.455 0.146360
1.460 0.149340
1.465 0.154310
1.470 0.160750
1.475 0.168680
1.480 0.177560
1.485 0.187710
1.490 0.198230
1.495 0.209220
1.500 0.220310
1.505 0.231990
1.510 0.243940
1.515 0.255600
1.520 0.267750
1.525 0.279540
1.530 0.291200
1.535 0.302640
1.540 0.313780
1.545 0.324660
1.550 0.335440
1.555 0.345260
1.560 0.355390
1.565 0.365250
1.570 0.374160
1.575 0.382620
1.580 0.391400
1.585 0.399410
1.590 0.407350
1.595 0.414350
1.600 0.421860
1.605 0.428350
1.610 0.434720
1.615 0.440680
1.620 0.445610
1.625 0.450780
1.630 0.455510
1.635 0.459500
1.640 0.463490
1.645 0.466340
1.650 0.468470
1.655 0.469720
1.660 0.470750
1.665 0.471560
1.670 0.471830
1.675 0.471940
1.680 0.471660
1.685 0.470460
1.690 0.468350
1.695 0.465560
1.700 0.462150
1.705 0.458250
1.710 0.453920
1.715 0.449180
1.720 0.444240
1.725 0.439260
1.730 0.434180
1.735 0.428450
1.740 0.422190
1.745 0.415270
1.750 0.407870
1.755 0.399520
1.760 0.392070
1.765 0.385210
1.770 0.378690
1.775 0.373740
1.780 0.369760
1.785 0.366930
1.790 0.365500
1.795 0.364940
1.800 0.364680
1.805 0.364020
1.810 0.363840
1.815 0.362840
1.820 0.361960
1.825 0.359610
1.830 0.356190
1.835 0.350810
1.840 0.342750
1.845 0.331220
1.850 0.315290
1.855 0.293840
1.860 0.265920
1.865 0.232310
1.870 0.193440
1.875 0.152830
1.880 0.115370
1.885 0.083132
1.890 0.058735
1.895 0.042002
1.900 0.032333
1.905 0.026825
1.910 0.024097
1.915 0.022617
1.920 0.021865
1.925 0.021876
1.930 0.022066
1.935 0.022667
1.940 0.023513
1.945 0.024788
1.950 0.026218
1.955 0.027898
1.960 0.029875
1.965 0.032037
1.970 0.034512
1.975 0.037164
1.980 0.040122
1.985 0.043323
1.990 0.046837
1.995 0.050517
2.000 0.054331
2.005 0.058166
2.010 0.062251
2.015 0.066280
2.020 0.070371
2.025 0.074476
2.030 0.078537
2.035 0.082518
2.040 0.086497
2.045 0.090381
2.050 0.094338
2.055 0.098156
2.060 0.102180
2.065 0.106420
2.070 0.110650
2.075 0.114830
2.080 0.119060
2.085 0.123090
2.090 0.127230
2.095 0.131290
2.100 0.135240
2.105 0.139210
2.110 0.143070
2.115 0.146740
2.120 0.150230
2.125 0.153560
2.130 0.156770
2.135 0.159890
2.140 0.162890
2.145 0.165860
2.150 0.168910
2.155 0.171720
2.160 0.174450
2.165 0.176920
2.170 0.179350
2.175 0.181650
2.180 0.183770
2.185 0.185820
2.190 0.187800
2.195 0.189500
2.200 0.190840
2.205 0.191960
2.210 0.192380
2.215 0.192050
2.220 0.191590
2.225 0.190120
2.230 0.188080
2.235 0.185490
2.240 0.182560
2.245 0.179700
2.250 0.176820
2.255 0.173560
2.260 0.169980
2.265 0.166250
2.270 0.162220
2.275 0.158420
2.280 0.154800
2.285 0.150930
2.290 0.147020
2.295 0.143030
2.300 0.138630
2.305 0.134450
2.310 0.130730
2.315 0.127060
2.320 0.123540
2.325 0.119840
2.330 0.116250
2.335 0.112280
2.340 0.108480
2.345 0.104790
2.350 0.100960
2.355 0.097350
2.360 0.094576
2.365 0.090714
2.370 0.087904
2.375 0.084734
2.380 0.082101
2.385 0.079162
2.390 0.075677
2.395 0.072757
2.400 0.069602
2.405 0.066274
2.410 0.063143
2.415 0.061012
2.420 0.057717
2.425 0.054616
2.430 0.051891
2.435 0.049808
2.440 0.046857
2.445 0.044201
2.450 0.041991
2.455 0.040154
2.460 0.037862
2.465 0.035739
2.470 0.033625
2.475 0.033715
2.480 0.032367
2.485 0.030366
2.490 0.027793
2.495 0.031401
2.500 0.028624
