0.350 0.102700
0.355 0.110560
0.360 0.115900
0.365 0.118840
0.370 0.119300
0.375 0.117170
0.380 0.115200
0.385 0.117040
0.390 0.119600
0.395 0.120920
0.400 0.121300
0.405 0.120860
0.410 0.120100
0.415 0.119250
0.420 0.118700
0.425 0.118300
0.430 0.117900
0.435 0.117440
0.440 0.117200
0.445 0.117200
0.450 0.117300
0.455 0.117410
0.460 0.117500
0.465 0.117510
0.470 0.117400
0.475 0.117250
0.480 0.117100
0.485 0.116950
0.490 0.116700
0.495 0.116450
0.500 0.116300
0.505 0.116150
0.510 0.116000
0.515 0.115750
0.520 0.115500
0.525 0.115250
0.530 0.115000
0.535 0.114750
0.540 0.114400
0.545 0.114150
0.550 0.113900
0.555 0.113500
0.560 0.113200
0.565 0.112800
0.570 0.112400
0.575 0.112010
0.580 0.111500
0.585 0.111110
0.590 0.110700
0.595 0.110190
0.600 0.109800
0.605 0.109300
0.610 0.108800
0.615 0.108300
0.620 0.107800
0.625 0.107300
0.630 0.106800
0.635 0.106260
0.640 0.105700
0.645 0.105200
0.650 0.104700
0.655 0.104200
0.660 0.103700
0.665 0.103200
0.670 0.102700
0.675 0.102210
0.680 0.101600
0.685 0.100990
0.690 0.100400
0.695 0.099900
0.700 0.099400
0.705 0.098860
0.710 0.098200
0.715 0.097709
0.720 0.097100
0.725 0.096550
0.730 0.096000
0.735 0.095450
0.740 0.094900
0.745 0.094397
0.750 0.093800
0.755 0.093300
0.760 0.092800
0.765 0.092266
0.770 0.091800
0.775 0.091253
0.780 0.090800
0.785 0.090239
0.790 0.089800
0.795 0.089447
0.800 0.089000
0.805 0.088539
0.810 0.088102
0.815 0.087688
0.820 0.087300
0.825 0.086937
0.830 0.086590
0.835 0.086248
0.840 0.085900
0.845 0.085541
0.850 0.085189
0.855 0.084867
0.860 0.084600
0.865 0.084409
0.870 0.084286
0.875 0.084219
0.880 0.084200
0.885 0.084213
0.890 0.084217
0.895 0.084163
0.900 0.084000
0.905 0.083685
0.910 0.083224
0.915 0.082626
0.920 0.081900
0.925 0.081060
0.930 0.080175
0.935 0.079327
0.940 0.078600
0.945 0.078058
0.950 0.077683
0.955 0.077441
0.960 0.077300
0.965 0.077235
0.970 0.077216
0.975 0.077214
0.980 0.077200
0.985 0.077153
0.990 0.077079
0.995 0.076991
1.000 0.076900
1.005 0.076815
1.010 0.076738
1.015 0.076667
1.020 0.076600
1.025 0.076538
1.030 0.076482
1.035 0.076435
1.040 0.076400
1.045 0.076380
1.050 0.076374
1.055 0.076381
1.060 0.076400
1.065 0.076430
1.070 0.076463
1.075 0.076490
1.080 0.076500
1.085 0.076487
1.090 0.076459
1.095 0.076426
1.100 0.076400
1.105 0.076388
1.110 0.076388
1.115 0.076393
1.120 0.076400
1.125 0.076403
1.130 0.076404
1.135 0.076402
1.140 0.076400
1.145 0.076400
1.150 0.076409
1.155 0.076439
1.160 0.076500
1.165 0.076598
1.170 0.076713
1.175 0.076822
1.180 0.076900
1.185 0.076929
1.190 0.076923
1.195 0.076906
1.200 0.076900
1.205 0.076921
1.210 0.076966
1.215 0.077028
1.220 0.077100
1.225 0.077176
1.230 0.077253
1.235 0.077329
1.240 0.077400
1.245 0.077466
1.250 0.077533
1.255 0.077608
1.260 0.077700
1.265 0.077814
1.270 0.077942
1.275 0.078074
1.280 0.078200
1.285 0.078312
1.290 0.078413
1.295 0.078507
1.300 0.078600
1.305 0.078697
1.310 0.078806
1.315 0.078937
1.320 0.079100
1.325 0.079299
1.330 0.079506
1.335 0.079685
1.340 0.079800
1.345 0.079826
1.350 0.079801
1.355 0.079776
1.360 0.079800
1.365 0.079912
1.370 0.080088
1.375 0.080296
1.380 0.080500
1.385 0.080675
1.390 0.080826
1.395 0.080964
1.400 0.081100
1.405 0.081244
1.410 0.081403
1.415 0.081586
1.420 0.081800
1.425 0.082049
1.430 0.082315
1.435 0.082573
1.440 0.082800
1.445 0.082979
1.450 0.083134
1.455 0.083297
1.460 0.083500
1.465 0.083764
1.470 0.084062
1.475 0.084354
1.480 0.084600
1.485 0.084772
1.490 0.084891
1.495 0.084990
1.500 0.085100
1.505 0.085245
1.510 0.085418
1.515 0.085607
1.520 0.085800
1.525 0.085986
1.530 0.086164
1.535 0.086335
1.540 0.086500
1.545 0.086659
1.550 0.086811
1.555 0.086958
1.560 0.087100
1.565 0.087236
1.570 0.087365
1.575 0.087487
1.580 0.087600
1.585 0.087703
1.590 0.087791
1.595 0.087859
1.600 0.087900
1.605 0.087911
1.610 0.087903
1.615 0.087895
1.620 0.087900
1.625 0.087933
1.630 0.087995
1.635 0.088084
1.640 0.088200
1.645 0.088339
1.650 0.088474
1.655 0.088573
1.660 0.088600
1.665 0.088536
1.670 0.088426
1.675 0.088327
1.680 0.088300
1.685 0.088386
1.690 0.088550
1.695 0.088738
1.700 0.088900
1.705 0.088995
1.710 0.089031
1.715 0.089027
1.720 0.089000
1.725 0.088964
1.730 0.088920
1.735 0.088866
1.740 0.088800
1.745 0.088721
1.750 0.088638
1.755 0.088561
1.760 0.088500
1.765 0.088465
1.770 0.088455
1.775 0.088467
1.780 0.088500
1.785 0.088550
1.790 0.088598
1.795 0.088622
1.800 0.088600
1.805 0.088515
1.810 0.088386
1.815 0.088239
1.820 0.088100
1.825 0.087985
1.830 0.087880
1.835 0.087759
1.840 0.087600
1.845 0.087388
1.850 0.087155
1.855 0.086944
1.860 0.086800
1.865 0.086754
1.870 0.086781
1.875 0.086842
1.880 0.086900
1.885 0.086928
1.890 0.086929
1.895 0.086916
1.900 0.086900
1.905 0.086888
1.910 0.086875
1.915 0.086849
1.920 0.086800
1.925 0.086724
1.930 0.086645
1.935 0.086593
1.940 0.086600
1.945 0.086685
1.950 0.086813
1.955 0.086934
1.960 0.087000
1.965 0.086978
1.970 0.086902
1.975 0.086826
1.980 0.086800
1.985 0.086857
1.990 0.086953
1.995 0.087022
2.000 0.087000
2.005 0.086845
2.010 0.086619
2.015 0.086408
2.020 0.086300
2.025 0.086353
2.030 0.086501
2.035 0.086648
2.040 0.086700
2.045 0.086589
2.050 0.086367
2.055 0.086112
2.060 0.085900
2.065 0.085792
2.070 0.085775
2.075 0.085819
2.080 0.085900
2.085 0.085994
2.090 0.086085
2.095 0.086159
2.100 0.086200
2.105 0.086200
2.110 0.086180
2.115 0.086170
2.120 0.086200
2.125 0.086287
2.130 0.086398
2.135 0.086485
2.140 0.086500
2.145 0.086412
2.150 0.086262
2.155 0.086106
2.160 0.086000
2.165 0.085981
2.170 0.085992
2.175 0.085959
2.180 0.085800
2.185 0.085468
2.190 0.085047
2.195 0.084652
2.200 0.084400
2.205 0.084372
2.210 0.084489
2.215 0.084637
2.220 0.084700
2.225 0.084606
2.230 0.084450
2.235 0.084369
2.240 0.084500
2.245 0.084905
2.250 0.085301
2.255 0.085319
2.260 0.084575
2.265 0.082854
2.270 0.080708
2.275 0.078876
2.280 0.078107
2.285 0.078923
2.290 0.080824
2.295 0.083080
2.300 0.084977
2.305 0.085970
2.310 0.086206
2.315 0.085988
2.320 0.085598
2.325 0.085261
2.330 0.085006
2.335 0.084814
2.340 0.084670
2.345 0.084552
2.350 0.084413
2.355 0.084195
2.360 0.083839
2.365 0.083331
2.370 0.082860
2.375 0.082663
2.380 0.082994
2.385 0.083995
2.390 0.085321
2.395 0.086510
2.400 0.087093
2.405 0.086739
2.410 0.085717
2.415 0.084429
2.420 0.083268
2.425 0.082536
2.430 0.082177
2.435 0.082056
2.440 0.082047
2.445 0.082054
2.450 0.082077
2.455 0.082142
2.460 0.082277
2.465 0.082501
2.470 0.082788
2.475 0.083107
2.480 0.083425
2.485 0.083707
2.490 0.083909
2.495 0.083979
2.500 0.083860
