0.350 0.018722
0.355 0.020594
0.360 0.022466
0.365 0.024339
0.370 0.026211
0.375 0.028083
0.380 0.029955
0.385 0.031827
0.390 0.033700
0.395 0.035572
0.400 0.037444
0.405 0.041772
0.410 0.046356
0.415 0.049349
0.420 0.051846
0.425 0.056152
0.430 0.062276
0.435 0.068322
0.440 0.073733
0.445 0.076395
0.450 0.081940
0.455 0.082877
0.460 0.086700
0.465 0.092288
0.470 0.092047
0.475 0.093441
0.480 0.101860
0.485 0.102430
0.490 0.106260
0.495 0.111210
0.500 0.111680
0.505 0.113430
0.510 0.122280
0.515 0.126240
0.520 0.130040
0.525 0.132370
0.530 0.134970
0.535 0.140260
0.540 0.143440
0.545 0.147290
0.550 0.152210
0.555 0.157050
0.560 0.159750
0.565 0.170200
0.570 0.168770
0.575 0.175940
0.580 0.181500
0.585 0.184490
0.590 0.183740
0.595 0.184910
0.600 0.188590
0.605 0.192400
0.610 0.194540
0.615 0.199600
0.620 0.207510
0.625 0.208340
0.630 0.209650
0.635 0.219390
0.640 0.217980
0.645 0.219080
0.650 0.226980
0.655 0.229500
0.660 0.233370
0.665 0.235290
0.670 0.240580
0.675 0.242280
0.680 0.249110
0.685 0.255730
0.690 0.257300
0.695 0.260010
0.700 0.266470
0.705 0.269010
0.710 0.275080
0.715 0.277870
0.720 0.284640
0.725 0.286350
0.730 0.289570
0.735 0.293480
0.740 0.298500
0.745 0.302850
0.750 0.303870
0.755 0.311270
0.760 0.311080
0.765 0.316880
0.770 0.322470
0.775 0.322860
0.780 0.325660
0.785 0.332400
0.790 0.329380
0.795 0.335520
0.800 0.344140
0.805 0.345890
0.810 0.350300
0.815 0.350110
0.820 0.354520
0.825 0.357320
0.830 0.358810
0.835 0.360930
0.840 0.361090
0.845 0.366090
0.850 0.367120
0.855 0.367570
0.860 0.369310
0.865 0.371510
0.870 0.372250
0.875 0.374580
0.880 0.376770
0.885 0.380150
0.890 0.380970
0.895 0.383000
0.900 0.387790
0.905 0.390390
0.910 0.390450
0.915 0.390750
0.920 0.394540
0.925 0.395590
0.930 0.397330
0.935 0.398970
0.940 0.401270
0.945 0.404360
0.950 0.405420
0.955 0.407420
0.960 0.409400
0.965 0.411080
0.970 0.412040
0.975 0.412230
0.980 0.412860
0.985 0.415250
0.990 0.418330
0.995 0.419810
1.000 0.423510
1.005 0.424880
1.010 0.426530
1.015 0.430320
1.020 0.430210
1.025 0.430440
1.030 0.431070
1.035 0.431740
1.040 0.437030
1.045 0.439140
1.050 0.441290
1.055 0.442490
1.060 0.443260
1.065 0.442400
1.070 0.445100
1.075 0.446700
1.080 0.447790
1.085 0.454240
1.090 0.454400
1.095 0.453420
1.100 0.454490
1.105 0.458460
1.110 0.460160
1.115 0.460680
1.120 0.456120
1.125 0.462640
1.130 0.461670
1.135 0.459570
1.140 0.462610
1.145 0.463150
1.150 0.462780
1.155 0.462490
1.160 0.467470
1.165 0.466920
1.170 0.467790
1.175 0.470300
1.180 0.473260
1.185 0.473760
1.190 0.475070
1.195 0.476380
1.200 0.477130
1.205 0.478840
1.210 0.482930
1.215 0.486290
1.220 0.483930
1.225 0.484470
1.230 0.483800
1.235 0.485210
1.240 0.487470
1.245 0.490740
1.250 0.494000
1.255 0.497750
1.260 0.498120
1.265 0.497350
1.270 0.497640
1.275 0.498450
1.280 0.501600
1.285 0.500260
1.290 0.499530
1.295 0.499180
1.300 0.502930
1.305 0.503960
1.310 0.504430
1.315 0.504430
1.320 0.503900
1.325 0.505620
1.330 0.509030
1.335 0.509020
1.340 0.504330
1.345 0.508970
1.350 0.508370
1.355 0.507970
1.360 0.510800
1.365 0.509940
1.370 0.509800
1.375 0.508870
1.380 0.506550
1.385 0.503100
1.390 0.500100
1.395 0.496760
1.400 0.487570
1.405 0.487250
1.410 0.486780
1.415 0.488740
1.420 0.493900
1.425 0.495690
1.430 0.496000
1.435 0.497060
1.440 0.499150
1.445 0.500100
1.450 0.499120
1.455 0.500480
1.460 0.507130
1.465 0.507640
1.470 0.508180
1.475 0.510080
1.480 0.515350
1.485 0.515760
1.490 0.517260
1.495 0.517800
1.500 0.507180
1.505 0.510250
1.510 0.513740
1.515 0.517210
1.520 0.515360
1.525 0.522210
1.530 0.526360
1.535 0.525460
1.540 0.526340
1.545 0.527560
1.550 0.527260
1.555 0.526680
1.560 0.528760
1.565 0.529270
1.570 0.529390
1.575 0.528730
1.580 0.529280
1.585 0.527680
1.590 0.527550
1.595 0.526480
1.600 0.524190
1.605 0.528290
1.610 0.527530
1.615 0.525800
1.620 0.527970
1.625 0.529900
1.630 0.532190
1.635 0.532750
1.640 0.535130
1.645 0.531060
1.650 0.530260
1.655 0.531740
1.660 0.533760
1.665 0.530900
1.670 0.530380
1.675 0.532240
1.680 0.533910
1.685 0.535580
1.690 0.537660
1.695 0.536830
1.700 0.535570
1.705 0.537560
1.710 0.536920
1.715 0.535950
1.720 0.536130
1.725 0.536710
1.730 0.536870
1.735 0.537100
1.740 0.535460
1.745 0.536020
1.750 0.536920
1.755 0.536760
1.760 0.535060
1.765 0.536310
1.770 0.537580
1.775 0.538050
1.780 0.539110
1.785 0.535610
1.790 0.535480
1.795 0.536540
1.800 0.538290
1.805 0.536400
1.810 0.538420
1.815 0.539880
1.820 0.540060
1.825 0.540450
1.830 0.539730
1.835 0.539970
1.840 0.539420
1.845 0.539120
1.850 0.537650
1.855 0.536790
1.860 0.535220
1.865 0.531190
1.870 0.525780
1.875 0.520290
1.880 0.509520
1.885 0.497780
1.890 0.487550
1.895 0.474050
1.900 0.457430
1.905 0.454950
1.910 0.453510
1.915 0.449320
1.920 0.445960
1.925 0.450480
1.930 0.453880
1.935 0.457200
1.940 0.463120
1.945 0.464730
1.950 0.465930
1.955 0.467660
1.960 0.472300
1.965 0.474640
1.970 0.476570
1.975 0.480080
1.980 0.485190
1.985 0.489210
1.990 0.491520
1.995 0.493600
2.000 0.494760
2.005 0.497870
2.010 0.501090
2.015 0.501770
2.020 0.502360
2.025 0.501720
2.030 0.501320
2.035 0.502230
2.040 0.504680
2.045 0.507700
2.050 0.507190
2.055 0.507970
2.060 0.510750
2.065 0.512160
2.070 0.511910
2.075 0.511260
2.080 0.510530
2.085 0.514200
2.090 0.512740
2.095 0.512200
2.100 0.512140
2.105 0.511250
2.110 0.511030
2.115 0.511530
2.120 0.510100
2.125 0.511500
2.130 0.509110
2.135 0.510080
2.140 0.511180
2.145 0.509220
2.150 0.508060
2.155 0.508830
2.160 0.504450
2.165 0.504730
2.170 0.505580
2.175 0.505210
2.180 0.502480
2.185 0.499860
2.190 0.498370
2.195 0.496340
2.200 0.495140
2.205 0.492470
2.210 0.492300
2.215 0.496830
2.220 0.499880
2.225 0.502030
2.230 0.503990
2.235 0.502650
2.240 0.502100
2.245 0.500920
2.250 0.499550
2.255 0.498210
2.260 0.497180
2.265 0.495020
2.270 0.496400
2.275 0.494710
2.280 0.493730
2.285 0.491900
2.290 0.491090
2.295 0.488890
2.300 0.489810
2.305 0.487730
2.310 0.486130
2.315 0.487730
2.320 0.486260
2.325 0.486640
2.330 0.483550
2.335 0.480250
2.340 0.479550
2.345 0.478580
2.350 0.477310
2.355 0.478230
2.360 0.477830
2.365 0.477070
2.370 0.476000
2.375 0.475350
2.380 0.472950
2.385 0.472520
2.390 0.471690
2.395 0.471130
2.400 0.469560
2.405 0.468210
2.410 0.467780
2.415 0.466100
2.420 0.463020
2.425 0.460300
2.430 0.458150
2.435 0.454580
2.440 0.452580
2.445 0.451190
2.450 0.448750
2.455 0.445940
2.460 0.443620
2.465 0.441370
2.470 0.440660
2.475 0.438420
2.480 0.435980
2.485 0.435680
2.490 0.434000
2.495 0.432100
2.500 0.431680
