0.350 0.015345
0.355 0.016880
0.360 0.018414
0.365 0.019949
0.370 0.021483
0.375 0.023018
0.380 0.024552
0.385 0.026086
0.390 0.027621
0.395 0.029156
0.400 0.030690
0.405 0.030441
0.410 0.030816
0.415 0.031847
0.420 0.033832
0.425 0.037087
0.430 0.040749
0.435 0.044757
0.440 0.048695
0.445 0.052387
0.450 0.055978
0.455 0.059359
0.460 0.062547
0.465 0.065633
0.470 0.068444
0.475 0.071115
0.480 0.073643
0.485 0.076063
0.490 0.078403
0.495 0.080743
0.500 0.083125
0.505 0.085605
0.510 0.088207
0.515 0.090983
0.520 0.093942
0.525 0.097147
0.530 0.100560
0.535 0.104190
0.540 0.107960
0.545 0.111870
0.550 0.115900
0.555 0.120000
0.560 0.124170
0.565 0.128440
0.570 0.132760
0.575 0.137220
0.580 0.141790
0.585 0.146480
0.590 0.151490
0.595 0.157000
0.600 0.162760
0.605 0.168360
0.610 0.174100
0.615 0.180340
0.620 0.186760
0.625 0.192910
0.630 0.199060
0.635 0.205720
0.640 0.212930
0.645 0.220190
0.650 0.227360
0.655 0.234680
0.660 0.242100
0.665 0.249710
0.670 0.257310
0.675 0.265160
0.680 0.273410
0.685 0.282030
0.690 0.291050
0.695 0.300280
0.700 0.309520
0.705 0.318800
0.710 0.328120
0.715 0.337360
0.720 0.346580
0.725 0.355700
0.730 0.364880
0.735 0.374000
0.740 0.383090
0.745 0.392030
0.750 0.400820
0.755 0.409550
0.760 0.418180
0.765 0.426760
0.770 0.435280
0.775 0.443590
0.780 0.451840
0.785 0.459920
0.790 0.467840
0.795 0.475580
0.800 0.483150
0.805 0.490470
0.810 0.497560
0.815 0.504570
0.820 0.511390
0.825 0.517820
0.830 0.524200
0.835 0.530260
0.840 0.536190
0.845 0.541930
0.850 0.547410
0.855 0.552730
0.860 0.557810
0.865 0.562760
0.870 0.567490
0.875 0.572120
0.880 0.576550
0.885 0.581080
0.890 0.585200
0.895 0.588880
0.900 0.592570
0.905 0.595890
0.910 0.599170
0.915 0.602350
0.920 0.605640
0.925 0.608960
0.930 0.612280
0.935 0.615390
0.940 0.618720
0.945 0.621160
0.950 0.623850
0.955 0.626630
0.960 0.628580
0.965 0.630330
0.970 0.630920
0.975 0.631200
0.980 0.631530
0.985 0.631360
0.990 0.632010
0.995 0.633340
1.000 0.635240
1.005 0.636790
1.010 0.639440
1.015 0.640750
1.020 0.642620
1.025 0.645330
1.030 0.647430
1.035 0.649580
1.040 0.651850
1.045 0.653570
1.050 0.655630
1.055 0.657620
1.060 0.659830
1.065 0.661640
1.070 0.663290
1.075 0.665040
1.080 0.666670
1.085 0.668430
1.090 0.670120
1.095 0.671540
1.100 0.672760
1.105 0.673750
1.110 0.674510
1.115 0.674420
1.120 0.673560
1.125 0.671450
1.130 0.668890
1.135 0.665120
1.140 0.661210
1.145 0.657550
1.150 0.653050
1.155 0.647810
1.160 0.642190
1.165 0.636250
1.170 0.630400
1.175 0.624780
1.180 0.618620
1.185 0.612300
1.190 0.607460
1.195 0.604420
1.200 0.602580
1.205 0.602420
1.210 0.603720
1.215 0.606890
1.220 0.612330
1.225 0.618640
1.230 0.625270
1.235 0.630980
1.240 0.636130
1.245 0.640250
1.250 0.643930
1.255 0.646770
1.260 0.649190
1.265 0.651250
1.270 0.652930
1.275 0.654890
1.280 0.657110
1.285 0.659140
1.290 0.661070
1.295 0.662780
1.300 0.664010
1.305 0.664640
1.310 0.664300
1.315 0.663340
1.320 0.661560
1.325 0.658350
1.330 0.653850
1.335 0.647860
1.340 0.640140
1.345 0.630670
1.350 0.620350
1.355 0.610000
1.360 0.600320
1.365 0.591150
1.370 0.583010
1.375 0.575570
1.380 0.567690
1.385 0.557870
1.390 0.545530
1.395 0.530180
1.400 0.511340
1.405 0.488390
1.410 0.462260
1.415 0.435730
1.420 0.411510
1.425 0.391280
1.430 0.375590
1.435 0.364170
1.440 0.356700
1.445 0.352260
1.450 0.349910
1.455 0.349050
1.460 0.349250
1.465 0.350030
1.470 0.351290
1.475 0.353160
1.480 0.355810
1.485 0.358830
1.490 0.361980
1.495 0.365270
1.500 0.368750
1.505 0.372470
1.510 0.376080
1.515 0.379590
1.520 0.382830
1.525 0.385540
1.530 0.387790
1.535 0.389660
1.540 0.391420
1.545 0.392890
1.550 0.394230
1.555 0.395780
1.560 0.397190
1.565 0.398480
1.570 0.399700
1.575 0.401420
1.580 0.403330
1.585 0.405410
1.590 0.408260
1.595 0.411790
1.600 0.415450
1.605 0.419340
1.610 0.423280
1.615 0.426880
1.620 0.429460
1.625 0.431160
1.630 0.432430
1.635 0.433650
1.640 0.435070
1.645 0.435980
1.650 0.434550
1.655 0.430780
1.660 0.426220
1.665 0.421560
1.670 0.416700
1.675 0.411910
1.680 0.407570
1.685 0.402220
1.690 0.395820
1.695 0.389730
1.700 0.384370
1.705 0.378330
1.710 0.372700
1.715 0.368510
1.720 0.364080
1.725 0.360560
1.730 0.360770
1.735 0.363940
1.740 0.367540
1.745 0.369900
1.750 0.370580
1.755 0.371020
1.760 0.373000
1.765 0.376120
1.770 0.379480
1.775 0.383190
1.780 0.386430
1.785 0.388080
1.790 0.390140
1.795 0.392210
1.800 0.393720
1.805 0.394530
1.810 0.396010
1.815 0.397650
1.820 0.399000
1.825 0.401040
1.830 0.403410
1.835 0.405870
1.840 0.408660
1.845 0.410890
1.850 0.412800
1.855 0.413630
1.860 0.413090
1.865 0.411450
1.870 0.407610
1.875 0.400360
1.880 0.388710
1.885 0.372270
1.890 0.350170
1.895 0.323200
1.900 0.294730
1.905 0.267840
1.910 0.246500
1.915 0.231530
1.920 0.222260
1.925 0.217400
1.930 0.216210
1.935 0.217570
1.940 0.221210
1.945 0.225860
1.950 0.231560
1.955 0.237180
1.960 0.243120
1.965 0.249080
1.970 0.254950
1.975 0.260640
1.980 0.266130
1.985 0.271360
1.990 0.275970
1.995 0.279550
2.000 0.281910
2.005 0.283080
2.010 0.282870
2.015 0.281090
2.020 0.277550
2.025 0.272650
2.030 0.266300
2.035 0.259360
2.040 0.252180
2.045 0.245080
2.050 0.238320
2.055 0.232290
2.060 0.227050
2.065 0.222680
2.070 0.218750
2.075 0.215490
2.080 0.212680
2.085 0.210230
2.090 0.208140
2.095 0.206470
2.100 0.205140
2.105 0.204130
2.110 0.203360
2.115 0.202980
2.120 0.202870
2.125 0.202840
2.130 0.203000
2.135 0.203370
2.140 0.204050
2.145 0.205730
2.150 0.208020
2.155 0.210160
2.160 0.212590
2.165 0.215780
2.170 0.219090
2.175 0.222300
2.180 0.225550
2.185 0.228610
2.190 0.231470
2.195 0.234160
2.200 0.236750
2.205 0.239180
2.210 0.241130
2.215 0.241920
2.220 0.241840
2.225 0.240580
2.230 0.237670
2.235 0.232620
2.240 0.226540
2.245 0.218750
2.250 0.210330
2.255 0.201330
2.260 0.192320
2.265 0.184520
2.270 0.178220
2.275 0.173970
2.280 0.171450
2.285 0.169370
2.290 0.166480
2.295 0.162390
2.300 0.157690
2.305 0.154180
2.310 0.152760
2.315 0.155240
2.320 0.159370
2.325 0.161460
2.330 0.161180
2.335 0.159370
2.340 0.157210
2.345 0.154790
2.350 0.153790
2.355 0.154980
2.360 0.157130
2.365 0.157980
2.370 0.158110
2.375 0.158050
2.380 0.157550
2.385 0.157280
2.390 0.157920
2.395 0.157960
2.400 0.157710
2.405 0.157580
2.410 0.156600
2.415 0.154530
2.420 0.152260
2.425 0.149920
2.430 0.147350
2.435 0.144150
2.440 0.140850
2.445 0.137240
2.450 0.133470
2.455 0.130260
2.460 0.126870
2.465 0.124060
2.470 0.120720
2.475 0.119610
2.480 0.118000
2.485 0.115300
2.490 0.114920
2.495 0.115280
2.500 0.115310
