0.350 0.121800
0.355 0.123200
0.360 0.124800
0.365 0.126460
0.370 0.128300
0.375 0.130470
0.380 0.134000
0.385 0.137050
0.390 0.140400
0.395 0.143550
0.400 0.146100
0.405 0.147940
0.410 0.149600
0.415 0.151360
0.420 0.152900
0.425 0.154500
0.430 0.156000
0.435 0.157460
0.440 0.158700
0.445 0.160010
0.450 0.161000
0.455 0.161660
0.460 0.162200
0.465 0.162860
0.470 0.163400
0.475 0.164000
0.480 0.164600
0.485 0.165050
0.490 0.165400
0.495 0.165640
0.500 0.166200
0.505 0.166700
0.510 0.167100
0.515 0.167410
0.520 0.167600
0.525 0.167800
0.530 0.167900
0.535 0.168250
0.540 0.168500
0.545 0.168910
0.550 0.169500
0.555 0.170140
0.560 0.171000
0.565 0.171840
0.570 0.173200
0.575 0.174710
0.580 0.176100
0.585 0.177510
0.590 0.178700
0.595 0.179660
0.600 0.180300
0.605 0.180910
0.610 0.181200
0.615 0.181400
0.620 0.181500
0.625 0.181500
0.630 0.181500
0.635 0.181460
0.640 0.181400
0.645 0.181300
0.650 0.181300
0.655 0.181300
0.660 0.181300
0.665 0.181450
0.670 0.181600
0.675 0.181760
0.680 0.182100
0.685 0.182310
0.690 0.183000
0.695 0.183500
0.700 0.184000
0.705 0.184650
0.710 0.185300
0.715 0.186050
0.720 0.186700
0.725 0.187610
0.730 0.188400
0.735 0.189300
0.740 0.190100
0.745 0.190960
0.750 0.191700
0.755 0.192460
0.760 0.193100
0.765 0.193700
0.770 0.194200
0.775 0.194690
0.780 0.195000
0.785 0.195350
0.790 0.195400
0.795 0.195440
0.800 0.195400
0.805 0.195090
0.810 0.194750
0.815 0.194360
0.820 0.193900
0.825 0.193370
0.830 0.192780
0.835 0.192150
0.840 0.191500
0.845 0.190860
0.850 0.190270
0.855 0.189800
0.860 0.189500
0.865 0.189420
0.870 0.189480
0.875 0.189570
0.880 0.189600
0.885 0.189490
0.890 0.189320
0.895 0.189180
0.900 0.189200
0.905 0.189430
0.910 0.189750
0.915 0.189960
0.920 0.189900
0.925 0.189440
0.930 0.188710
0.935 0.187930
0.940 0.187300
0.945 0.186970
0.950 0.186940
0.955 0.187160
0.960 0.187600
0.965 0.188220
0.970 0.188930
0.975 0.189630
0.980 0.190200
0.985 0.190570
0.990 0.190750
0.995 0.190820
1.000 0.190800
1.005 0.190740
1.010 0.190650
1.015 0.190540
1.020 0.190400
1.025 0.190240
1.030 0.190060
1.035 0.189850
1.040 0.189600
1.045 0.189300
1.050 0.188950
1.055 0.188520
1.060 0.188000
1.065 0.187390
1.070 0.186720
1.075 0.186070
1.080 0.185500
1.085 0.185040
1.090 0.184670
1.095 0.184340
1.100 0.184000
1.105 0.183620
1.110 0.183220
1.115 0.182840
1.120 0.182500
1.125 0.182230
1.130 0.181990
1.135 0.181730
1.140 0.181400
1.145 0.180970
1.150 0.180510
1.155 0.180120
1.160 0.179900
1.165 0.179910
1.170 0.180060
1.175 0.180200
1.180 0.180200
1.185 0.179960
1.190 0.179560
1.195 0.179130
1.200 0.178800
1.205 0.178650
1.210 0.178630
1.215 0.178680
1.220 0.178700
1.225 0.178650
1.230 0.178550
1.235 0.178460
1.240 0.178400
1.245 0.178420
1.250 0.178480
1.255 0.178560
1.260 0.178600
1.265 0.178580
1.270 0.178520
1.275 0.178450
1.280 0.178400
1.285 0.178390
1.290 0.178390
1.295 0.178370
1.300 0.178300
1.305 0.178150
1.310 0.177950
1.315 0.177760
1.320 0.177600
1.325 0.177520
1.330 0.177480
1.335 0.177460
1.340 0.177400
1.345 0.177290
1.350 0.177140
1.355 0.177000
1.360 0.176900
1.365 0.176850
1.370 0.176770
1.375 0.176560
1.380 0.176100
1.385 0.175320
1.390 0.174330
1.395 0.173310
1.400 0.172400
1.405 0.171750
1.410 0.171390
1.415 0.171360
1.420 0.171700
1.425 0.172410
1.430 0.173310
1.435 0.174190
1.440 0.174800
1.445 0.175000
1.450 0.174880
1.455 0.174630
1.460 0.174400
1.465 0.174330
1.470 0.174360
1.475 0.174450
1.480 0.174500
1.485 0.174470
1.490 0.174360
1.495 0.174200
1.500 0.174000
1.505 0.173780
1.510 0.173580
1.515 0.173410
1.520 0.173300
1.525 0.173280
1.530 0.173300
1.535 0.173320
1.540 0.173300
1.545 0.173200
1.550 0.173040
1.555 0.172860
1.560 0.172700
1.565 0.172590
1.570 0.172520
1.575 0.172460
1.580 0.172400
1.585 0.172330
1.590 0.172240
1.595 0.172160
1.600 0.172100
1.605 0.172070
1.610 0.172060
1.615 0.172070
1.620 0.172100
1.625 0.172150
1.630 0.172210
1.635 0.172300
1.640 0.172400
1.645 0.172520
1.650 0.172620
1.655 0.172660
1.660 0.172600
1.665 0.172420
1.670 0.172170
1.675 0.171940
1.680 0.171800
1.685 0.171810
1.690 0.171920
1.695 0.172070
1.700 0.172200
1.705 0.172260
1.710 0.172270
1.715 0.172240
1.720 0.172200
1.725 0.172170
1.730 0.172130
1.735 0.172080
1.740 0.172000
1.745 0.171880
1.750 0.171740
1.755 0.171640
1.760 0.171600
1.765 0.171660
1.770 0.171770
1.775 0.171900
1.780 0.172000
1.785 0.172030
1.790 0.172000
1.795 0.171920
1.800 0.171800
1.805 0.171660
1.810 0.171520
1.815 0.171390
1.820 0.171300
1.825 0.171260
1.830 0.171260
1.835 0.171250
1.840 0.171200
1.845 0.171100
1.850 0.170960
1.855 0.170810
1.860 0.170700
1.865 0.170640
1.870 0.170610
1.875 0.170580
1.880 0.170500
1.885 0.170360
1.890 0.170180
1.895 0.169980
1.900 0.169800
1.905 0.169650
1.910 0.169540
1.915 0.169460
1.920 0.169400
1.925 0.169360
1.930 0.169340
1.935 0.169350
1.940 0.169400
1.945 0.169490
1.950 0.169600
1.955 0.169740
1.960 0.169900
1.965 0.170060
1.970 0.170220
1.975 0.170340
1.980 0.170400
1.985 0.170400
1.990 0.170360
1.995 0.170350
2.000 0.170400
2.005 0.170550
2.010 0.170760
2.015 0.170970
2.020 0.171100
2.025 0.171120
2.030 0.171060
2.035 0.170970
2.040 0.170900
2.045 0.170890
2.050 0.170950
2.055 0.171080
2.060 0.171300
2.065 0.171600
2.070 0.171920
2.075 0.172210
2.080 0.172400
2.085 0.172450
2.090 0.172420
2.095 0.172380
2.100 0.172400
2.105 0.172540
2.110 0.172760
2.115 0.172970
2.120 0.173100
2.125 0.173100
2.130 0.173010
2.135 0.172890
2.140 0.172800
2.145 0.172770
2.150 0.172730
2.155 0.172570
2.160 0.172200
2.165 0.171530
2.170 0.170590
2.175 0.169430
2.180 0.168100
2.185 0.166660
2.190 0.165300
2.195 0.164230
2.200 0.163700
2.205 0.163860
2.210 0.164560
2.215 0.165540
2.220 0.166600
2.225 0.167530
2.230 0.168170
2.235 0.168380
2.240 0.168000
2.245 0.166950
2.250 0.165590
2.255 0.164370
2.260 0.163750
2.265 0.164030
2.270 0.164820
2.275 0.165550
2.280 0.165640
2.285 0.164730
2.290 0.163290
2.295 0.161960
2.300 0.161420
2.305 0.162100
2.310 0.163420
2.315 0.164560
2.320 0.164700
2.325 0.163240
2.330 0.160740
2.335 0.157960
2.340 0.155670
2.345 0.154480
2.350 0.154270
2.355 0.154770
2.360 0.155770
2.365 0.157010
2.370 0.158250
2.375 0.159180
2.380 0.159520
2.385 0.159080
2.390 0.158200
2.395 0.157320
2.400 0.156930
2.405 0.157310
2.410 0.158140
2.415 0.158910
2.420 0.159130
2.425 0.158470
2.430 0.157260
2.435 0.155990
2.440 0.155140
2.445 0.155060
2.450 0.155510
2.455 0.156130
2.460 0.156530
2.465 0.156450
2.470 0.156070
2.475 0.155680
2.480 0.155550
2.485 0.155900
2.490 0.156570
2.495 0.157370
2.500 0.158070
