0.350 0.093644
0.355 0.103010
0.360 0.112370
0.365 0.121740
0.370 0.131100
0.375 0.140470
0.380 0.149830
0.385 0.159190
0.390 0.168560
0.395 0.177920
0.400 0.187290
0.405 0.188580
0.410 0.189910
0.415 0.191230
0.420 0.192610
0.425 0.194080
0.430 0.195720
0.435 0.197530
0.440 0.199260
0.445 0.200950
0.450 0.202610
0.455 0.203970
0.460 0.205050
0.465 0.205940
0.470 0.206680
0.475 0.207510
0.480 0.208200
0.485 0.209500
0.490 0.211210
0.495 0.213190
0.500 0.215130
0.505 0.216980
0.510 0.218910
0.515 0.221010
0.520 0.223070
0.525 0.225380
0.530 0.227680
0.535 0.230230
0.540 0.232700
0.545 0.235190
0.550 0.237800
0.555 0.240310
0.560 0.243020
0.565 0.245930
0.570 0.248550
0.575 0.251030
0.580 0.253780
0.585 0.256530
0.590 0.259440
0.595 0.262140
0.600 0.264850
0.605 0.267820
0.610 0.270670
0.615 0.273680
0.620 0.276880
0.625 0.280090
0.630 0.283440
0.635 0.286890
0.640 0.290310
0.645 0.294000
0.650 0.297770
0.655 0.301470
0.660 0.305420
0.665 0.309410
0.670 0.313470
0.675 0.317930
0.680 0.322090
0.685 0.326070
0.690 0.330700
0.695 0.335290
0.700 0.339900
0.705 0.344880
0.710 0.349480
0.715 0.354200
0.720 0.359580
0.725 0.364590
0.730 0.369610
0.735 0.374550
0.740 0.379690
0.745 0.384200
0.750 0.389260
0.755 0.394640
0.760 0.398680
0.765 0.403100
0.770 0.408740
0.775 0.412970
0.780 0.417510
0.785 0.421720
0.790 0.426150
0.795 0.429870
0.800 0.434190
0.805 0.438370
0.810 0.441550
0.815 0.445560
0.820 0.448880
0.825 0.451790
0.830 0.454690
0.835 0.458650
0.840 0.458280
0.845 0.462880
0.850 0.466620
0.855 0.470360
0.860 0.470260
0.865 0.471160
0.870 0.476200
0.875 0.478440
0.880 0.480450
0.885 0.482340
0.890 0.483920
0.895 0.486240
0.900 0.487570
0.905 0.489280
0.910 0.491360
0.915 0.492220
0.920 0.491550
0.925 0.492150
0.930 0.494310
0.935 0.497110
0.940 0.500160
0.945 0.502220
0.950 0.504480
0.955 0.506900
0.960 0.508500
0.965 0.510630
0.970 0.512970
0.975 0.515140
0.980 0.517400
0.985 0.519050
0.990 0.520830
0.995 0.523350
1.000 0.525620
1.005 0.528110
1.010 0.530150
1.015 0.531690
1.020 0.534260
1.025 0.536450
1.030 0.538900
1.035 0.541220
1.040 0.543210
1.045 0.546630
1.050 0.547560
1.055 0.549520
1.060 0.553130
1.065 0.555290
1.070 0.557330
1.075 0.559340
1.080 0.562630
1.085 0.564070
1.090 0.567240
1.095 0.569820
1.100 0.571970
1.105 0.574420
1.110 0.576900
1.115 0.579540
1.120 0.581750
1.125 0.584790
1.130 0.586810
1.135 0.589730
1.140 0.591530
1.145 0.593640
1.150 0.595890
1.155 0.598760
1.160 0.600670
1.165 0.602730
1.170 0.605140
1.175 0.607050
1.180 0.609130
1.185 0.611260
1.190 0.613550
1.195 0.615330
1.200 0.617250
1.205 0.619520
1.210 0.621150
1.215 0.623010
1.220 0.625140
1.225 0.626790
1.230 0.627840
1.235 0.629330
1.240 0.631540
1.245 0.632890
1.250 0.633890
1.255 0.635650
1.260 0.637950
1.265 0.638440
1.270 0.640460
1.275 0.641220
1.280 0.642920
1.285 0.643910
1.290 0.644880
1.295 0.645400
1.300 0.647420
1.305 0.647870
1.310 0.648450
1.315 0.649430
1.320 0.650260
1.325 0.650810
1.330 0.652140
1.335 0.652980
1.340 0.654300
1.345 0.654430
1.350 0.653300
1.355 0.652000
1.360 0.652970
1.365 0.655880
1.370 0.655970
1.375 0.653660
1.380 0.651100
1.385 0.649730
1.390 0.645160
1.395 0.638930
1.400 0.634850
1.405 0.628590
1.410 0.622210
1.415 0.618790
1.420 0.620940
1.425 0.624670
1.430 0.627420
1.435 0.629950
1.440 0.631640
1.445 0.633140
1.450 0.634720
1.455 0.635020
1.460 0.635850
1.465 0.636530
1.470 0.638330
1.475 0.640800
1.480 0.642450
1.485 0.644290
1.490 0.646420
1.495 0.647510
1.500 0.649130
1.505 0.651700
1.510 0.653390
1.515 0.654750
1.520 0.655800
1.525 0.656990
1.530 0.658630
1.535 0.659920
1.540 0.660860
1.545 0.661160
1.550 0.662420
1.555 0.663750
1.560 0.665420
1.565 0.665530
1.570 0.666920
1.575 0.667990
1.580 0.668820
1.585 0.670380
1.590 0.671150
1.595 0.671970
1.600 0.672390
1.605 0.673190
1.610 0.673870
1.615 0.674350
1.620 0.674650
1.625 0.675210
1.630 0.675400
1.635 0.676040
1.640 0.675930
1.645 0.676110
1.650 0.675740
1.655 0.675260
1.660 0.675870
1.665 0.676020
1.670 0.676210
1.675 0.676560
1.680 0.676850
1.685 0.677760
1.690 0.678310
1.695 0.678470
1.700 0.678270
1.705 0.678520
1.710 0.679060
1.715 0.679340
1.720 0.679350
1.725 0.679560
1.730 0.678860
1.735 0.678330
1.740 0.678710
1.745 0.678140
1.750 0.677290
1.755 0.676590
1.760 0.676850
1.765 0.675900
1.770 0.676050
1.775 0.676340
1.780 0.676410
1.785 0.675460
1.790 0.673680
1.795 0.673720
1.800 0.674190
1.805 0.673830
1.810 0.673720
1.815 0.673920
1.820 0.673730
1.825 0.673620
1.830 0.673000
1.835 0.673160
1.840 0.673400
1.845 0.674000
1.850 0.673710
1.855 0.671640
1.860 0.669000
1.865 0.665220
1.870 0.659390
1.875 0.653530
1.880 0.644890
1.885 0.632320
1.890 0.616450
1.895 0.599410
1.900 0.581100
1.905 0.563990
1.910 0.551260
1.915 0.542300
1.920 0.536940
1.925 0.534730
1.930 0.534970
1.935 0.535970
1.940 0.538670
1.945 0.541560
1.950 0.543100
1.955 0.545660
1.960 0.548280
1.965 0.550630
1.970 0.553340
1.975 0.555430
1.980 0.557410
1.985 0.559810
1.990 0.562130
1.995 0.563510
2.000 0.565720
2.005 0.567100
2.010 0.568350
2.015 0.571060
2.020 0.572550
2.025 0.575000
2.030 0.577190
2.035 0.579500
2.040 0.581320
2.045 0.583120
2.050 0.584850
2.055 0.585470
2.060 0.587270
2.065 0.588220
2.070 0.588950
2.075 0.589280
2.080 0.588930
2.085 0.588960
2.090 0.587860
2.095 0.587260
2.100 0.585320
2.105 0.584470
2.110 0.583830
2.115 0.585300
2.120 0.585580
2.125 0.587860
2.130 0.590160
2.135 0.591340
2.140 0.592230
2.145 0.593640
2.150 0.593150
2.155 0.594220
2.160 0.593050
2.165 0.592150
2.170 0.590530
2.175 0.590620
2.180 0.589410
2.185 0.588210
2.190 0.585880
2.195 0.581540
2.200 0.578060
2.205 0.573050
2.210 0.572090
2.215 0.574080
2.220 0.579210
2.225 0.582790
2.230 0.586140
2.235 0.587750
2.240 0.588670
2.245 0.590550
2.250 0.591200
2.255 0.590100
2.260 0.592110
2.265 0.594250
2.270 0.595720
2.275 0.592630
2.280 0.591720
2.285 0.592770
2.290 0.591940
2.295 0.589530
2.300 0.587810
2.305 0.589310
2.310 0.583210
2.315 0.580630
2.320 0.579520
2.325 0.576320
2.330 0.570680
2.335 0.568120
2.340 0.562690
2.345 0.559130
2.350 0.558270
2.355 0.553940
2.360 0.549430
2.365 0.551250
2.370 0.546570
2.375 0.544730
2.380 0.538420
2.385 0.535650
2.390 0.539220
2.395 0.532860
2.400 0.531120
2.405 0.525990
2.410 0.524260
2.415 0.524610
2.420 0.521050
2.425 0.513140
2.430 0.512750
2.435 0.510410
2.440 0.504440
2.445 0.498840
2.450 0.496570
2.455 0.494250
2.460 0.490780
2.465 0.491470
2.470 0.488130
2.475 0.488060
2.480 0.476790
2.485 0.477510
2.490 0.477820
2.495 0.471080
2.500 0.474210
