0.350 0.019480
0.355 0.021428
0.360 0.023376
0.365 0.025324
0.370 0.027272
0.375 0.029220
0.380 0.031168
0.385 0.033116
0.390 0.035064
0.395 0.037012
0.400 0.038960
0.405 0.039641
0.410 0.035330
0.415 0.035717
0.420 0.036647
0.425 0.036426
0.430 0.036631
0.435 0.036486
0.440 0.038351
0.445 0.038632
0.450 0.038547
0.455 0.038987
0.460 0.039150
0.465 0.040120
0.470 0.039756
0.475 0.039419
0.480 0.039683
0.485 0.040181
0.490 0.040891
0.495 0.041685
0.500 0.044707
0.505 0.049653
0.510 0.058407
0.515 0.073481
0.520 0.094811
0.525 0.120210
0.530 0.143080
0.535 0.159330
0.540 0.168550
0.545 0.174030
0.550 0.178160
0.555 0.178950
0.560 0.173480
0.565 0.161830
0.570 0.146080
0.575 0.129330
0.580 0.116200
0.585 0.106840
0.590 0.100090
0.595 0.096024
0.600 0.093546
0.605 0.090739
0.610 0.084640
0.615 0.077790
0.620 0.072341
0.625 0.069313
0.630 0.067654
0.635 0.066075
0.640 0.061553
0.645 0.055703
0.650 0.050619
0.655 0.047953
0.660 0.044857
0.665 0.042398
0.670 0.041826
0.675 0.043148
0.680 0.045968
0.685 0.050805
0.690 0.062867
0.695 0.100630
0.700 0.170480
0.705 0.260690
0.710 0.355930
0.715 0.452030
0.720 0.545100
0.725 0.629460
0.730 0.700360
0.735 0.755540
0.740 0.796600
0.745 0.824560
0.750 0.842670
0.755 0.853680
0.760 0.860040
0.765 0.863540
0.770 0.865260
0.775 0.866730
0.780 0.867920
0.785 0.868890
0.790 0.870140
0.795 0.871430
0.800 0.872440
0.805 0.873500
0.810 0.874850
0.815 0.876390
0.820 0.877170
0.825 0.878440
0.830 0.879570
0.835 0.880510
0.840 0.881340
0.845 0.882690
0.850 0.883710
0.855 0.884900
0.860 0.885710
0.865 0.886750
0.870 0.887440
0.875 0.888180
0.880 0.888900
0.885 0.889340
0.890 0.889750
0.895 0.890310
0.900 0.890610
0.905 0.891150
0.910 0.891550
0.915 0.891910
0.920 0.892180
0.925 0.891660
0.930 0.890710
0.935 0.889520
0.940 0.887830
0.945 0.885670
0.950 0.882150
0.955 0.877530
0.960 0.873450
0.965 0.871380
0.970 0.870920
0.975 0.871550
0.980 0.872620
0.985 0.874210
0.990 0.876140
0.995 0.878550
1.000 0.880910
1.005 0.881690
1.010 0.882310
1.015 0.886020
1.020 0.888820
1.025 0.890980
1.030 0.893150
1.035 0.894160
1.040 0.895400
1.045 0.899540
1.050 0.900510
1.055 0.901110
1.060 0.902610
1.065 0.904510
1.070 0.905580
1.075 0.905810
1.080 0.907050
1.085 0.904940
1.090 0.904710
1.095 0.904140
1.100 0.903720
1.105 0.903150
1.110 0.900530
1.115 0.899880
1.120 0.896700
1.125 0.894230
1.130 0.889060
1.135 0.881780
1.140 0.870840
1.145 0.858910
1.150 0.848710
1.155 0.841130
1.160 0.838160
1.165 0.834660
1.170 0.833920
1.175 0.834130
1.180 0.833460
1.185 0.833130
1.190 0.832030
1.195 0.832720
1.200 0.833600
1.205 0.834880
1.210 0.837050
1.215 0.838920
1.220 0.841070
1.225 0.843260
1.230 0.845280
1.235 0.847150
1.240 0.848670
1.245 0.850780
1.250 0.852560
1.255 0.852660
1.260 0.853910
1.265 0.853880
1.270 0.854000
1.275 0.853700
1.280 0.852490
1.285 0.850110
1.290 0.847890
1.295 0.844210
1.300 0.839540
1.305 0.834120
1.310 0.827270
1.315 0.818800
1.320 0.809500
1.325 0.798360
1.330 0.786610
1.335 0.773440
1.340 0.762530
1.345 0.751310
1.350 0.739930
1.355 0.729100
1.360 0.717590
1.365 0.703220
1.370 0.682430
1.375 0.655150
1.380 0.616060
1.385 0.565930
1.390 0.509230
1.395 0.452620
1.400 0.401100
1.405 0.359950
1.410 0.329490
1.415 0.309020
1.420 0.295600
1.425 0.287100
1.430 0.282650
1.435 0.280550
1.440 0.280770
1.445 0.282100
1.450 0.284240
1.455 0.287110
1.460 0.292080
1.465 0.299260
1.470 0.309160
1.475 0.320490
1.480 0.333050
1.485 0.346210
1.490 0.360160
1.495 0.374220
1.500 0.388740
1.505 0.402580
1.510 0.416920
1.515 0.430740
1.520 0.444190
1.525 0.457170
1.530 0.469480
1.535 0.481480
1.540 0.493110
1.545 0.504480
1.550 0.514990
1.555 0.525220
1.560 0.534880
1.565 0.544340
1.570 0.552420
1.575 0.560840
1.580 0.568650
1.585 0.576410
1.590 0.583190
1.595 0.590580
1.600 0.597400
1.605 0.603180
1.610 0.608990
1.615 0.614530
1.620 0.619480
1.625 0.624120
1.630 0.628420
1.635 0.633140
1.640 0.636490
1.645 0.639040
1.650 0.642060
1.655 0.644150
1.660 0.644940
1.665 0.645330
1.670 0.645720
1.675 0.644880
1.680 0.642110
1.685 0.639660
1.690 0.636100
1.695 0.632470
1.700 0.629390
1.705 0.624700
1.710 0.621420
1.715 0.616280
1.720 0.612270
1.725 0.606680
1.730 0.602520
1.735 0.597190
1.740 0.592170
1.745 0.586130
1.750 0.579430
1.755 0.572390
1.760 0.565380
1.765 0.559520
1.770 0.553550
1.775 0.549610
1.780 0.545720
1.785 0.542580
1.790 0.541130
1.795 0.541380
1.800 0.541300
1.805 0.527880
1.810 0.528650
1.815 0.528280
1.820 0.527430
1.825 0.526000
1.830 0.522970
1.835 0.517980
1.840 0.510230
1.845 0.498650
1.850 0.482080
1.855 0.459500
1.860 0.429170
1.865 0.389960
1.870 0.341340
1.875 0.286440
1.880 0.231080
1.885 0.179430
1.890 0.136330
1.895 0.104450
1.900 0.084046
1.905 0.071837
1.910 0.065210
1.915 0.061714
1.920 0.060163
1.925 0.060051
1.930 0.060924
1.935 0.062615
1.940 0.065236
1.945 0.068422
1.950 0.072250
1.955 0.076644
1.960 0.081675
1.965 0.087060
1.970 0.092892
1.975 0.099419
1.980 0.106200
1.985 0.113370
1.990 0.120790
1.995 0.128510
2.000 0.136300
2.005 0.144010
2.010 0.151920
2.015 0.159480
2.020 0.166810
2.025 0.173920
2.030 0.180610
2.035 0.187170
2.040 0.193350
2.045 0.199280
2.050 0.205160
2.055 0.211180
2.060 0.217390
2.065 0.223810
2.070 0.230220
2.075 0.236480
2.080 0.242630
2.085 0.248820
2.090 0.254770
2.095 0.260670
2.100 0.266270
2.105 0.272160
2.110 0.277470
2.115 0.283010
2.120 0.288090
2.125 0.293000
2.130 0.297470
2.135 0.301480
2.140 0.305210
2.145 0.308720
2.150 0.312040
2.155 0.315120
2.160 0.317810
2.165 0.320390
2.170 0.323050
2.175 0.325920
2.180 0.328700
2.185 0.331580
2.190 0.334390
2.195 0.337010
2.200 0.338880
2.205 0.340350
2.210 0.341480
2.215 0.341850
2.220 0.341760
2.225 0.340810
2.230 0.338900
2.235 0.335690
2.240 0.331750
2.245 0.326890
2.250 0.321580
2.255 0.315190
2.260 0.308270
2.265 0.301630
2.270 0.294960
2.275 0.289190
2.280 0.283880
2.285 0.278830
2.290 0.273440
2.295 0.268070
2.300 0.262440
2.305 0.256940
2.310 0.252040
2.315 0.247790
2.320 0.243700
2.325 0.239540
2.330 0.234540
2.335 0.229160
2.340 0.223410
2.345 0.217870
2.350 0.212820
2.355 0.207950
2.360 0.203250
2.365 0.198600
2.370 0.193570
2.375 0.188640
2.380 0.183440
2.385 0.177570
2.390 0.172750
2.395 0.167140
2.400 0.161240
2.405 0.155840
2.410 0.150190
2.415 0.144920
2.420 0.138500
2.425 0.133360
2.430 0.127700
2.435 0.122210
2.440 0.116750
2.445 0.111900
2.450 0.106570
2.455 0.102000
2.460 0.097571
2.465 0.093292
2.470 0.089243
2.475 0.085189
2.480 0.082450
2.485 0.078979
2.490 0.078114
2.495 0.076940
2.500 0.072925
