0.350 0.015087
0.355 0.016596
0.360 0.018104
0.365 0.019613
0.370 0.021122
0.375 0.022631
0.380 0.024139
0.385 0.025648
0.390 0.027157
0.395 0.028665
0.400 0.030174
0.405 0.030622
0.410 0.031678
0.415 0.033332
0.420 0.034521
0.425 0.035054
0.430 0.035203
0.435 0.035701
0.440 0.035851
0.445 0.035829
0.450 0.036223
0.455 0.036534
0.460 0.035738
0.465 0.036859
0.470 0.037309
0.475 0.036593
0.480 0.036710
0.485 0.037030
0.490 0.036572
0.495 0.037192
0.500 0.038165
0.505 0.040290
0.510 0.043274
0.515 0.050000
0.520 0.059774
0.525 0.072766
0.530 0.083287
0.535 0.091234
0.540 0.094628
0.545 0.096491
0.550 0.097441
0.555 0.098394
0.560 0.094183
0.565 0.088201
0.570 0.079234
0.575 0.071290
0.580 0.065199
0.585 0.061632
0.590 0.059807
0.595 0.056034
0.600 0.056862
0.605 0.054560
0.610 0.052469
0.615 0.049929
0.620 0.047828
0.625 0.046581
0.630 0.045923
0.635 0.045274
0.640 0.043783
0.645 0.042058
0.650 0.040517
0.655 0.040152
0.660 0.037966
0.665 0.036555
0.670 0.035895
0.675 0.035278
0.680 0.035515
0.685 0.036459
0.690 0.040210
0.695 0.052767
0.700 0.086424
0.705 0.133120
0.710 0.183360
0.715 0.235290
0.720 0.292550
0.725 0.353350
0.730 0.413570
0.735 0.471370
0.740 0.520430
0.745 0.558430
0.750 0.586180
0.755 0.605940
0.760 0.617370
0.765 0.626590
0.770 0.630350
0.775 0.633850
0.780 0.636130
0.785 0.637040
0.790 0.637610
0.795 0.638920
0.800 0.638070
0.805 0.639680
0.810 0.640510
0.815 0.639550
0.820 0.639730
0.825 0.640240
0.830 0.640860
0.835 0.641530
0.840 0.640940
0.845 0.641470
0.850 0.643900
0.855 0.645980
0.860 0.646630
0.865 0.645610
0.870 0.644510
0.875 0.644790
0.880 0.645740
0.885 0.645840
0.890 0.644790
0.895 0.643920
0.900 0.643770
0.905 0.642960
0.910 0.640750
0.915 0.638740
0.920 0.637930
0.925 0.637620
0.930 0.637260
0.935 0.636460
0.940 0.634630
0.945 0.631070
0.950 0.628110
0.955 0.627060
0.960 0.623350
0.965 0.619840
0.970 0.620490
0.975 0.619120
0.980 0.617580
0.985 0.618040
0.990 0.617900
0.995 0.617060
1.000 0.618900
1.005 0.619230
1.010 0.620350
1.015 0.619990
1.020 0.622820
1.025 0.627120
1.030 0.626760
1.035 0.627600
1.040 0.626570
1.045 0.628450
1.050 0.627980
1.055 0.629000
1.060 0.631370
1.065 0.630100
1.070 0.629940
1.075 0.628900
1.080 0.627200
1.085 0.628330
1.090 0.628670
1.095 0.626460
1.100 0.625050
1.105 0.624260
1.110 0.623090
1.115 0.623320
1.120 0.621740
1.125 0.621360
1.130 0.617310
1.135 0.612670
1.140 0.604350
1.145 0.595610
1.150 0.587150
1.155 0.582040
1.160 0.576800
1.165 0.571390
1.170 0.569650
1.175 0.568770
1.180 0.566240
1.185 0.566040
1.190 0.564860
1.195 0.563900
1.200 0.561870
1.205 0.563040
1.210 0.563090
1.215 0.564620
1.220 0.566110
1.225 0.567880
1.230 0.569510
1.235 0.569830
1.240 0.570820
1.245 0.572050
1.250 0.571760
1.255 0.573230
1.260 0.574810
1.265 0.574050
1.270 0.574000
1.275 0.574390
1.280 0.572710
1.285 0.571480
1.290 0.569950
1.295 0.567300
1.300 0.564210
1.305 0.561880
1.310 0.556380
1.315 0.552330
1.320 0.545640
1.325 0.537410
1.330 0.528950
1.335 0.520200
1.340 0.512000
1.345 0.502430
1.350 0.494590
1.355 0.488510
1.360 0.481130
1.365 0.474700
1.370 0.463550
1.375 0.447940
1.380 0.429230
1.385 0.402510
1.390 0.363870
1.395 0.329200
1.400 0.290060
1.405 0.257750
1.410 0.234500
1.415 0.217510
1.420 0.205450
1.425 0.194770
1.430 0.186930
1.435 0.183050
1.440 0.180250
1.445 0.179050
1.450 0.176930
1.455 0.177250
1.460 0.178050
1.465 0.177870
1.470 0.181770
1.475 0.187880
1.480 0.194000
1.485 0.199880
1.490 0.207750
1.495 0.214900
1.500 0.220930
1.505 0.230130
1.510 0.237110
1.515 0.244270
1.520 0.254610
1.525 0.263690
1.530 0.271520
1.535 0.278200
1.540 0.285210
1.545 0.293870
1.550 0.299490
1.555 0.305630
1.560 0.313330
1.565 0.319530
1.570 0.323950
1.575 0.329600
1.580 0.334300
1.585 0.338500
1.590 0.344840
1.595 0.348910
1.600 0.352400
1.605 0.357460
1.610 0.360830
1.615 0.363720
1.620 0.367180
1.625 0.370790
1.630 0.373780
1.635 0.376060
1.640 0.378050
1.645 0.380200
1.650 0.381640
1.655 0.381980
1.660 0.381990
1.665 0.383620
1.670 0.384580
1.675 0.382210
1.680 0.377730
1.685 0.375370
1.690 0.377560
1.695 0.378100
1.700 0.375540
1.705 0.371600
1.710 0.366980
1.715 0.362440
1.720 0.359170
1.725 0.356310
1.730 0.353010
1.735 0.350390
1.740 0.349070
1.745 0.348920
1.750 0.347560
1.755 0.344000
1.760 0.339580
1.765 0.334640
1.770 0.329480
1.775 0.325550
1.780 0.324020
1.785 0.325200
1.790 0.324320
1.795 0.320880
1.800 0.321050
1.805 0.323190
1.810 0.323790
1.815 0.323390
1.820 0.322760
1.825 0.322210
1.830 0.321880
1.835 0.321380
1.840 0.320040
1.845 0.316690
1.850 0.309500
1.855 0.298340
1.860 0.282120
1.865 0.262000
1.870 0.237920
1.875 0.209800
1.880 0.176690
1.885 0.142300
1.890 0.110530
1.895 0.084703
1.900 0.068935
1.905 0.058543
1.910 0.050236
1.915 0.044673
1.920 0.043500
1.925 0.043415
1.930 0.041672
1.935 0.040949
1.940 0.044167
1.945 0.047805
1.950 0.048365
1.955 0.047990
1.960 0.049022
1.965 0.051325
1.970 0.054709
1.975 0.058345
1.980 0.061599
1.985 0.064913
1.990 0.068790
1.995 0.072821
2.000 0.076544
2.005 0.079770
2.010 0.082374
2.015 0.085392
2.020 0.089856
2.025 0.094670
2.030 0.098797
2.035 0.102860
2.040 0.107410
2.045 0.111200
2.050 0.112950
2.055 0.114970
2.060 0.119540
2.065 0.124640
2.070 0.128230
2.075 0.131310
2.080 0.134960
2.085 0.138660
2.090 0.141920
2.095 0.145670
2.100 0.150800
2.105 0.155320
2.110 0.157160
2.115 0.158210
2.120 0.160470
2.125 0.164190
2.130 0.169480
2.135 0.173790
2.140 0.174600
2.145 0.174230
2.150 0.174970
2.155 0.176500
2.160 0.178360
2.165 0.179950
2.170 0.180850
2.175 0.182080
2.180 0.184750
2.185 0.187920
2.190 0.190540
2.195 0.192000
2.200 0.191750
2.205 0.191740
2.210 0.193780
2.215 0.196120
2.220 0.196840
2.225 0.196240
2.230 0.194560
2.235 0.192440
2.240 0.190320
2.245 0.188090
2.250 0.185370
2.255 0.181550
2.260 0.175810
2.265 0.169360
2.270 0.163690
2.275 0.161400
2.280 0.165140
2.285 0.169100
2.290 0.167780
2.295 0.165160
2.300 0.164920
2.305 0.162820
2.310 0.154070
2.315 0.143560
2.320 0.136330
2.325 0.132690
2.330 0.132810
2.335 0.132870
2.340 0.129370
2.345 0.124880
2.350 0.122030
2.355 0.120100
2.360 0.118320
2.365 0.116970
2.370 0.116390
2.375 0.114770
2.380 0.110280
2.385 0.105240
2.390 0.102310
2.395 0.100750
2.400 0.098756
2.405 0.095009
2.410 0.090378
2.415 0.085773
2.420 0.082092
2.425 0.079569
2.430 0.077517
2.435 0.075597
2.440 0.073609
2.445 0.071396
2.450 0.069057
2.455 0.066676
2.460 0.064297
2.465 0.061964
2.470 0.059741
2.475 0.057598
2.480 0.055495
2.485 0.053432
2.490 0.051452
2.495 0.049681
2.500 0.048354
