0.350 0.037076
0.355 0.040784
0.360 0.044491
0.365 0.048199
0.370 0.051906
0.375 0.055614
0.380 0.059322
0.385 0.063029
0.390 0.066737
0.395 0.070444
0.400 0.074152
0.405 0.079519
0.410 0.083227
0.415 0.090530
0.420 0.099621
0.425 0.106590
0.430 0.111850
0.435 0.127130
0.440 0.136670
0.445 0.143800
0.450 0.152730
0.455 0.159080
0.460 0.163190
0.465 0.168880
0.470 0.172310
0.475 0.178730
0.480 0.183510
0.485 0.185830
0.490 0.191740
0.495 0.198380
0.500 0.206350
0.505 0.214070
0.510 0.224300
0.515 0.231210
0.520 0.240180
0.525 0.249770
0.530 0.262240
0.535 0.267510
0.540 0.278040
0.545 0.287760
0.550 0.296980
0.555 0.304190
0.560 0.320980
0.565 0.330730
0.570 0.343340
0.575 0.356240
0.580 0.365750
0.585 0.370010
0.590 0.377010
0.595 0.383840
0.600 0.387100
0.605 0.388260
0.610 0.393640
0.615 0.393360
0.620 0.397460
0.625 0.400720
0.630 0.399750
0.635 0.409770
0.640 0.414640
0.645 0.409430
0.650 0.417160
0.655 0.422580
0.660 0.424060
0.665 0.427300
0.670 0.434820
0.675 0.440010
0.680 0.439770
0.685 0.435820
0.690 0.443300
0.695 0.460760
0.700 0.452100
0.705 0.454660
0.710 0.463320
0.715 0.461480
0.720 0.469520
0.725 0.471370
0.730 0.472250
0.735 0.476890
0.740 0.479630
0.745 0.478660
0.750 0.490370
0.755 0.487120
0.760 0.490710
0.765 0.490330
0.770 0.496120
0.775 0.493560
0.780 0.500680
0.785 0.497450
0.790 0.500270
0.795 0.494400
0.800 0.499050
0.805 0.494060
0.810 0.491160
0.815 0.490550
0.820 0.488460
0.825 0.488160
0.830 0.485520
0.835 0.484410
0.840 0.483190
0.845 0.484100
0.850 0.479570
0.855 0.476800
0.860 0.473830
0.865 0.476180
0.870 0.476620
0.875 0.476110
0.880 0.473040
0.885 0.475360
0.890 0.477080
0.895 0.478070
0.900 0.478410
0.905 0.478910
0.910 0.477960
0.915 0.477680
0.920 0.482220
0.925 0.483000
0.930 0.480570
0.935 0.480110
0.940 0.483610
0.945 0.484430
0.950 0.482950
0.955 0.483840
0.960 0.482220
0.965 0.483950
0.970 0.484260
0.975 0.487390
0.980 0.490490
0.985 0.492310
0.990 0.491900
0.995 0.494840
1.000 0.493280
1.005 0.498100
1.010 0.497450
1.015 0.494840
1.020 0.498320
1.025 0.501640
1.030 0.499500
1.035 0.498710
1.040 0.500570
1.045 0.503300
1.050 0.504200
1.055 0.503480
1.060 0.506510
1.065 0.513070
1.070 0.505620
1.075 0.505310
1.080 0.509180
1.085 0.510900
1.090 0.510510
1.095 0.509050
1.100 0.509960
1.105 0.509620
1.110 0.511060
1.115 0.513200
1.120 0.524090
1.125 0.520490
1.130 0.516430
1.135 0.515820
1.140 0.515600
1.145 0.515160
1.150 0.521370
1.155 0.521680
1.160 0.524030
1.165 0.526990
1.170 0.531020
1.175 0.533430
1.180 0.536040
1.185 0.538120
1.190 0.540350
1.195 0.542840
1.200 0.543220
1.205 0.542800
1.210 0.542590
1.215 0.544740
1.220 0.544720
1.225 0.544130
1.230 0.544370
1.235 0.546740
1.240 0.546340
1.245 0.550700
1.250 0.550640
1.255 0.548750
1.260 0.545710
1.265 0.544570
1.270 0.546340
1.275 0.547000
1.280 0.548870
1.285 0.550870
1.290 0.554980
1.295 0.556340
1.300 0.557840
1.305 0.557660
1.310 0.557380
1.315 0.558250
1.320 0.558210
1.325 0.558710
1.330 0.564600
1.335 0.571630
1.340 0.573830
1.345 0.565630
1.350 0.571440
1.355 0.567980
1.360 0.560730
1.365 0.560490
1.370 0.560760
1.375 0.550740
1.380 0.534470
1.385 0.526620
1.390 0.507830
1.395 0.495500
1.400 0.483970
1.405 0.482710
1.410 0.481550
1.415 0.487930
1.420 0.498320
1.425 0.506550
1.430 0.511000
1.435 0.518120
1.440 0.520680
1.445 0.523920
1.450 0.524110
1.455 0.524630
1.460 0.523810
1.465 0.527340
1.470 0.532890
1.475 0.541520
1.480 0.544290
1.485 0.545530
1.490 0.547050
1.495 0.549540
1.500 0.552400
1.505 0.559350
1.510 0.566360
1.515 0.571910
1.520 0.571450
1.525 0.575020
1.530 0.577540
1.535 0.582200
1.540 0.584610
1.545 0.584570
1.550 0.581530
1.555 0.580900
1.560 0.583810
1.565 0.592670
1.570 0.593930
1.575 0.591450
1.580 0.587020
1.585 0.589490
1.590 0.592250
1.595 0.594850
1.600 0.601490
1.605 0.596900
1.610 0.595760
1.615 0.592440
1.620 0.591560
1.625 0.594910
1.630 0.597940
1.635 0.598970
1.640 0.608790
1.645 0.605020
1.650 0.602790
1.655 0.600560
1.660 0.599980
1.665 0.601450
1.670 0.600410
1.675 0.599890
1.680 0.603510
1.685 0.606110
1.690 0.605270
1.695 0.607040
1.700 0.608310
1.705 0.607720
1.710 0.605900
1.715 0.606460
1.720 0.605320
1.725 0.604430
1.730 0.605200
1.735 0.603980
1.740 0.595990
1.745 0.593390
1.750 0.589950
1.755 0.586070
1.760 0.584840
1.765 0.586580
1.770 0.584600
1.775 0.582110
1.780 0.583250
1.785 0.585850
1.790 0.584450
1.795 0.584380
1.800 0.585800
1.805 0.589740
1.810 0.591380
1.815 0.592380
1.820 0.592520
1.825 0.590300
1.830 0.585330
1.835 0.580770
1.840 0.584990
1.845 0.589980
1.850 0.582560
1.855 0.569630
1.860 0.551040
1.865 0.530010
1.870 0.511460
1.875 0.494030
1.880 0.459490
1.885 0.417540
1.890 0.379020
1.895 0.345580
1.900 0.322590
1.905 0.317080
1.910 0.320530
1.915 0.326020
1.920 0.333790
1.925 0.341370
1.930 0.349470
1.935 0.355290
1.940 0.360810
1.945 0.366200
1.950 0.372940
1.955 0.378190
1.960 0.384110
1.965 0.391060
1.970 0.397590
1.975 0.403000
1.980 0.413930
1.985 0.421290
1.990 0.430400
1.995 0.439420
2.000 0.445140
2.005 0.450780
2.010 0.455050
2.015 0.463240
2.020 0.469280
2.025 0.474840
2.030 0.479250
2.035 0.483650
2.040 0.487520
2.045 0.491680
2.050 0.495620
2.055 0.497760
2.060 0.498510
2.065 0.501060
2.070 0.501070
2.075 0.503710
2.080 0.503460
2.085 0.501950
2.090 0.501600
2.095 0.500160
2.100 0.499370
2.105 0.498700
2.110 0.497450
2.115 0.496790
2.120 0.496980
2.125 0.496740
2.130 0.495890
2.135 0.495560
2.140 0.494070
2.145 0.492110
2.150 0.489400
2.155 0.486150
2.160 0.483290
2.165 0.479900
2.170 0.477210
2.175 0.474350
2.180 0.468850
2.185 0.463380
2.190 0.456320
2.195 0.449350
2.200 0.441860
2.205 0.429720
2.210 0.422630
2.215 0.430010
2.220 0.434980
2.225 0.438380
2.230 0.441610
2.235 0.443850
2.240 0.443880
2.245 0.444110
2.250 0.445830
2.255 0.448110
2.260 0.451150
2.265 0.453170
2.270 0.453780
2.275 0.452680
2.280 0.448470
2.285 0.442830
2.290 0.436920
2.295 0.431680
2.300 0.428140
2.305 0.424830
2.310 0.421830
2.315 0.421070
2.320 0.421530
2.325 0.420690
2.330 0.418280
2.335 0.415420
2.340 0.412460
2.345 0.409870
2.350 0.407430
2.355 0.405700
2.360 0.403930
2.365 0.402070
2.370 0.400090
2.375 0.397800
2.380 0.395340
2.385 0.393530
2.390 0.392170
2.395 0.391260
2.400 0.390280
2.405 0.388600
2.410 0.386160
2.415 0.382430
2.420 0.378670
2.425 0.373600
2.430 0.368380
2.435 0.362550
2.440 0.357120
2.445 0.352050
2.450 0.347430
2.455 0.343630
2.460 0.340050
2.465 0.337030
2.470 0.333660
2.475 0.330710
2.480 0.327890
2.485 0.324930
2.490 0.322950
2.495 0.321570
2.500 0.320180
