0.350 0.027238
0.355 0.029962
0.360 0.032686
0.365 0.035410
0.370 0.038134
0.375 0.040858
0.380 0.043582
0.385 0.046305
0.390 0.049029
0.395 0.051753
0.400 0.054477
0.405 0.055429
0.410 0.056247
0.415 0.059891
0.420 0.062393
0.425 0.060418
0.430 0.066169
0.435 0.069267
0.440 0.074607
0.445 0.076828
0.450 0.075692
0.455 0.078590
0.460 0.083757
0.465 0.083683
0.470 0.086805
0.475 0.085461
0.480 0.085795
0.485 0.090288
0.490 0.090035
0.495 0.092864
0.500 0.094876
0.505 0.096810
0.510 0.099879
0.515 0.097729
0.520 0.103560
0.525 0.106480
0.530 0.108030
0.535 0.110900
0.540 0.115900
0.545 0.121190
0.550 0.126770
0.555 0.134560
0.560 0.143920
0.565 0.155700
0.570 0.167650
0.575 0.178420
0.580 0.192860
0.585 0.205620
0.590 0.221910
0.595 0.231010
0.600 0.243960
0.605 0.254220
0.610 0.263220
0.615 0.269630
0.620 0.279040
0.625 0.286160
0.630 0.293580
0.635 0.295320
0.640 0.303890
0.645 0.309280
0.650 0.313360
0.655 0.320970
0.660 0.327870
0.665 0.329480
0.670 0.335620
0.675 0.344520
0.680 0.348140
0.685 0.354700
0.690 0.359070
0.695 0.365560
0.700 0.367510
0.705 0.375330
0.710 0.382120
0.715 0.391650
0.720 0.393670
0.725 0.401170
0.730 0.403980
0.735 0.402540
0.740 0.404880
0.745 0.407380
0.750 0.407820
0.755 0.404820
0.760 0.408110
0.765 0.403850
0.770 0.405330
0.775 0.397370
0.780 0.394440
0.785 0.396780
0.790 0.393560
0.795 0.392590
0.800 0.391820
0.805 0.391150
0.810 0.388260
0.815 0.384990
0.820 0.383820
0.825 0.385540
0.830 0.382460
0.835 0.381580
0.840 0.382050
0.845 0.380050
0.850 0.378410
0.855 0.380690
0.860 0.381600
0.865 0.383000
0.870 0.386220
0.875 0.386290
0.880 0.389350
0.885 0.390180
0.890 0.393080
0.895 0.395130
0.900 0.398970
0.905 0.402050
0.910 0.405490
0.915 0.409170
0.920 0.413550
0.925 0.418170
0.930 0.423370
0.935 0.429130
0.940 0.433630
0.945 0.437610
0.950 0.442700
0.955 0.448140
0.960 0.453620
0.965 0.459030
0.970 0.467370
0.975 0.470080
0.980 0.478650
0.985 0.483450
0.990 0.486330
0.995 0.495420
1.000 0.499630
1.005 0.503570
1.010 0.508940
1.015 0.512480
1.020 0.514720
1.025 0.518930
1.030 0.518650
1.035 0.525470
1.040 0.527860
1.045 0.534030
1.050 0.536640
1.055 0.544120
1.060 0.547040
1.065 0.549720
1.070 0.554300
1.075 0.556500
1.080 0.562000
1.085 0.566100
1.090 0.573650
1.095 0.580530
1.100 0.582300
1.105 0.586990
1.110 0.586190
1.115 0.589880
1.120 0.597620
1.125 0.603540
1.130 0.600890
1.135 0.600960
1.140 0.605810
1.145 0.608820
1.150 0.611810
1.155 0.614940
1.160 0.618130
1.165 0.621230
1.170 0.624370
1.175 0.627480
1.180 0.629820
1.185 0.632620
1.190 0.635580
1.195 0.638370
1.200 0.638090
1.205 0.637080
1.210 0.635420
1.215 0.637250
1.220 0.637130
1.225 0.639830
1.230 0.640370
1.235 0.640580
1.240 0.646610
1.245 0.651240
1.250 0.653470
1.255 0.655390
1.260 0.655030
1.265 0.653630
1.270 0.654040
1.275 0.653330
1.280 0.654970
1.285 0.654600
1.290 0.656280
1.295 0.657670
1.300 0.657340
1.305 0.658140
1.310 0.660020
1.315 0.659990
1.320 0.660820
1.325 0.661180
1.330 0.658670
1.335 0.654110
1.340 0.648820
1.345 0.645130
1.350 0.642520
1.355 0.645280
1.360 0.640090
1.365 0.631790
1.370 0.623570
1.375 0.617580
1.380 0.604340
1.385 0.591610
1.390 0.585610
1.395 0.586740
1.400 0.584340
1.405 0.574330
1.410 0.589650
1.415 0.629930
1.420 0.643410
1.425 0.644220
1.430 0.645700
1.435 0.647840
1.440 0.647890
1.445 0.649870
1.450 0.652290
1.455 0.656250
1.460 0.656600
1.465 0.656480
1.470 0.655790
1.475 0.659500
1.480 0.660220
1.485 0.664550
1.490 0.665990
1.495 0.666510
1.500 0.659450
1.505 0.662500
1.510 0.666410
1.515 0.671360
1.520 0.674900
1.525 0.672340
1.530 0.671990
1.535 0.674670
1.540 0.675640
1.545 0.675850
1.550 0.676710
1.555 0.678330
1.560 0.680830
1.565 0.684040
1.570 0.683850
1.575 0.684430
1.580 0.683650
1.585 0.683660
1.590 0.681880
1.595 0.679890
1.600 0.678960
1.605 0.680340
1.610 0.680880
1.615 0.682250
1.620 0.685220
1.625 0.684310
1.630 0.684530
1.635 0.683710
1.640 0.681520
1.645 0.683770
1.650 0.682140
1.655 0.682290
1.660 0.684290
1.665 0.678490
1.670 0.677440
1.675 0.678410
1.680 0.681410
1.685 0.681040
1.690 0.681690
1.695 0.679540
1.700 0.677060
1.705 0.682020
1.710 0.686030
1.715 0.686250
1.720 0.686920
1.725 0.686420
1.730 0.685940
1.735 0.683770
1.740 0.681590
1.745 0.681840
1.750 0.684300
1.755 0.683650
1.760 0.683280
1.765 0.683390
1.770 0.683560
1.775 0.683800
1.780 0.683180
1.785 0.680930
1.790 0.677670
1.795 0.676130
1.800 0.674170
1.805 0.675750
1.810 0.673850
1.815 0.672290
1.820 0.673680
1.825 0.672000
1.830 0.670870
1.835 0.670570
1.840 0.672130
1.845 0.673990
1.850 0.672770
1.855 0.671490
1.860 0.667790
1.865 0.662540
1.870 0.655780
1.875 0.647650
1.880 0.643590
1.885 0.637160
1.890 0.624430
1.895 0.611770
1.900 0.599590
1.905 0.593370
1.910 0.592630
1.915 0.590920
1.920 0.591140
1.925 0.593150
1.930 0.593640
1.935 0.594900
1.940 0.596640
1.945 0.599180
1.950 0.598850
1.955 0.600590
1.960 0.603350
1.965 0.607520
1.970 0.609550
1.975 0.611330
1.980 0.614150
1.985 0.622410
1.990 0.625290
1.995 0.625240
2.000 0.627220
2.005 0.628980
2.010 0.632280
2.015 0.635820
2.020 0.636770
2.025 0.633110
2.030 0.631020
2.035 0.632110
2.040 0.634780
2.045 0.634930
2.050 0.635320
2.055 0.633090
2.060 0.632360
2.065 0.631480
2.070 0.630320
2.075 0.628900
2.080 0.627490
2.085 0.624340
2.090 0.621600
2.095 0.621970
2.100 0.619200
2.105 0.618170
2.110 0.607880
2.115 0.603130
2.120 0.607680
2.125 0.602050
2.130 0.597350
2.135 0.591280
2.140 0.576190
2.145 0.559640
2.150 0.533570
2.155 0.518020
2.160 0.499500
2.165 0.494690
2.170 0.491510
2.175 0.494250
2.180 0.497890
2.185 0.500180
2.190 0.497350
2.195 0.492340
2.200 0.485870
2.205 0.430010
2.210 0.405520
2.215 0.492660
2.220 0.532870
2.225 0.549590
2.230 0.556450
2.235 0.555830
2.240 0.550210
2.245 0.547650
2.250 0.542380
2.255 0.540730
2.260 0.533670
2.265 0.529910
2.270 0.525780
2.275 0.517970
2.280 0.509310
2.285 0.502290
2.290 0.493680
2.295 0.488930
2.300 0.481700
2.305 0.476880
2.310 0.470550
2.315 0.465660
2.320 0.461710
2.325 0.455480
2.330 0.450760
2.335 0.451210
2.340 0.447560
2.345 0.446990
2.350 0.447890
2.355 0.449600
2.360 0.458610
2.365 0.469350
2.370 0.468750
2.375 0.461790
2.380 0.456530
2.385 0.455640
2.390 0.460910
2.395 0.466960
2.400 0.473700
2.405 0.476390
2.410 0.474850
2.415 0.470910
2.420 0.467730
2.425 0.461440
2.430 0.454830
2.435 0.444350
2.440 0.434380
2.445 0.429310
2.450 0.424390
2.455 0.418450
2.460 0.414410
2.465 0.409840
2.470 0.402940
2.475 0.396350
2.480 0.388260
2.485 0.379460
2.490 0.373800
2.495 0.371900
2.500 0.369960
