0.350 0.005495
0.355 0.006045
0.360 0.006594
0.365 0.007143
0.370 0.007693
0.375 0.008243
0.380 0.008792
0.385 0.009341
0.390 0.009891
0.395 0.010441
0.400 0.010990
0.405 0.014117
0.410 0.020257
0.415 0.027246
0.420 0.031930
0.425 0.036876
0.430 0.043513
0.435 0.047738
0.440 0.054635
0.445 0.057784
0.450 0.064537
0.455 0.072084
0.460 0.075743
0.465 0.079217
0.470 0.081502
0.475 0.088662
0.480 0.091651
0.485 0.096142
0.490 0.099905
0.495 0.105870
0.500 0.108840
0.505 0.115000
0.510 0.119120
0.515 0.124580
0.520 0.130910
0.525 0.133820
0.530 0.141610
0.535 0.146270
0.540 0.153250
0.545 0.160910
0.550 0.165510
0.555 0.170070
0.560 0.185180
0.565 0.191390
0.570 0.195450
0.575 0.201910
0.580 0.206260
0.585 0.210810
0.590 0.213730
0.595 0.216400
0.600 0.222360
0.605 0.225140
0.610 0.227170
0.615 0.233320
0.620 0.236830
0.625 0.238770
0.630 0.247540
0.635 0.250040
0.640 0.249160
0.645 0.254090
0.650 0.255000
0.655 0.264060
0.660 0.263230
0.665 0.266720
0.670 0.268410
0.675 0.272380
0.680 0.276640
0.685 0.276650
0.690 0.282740
0.695 0.282540
0.700 0.290850
0.705 0.289640
0.710 0.296500
0.715 0.297570
0.720 0.297790
0.725 0.301520
0.730 0.306890
0.735 0.306800
0.740 0.308390
0.745 0.312080
0.750 0.315870
0.755 0.317100
0.760 0.318170
0.765 0.320840
0.770 0.322230
0.775 0.324310
0.780 0.327030
0.785 0.327170
0.790 0.330170
0.795 0.334220
0.800 0.333050
0.805 0.333260
0.810 0.332400
0.815 0.333340
0.820 0.334120
0.825 0.335880
0.830 0.335600
0.835 0.335010
0.840 0.336150
0.845 0.335350
0.850 0.334270
0.855 0.333660
0.860 0.332640
0.865 0.334680
0.870 0.334560
0.875 0.333930
0.880 0.333730
0.885 0.332510
0.890 0.331090
0.895 0.332320
0.900 0.335040
0.905 0.334200
0.910 0.333870
0.915 0.333050
0.920 0.334420
0.925 0.334390
0.930 0.335190
0.935 0.336420
0.940 0.337370
0.945 0.338480
0.950 0.338310
0.955 0.338120
0.960 0.337480
0.965 0.339300
0.970 0.340170
0.975 0.339200
0.980 0.341200
0.985 0.342590
0.990 0.342060
0.995 0.341120
1.000 0.343070
1.005 0.343400
1.010 0.345770
1.015 0.347680
1.020 0.349970
1.025 0.349590
1.030 0.348340
1.035 0.345520
1.040 0.345760
1.045 0.350810
1.050 0.354010
1.055 0.355230
1.060 0.354200
1.065 0.355130
1.070 0.355030
1.075 0.353800
1.080 0.351290
1.085 0.356750
1.090 0.358470
1.095 0.358020
1.100 0.359650
1.105 0.359990
1.110 0.361740
1.115 0.363670
1.120 0.364820
1.125 0.363500
1.130 0.363750
1.135 0.363220
1.140 0.358230
1.145 0.366910
1.150 0.369280
1.155 0.370440
1.160 0.372720
1.165 0.372630
1.170 0.374210
1.175 0.374990
1.180 0.375680
1.185 0.376770
1.190 0.377840
1.195 0.376930
1.200 0.377100
1.205 0.377510
1.210 0.374420
1.215 0.371220
1.220 0.376740
1.225 0.378660
1.230 0.380490
1.235 0.380490
1.240 0.375820
1.245 0.377840
1.250 0.377960
1.255 0.378100
1.260 0.379690
1.265 0.382670
1.270 0.386160
1.275 0.387750
1.280 0.387880
1.285 0.390030
1.290 0.390560
1.295 0.391040
1.300 0.390620
1.305 0.391710
1.310 0.391580
1.315 0.390460
1.320 0.389230
1.325 0.390840
1.330 0.392080
1.335 0.391770
1.340 0.389000
1.345 0.389940
1.350 0.389970
1.355 0.390610
1.360 0.388710
1.365 0.388600
1.370 0.387330
1.375 0.385830
1.380 0.383960
1.385 0.380440
1.390 0.380690
1.395 0.380100
1.400 0.379410
1.405 0.374000
1.410 0.375310
1.415 0.377260
1.420 0.380430
1.425 0.383600
1.430 0.383600
1.435 0.384380
1.440 0.386200
1.445 0.386870
1.450 0.387600
1.455 0.390210
1.460 0.390850
1.465 0.390080
1.470 0.390460
1.475 0.390820
1.480 0.394580
1.485 0.394530
1.490 0.393480
1.495 0.393580
1.500 0.395480
1.505 0.397140
1.510 0.397760
1.515 0.398760
1.520 0.400130
1.525 0.401260
1.530 0.401350
1.535 0.401580
1.540 0.401170
1.545 0.398850
1.550 0.400270
1.555 0.401300
1.560 0.404050
1.565 0.409170
1.570 0.410950
1.575 0.408190
1.580 0.403960
1.585 0.403940
1.590 0.405210
1.595 0.405210
1.600 0.402520
1.605 0.401210
1.610 0.399650
1.615 0.400850
1.620 0.408470
1.625 0.407850
1.630 0.408190
1.635 0.408110
1.640 0.407500
1.645 0.406620
1.650 0.406680
1.655 0.407790
1.660 0.408390
1.665 0.408670
1.670 0.407800
1.675 0.408170
1.680 0.408050
1.685 0.409350
1.690 0.410110
1.695 0.410080
1.700 0.410800
1.705 0.410120
1.710 0.410680
1.715 0.410730
1.720 0.412630
1.725 0.412360
1.730 0.412440
1.735 0.411110
1.740 0.411100
1.745 0.408670
1.750 0.410070
1.755 0.410410
1.760 0.411710
1.765 0.413430
1.770 0.414310
1.775 0.415310
1.780 0.415740
1.785 0.414260
1.790 0.411630
1.795 0.409580
1.800 0.410800
1.805 0.411630
1.810 0.411180
1.815 0.409810
1.820 0.410660
1.825 0.409260
1.830 0.409360
1.835 0.408970
1.840 0.409440
1.845 0.407730
1.850 0.408560
1.855 0.410090
1.860 0.406330
1.865 0.402090
1.870 0.398310
1.875 0.394300
1.880 0.388840
1.885 0.380500
1.890 0.373480
1.895 0.366070
1.900 0.354650
1.905 0.352110
1.910 0.353400
1.915 0.356460
1.920 0.358400
1.925 0.361650
1.930 0.365580
1.935 0.369760
1.940 0.372790
1.945 0.376280
1.950 0.378040
1.955 0.377940
1.960 0.377640
1.965 0.378810
1.970 0.380680
1.975 0.381310
1.980 0.382700
1.985 0.387900
1.990 0.391370
1.995 0.392850
2.000 0.393350
2.005 0.393400
2.010 0.394750
2.015 0.395870
2.020 0.396160
2.025 0.394600
2.030 0.394990
2.035 0.396240
2.040 0.398720
2.045 0.400120
2.050 0.400110
2.055 0.399050
2.060 0.398000
2.065 0.401790
2.070 0.401750
2.075 0.400410
2.080 0.400580
2.085 0.399270
2.090 0.400440
2.095 0.400430
2.100 0.399420
2.105 0.400160
2.110 0.400260
2.115 0.397830
2.120 0.398870
2.125 0.398420
2.130 0.401220
2.135 0.398620
2.140 0.399510
2.145 0.399130
2.150 0.397670
2.155 0.397510
2.160 0.395500
2.165 0.394370
2.170 0.393470
2.175 0.393600
2.180 0.391900
2.185 0.390780
2.190 0.388100
2.195 0.386790
2.200 0.383950
2.205 0.381310
2.210 0.382210
2.215 0.383170
2.220 0.386320
2.225 0.386220
2.230 0.387750
2.235 0.387370
2.240 0.387190
2.245 0.386740
2.250 0.387890
2.255 0.387790
2.260 0.388650
2.265 0.389430
2.270 0.388970
2.275 0.388070
2.280 0.387320
2.285 0.386750
2.290 0.385980
2.295 0.385440
2.300 0.385420
2.305 0.384450
2.310 0.385170
2.315 0.384750
2.320 0.384520
2.325 0.384450
2.330 0.382720
2.335 0.381740
2.340 0.380190
2.345 0.379260
2.350 0.379380
2.355 0.378940
2.360 0.379990
2.365 0.380140
2.370 0.379490
2.375 0.378920
2.380 0.377190
2.385 0.376600
2.390 0.376570
2.395 0.376830
2.400 0.376690
2.405 0.376910
2.410 0.374920
2.415 0.374350
2.420 0.373550
2.425 0.372190
2.430 0.370820
2.435 0.369310
2.440 0.369220
2.445 0.367560
2.450 0.366470
2.455 0.365540
2.460 0.364240
2.465 0.363010
2.470 0.362660
2.475 0.361720
2.480 0.360540
2.485 0.359490
2.490 0.359500
2.495 0.358540
2.500 0.356930
