0.350 0.126000
0.355 0.138600
0.360 0.151200
0.365 0.163800
0.370 0.176400
0.375 0.189000
0.380 0.201600
0.385 0.214200
0.390 0.226800
0.395 0.239400
0.400 0.252000
0.405 0.249000
0.410 0.249000
0.415 0.249000
0.420 0.248000
0.425 0.250000
0.430 0.250000
0.435 0.252000
0.440 0.252000
0.445 0.254000
0.450 0.255000
0.455 0.254000
0.460 0.253000
0.465 0.253000
0.470 0.254000
0.475 0.256000
0.480 0.256000
0.485 0.260000
0.490 0.261000
0.495 0.263000
0.500 0.265000
0.505 0.269000
0.510 0.270000
0.515 0.271000
0.520 0.274000
0.525 0.276000
0.530 0.280000
0.535 0.280000
0.540 0.281000
0.545 0.283000
0.550 0.284000
0.555 0.287000
0.560 0.294000
0.565 0.295000
0.570 0.298000
0.575 0.300000
0.580 0.304000
0.585 0.303000
0.590 0.306000
0.595 0.306000
0.600 0.310000
0.605 0.311000
0.610 0.313000
0.615 0.313000
0.620 0.316000
0.625 0.317000
0.630 0.320000
0.635 0.321000
0.640 0.324000
0.645 0.325000
0.650 0.326000
0.655 0.328000
0.660 0.330000
0.665 0.332000
0.670 0.333000
0.675 0.335000
0.680 0.338000
0.685 0.339000
0.690 0.343000
0.695 0.346000
0.700 0.344000
0.705 0.349000
0.710 0.350000
0.715 0.352000
0.720 0.358000
0.725 0.358000
0.730 0.358000
0.735 0.361000
0.740 0.365000
0.745 0.366000
0.750 0.370000
0.755 0.371000
0.760 0.377000
0.765 0.376000
0.770 0.375000
0.775 0.381000
0.780 0.382000
0.785 0.385000
0.790 0.385000
0.795 0.387000
0.800 0.396000
0.805 0.395680
0.810 0.399930
0.815 0.401210
0.820 0.402000
0.825 0.401910
0.830 0.403170
0.835 0.407620
0.840 0.407000
0.845 0.408420
0.850 0.411580
0.855 0.413840
0.860 0.415000
0.865 0.416450
0.870 0.418710
0.875 0.418910
0.880 0.420000
0.885 0.420780
0.890 0.424950
0.895 0.424790
0.900 0.427000
0.905 0.427410
0.910 0.428960
0.915 0.431140
0.920 0.433000
0.925 0.430250
0.930 0.434370
0.935 0.435040
0.940 0.435000
0.945 0.435440
0.950 0.437150
0.955 0.437570
0.960 0.440000
0.965 0.441660
0.970 0.441680
0.975 0.444840
0.980 0.446000
0.985 0.450210
0.990 0.449860
0.995 0.446150
1.000 0.452000
1.005 0.449040
1.010 0.454280
1.015 0.452840
1.020 0.459000
1.025 0.455320
1.030 0.459530
1.035 0.458930
1.040 0.459000
1.045 0.460780
1.050 0.462980
1.055 0.465310
1.060 0.466000
1.065 0.466400
1.070 0.468830
1.075 0.472690
1.080 0.471000
1.085 0.474590
1.090 0.474850
1.095 0.476410
1.100 0.479000
1.105 0.481680
1.110 0.479140
1.115 0.479980
1.120 0.480000
1.125 0.481720
1.130 0.485070
1.135 0.487590
1.140 0.488000
1.145 0.487680
1.150 0.489180
1.155 0.489200
1.160 0.493000
1.165 0.496510
1.170 0.496460
1.175 0.496630
1.180 0.498000
1.185 0.497920
1.190 0.498570
1.195 0.498790
1.200 0.502000
1.205 0.501180
1.210 0.499670
1.215 0.501760
1.220 0.504000
1.225 0.505080
1.230 0.504780
1.235 0.506630
1.240 0.507000
1.245 0.510680
1.250 0.512500
1.255 0.509290
1.260 0.513000
1.265 0.513510
1.270 0.512190
1.275 0.514380
1.280 0.518000
1.285 0.519040
1.290 0.518900
1.295 0.519780
1.300 0.520000
1.305 0.520220
1.310 0.521080
1.315 0.521050
1.320 0.521000
1.325 0.524700
1.330 0.526240
1.335 0.525120
1.340 0.526000
1.345 0.525590
1.350 0.523320
1.355 0.523350
1.360 0.529000
1.365 0.532240
1.370 0.525010
1.375 0.523180
1.380 0.529000
1.385 0.522310
1.390 0.523710
1.395 0.523460
1.400 0.521000
1.405 0.520230
1.410 0.519310
1.415 0.520360
1.420 0.520000
1.425 0.517940
1.430 0.516770
1.435 0.518210
1.440 0.520000
1.445 0.523590
1.450 0.526290
1.455 0.526040
1.460 0.529000
1.465 0.529950
1.470 0.530700
1.475 0.534480
1.480 0.535000
1.485 0.536230
1.490 0.537900
1.495 0.535970
1.500 0.541000
1.505 0.539980
1.510 0.541160
1.515 0.540970
1.520 0.542000
1.525 0.544930
1.530 0.541870
1.535 0.544630
1.540 0.542000
1.545 0.543990
1.550 0.547920
1.555 0.547310
1.560 0.547000
1.565 0.551780
1.570 0.550100
1.575 0.547410
1.580 0.552000
1.585 0.550280
1.590 0.549880
1.595 0.551460
1.600 0.557000
1.605 0.557980
1.610 0.554790
1.615 0.553660
1.620 0.553000
1.625 0.554050
1.630 0.555870
1.635 0.553820
1.640 0.554000
1.645 0.556910
1.650 0.561670
1.655 0.559550
1.660 0.560000
1.665 0.557990
1.670 0.559070
1.675 0.559720
1.680 0.560000
1.685 0.557610
1.690 0.560070
1.695 0.562110
1.700 0.563000
1.705 0.560830
1.710 0.556190
1.715 0.554630
1.720 0.553000
1.725 0.557440
1.730 0.556440
1.735 0.555790
1.740 0.558000
1.745 0.557480
1.750 0.556240
1.755 0.557780
1.760 0.559000
1.765 0.560450
1.770 0.562730
1.775 0.562830
1.780 0.565000
1.785 0.561430
1.790 0.563090
1.795 0.564220
1.800 0.563000
1.805 0.558640
1.810 0.558690
1.815 0.561840
1.820 0.556000
1.825 0.552730
1.830 0.551330
1.835 0.551340
1.840 0.547000
1.845 0.547120
1.850 0.543390
1.855 0.534440
1.860 0.521000
1.865 0.520480
1.870 0.519980
1.875 0.524230
1.880 0.521000
1.885 0.517810
1.890 0.507580
1.895 0.501520
1.900 0.498000
1.905 0.495400
1.910 0.492240
1.915 0.487250
1.920 0.490000
1.925 0.484440
1.930 0.485630
1.935 0.486050
1.940 0.486000
1.945 0.487400
1.950 0.487200
1.955 0.485000
1.960 0.486000
1.965 0.488220
1.970 0.491640
1.975 0.488340
1.980 0.487000
1.985 0.487620
1.990 0.490840
1.995 0.496260
2.000 0.505000
2.005 0.514930
2.010 0.522630
2.015 0.528320
2.020 0.529000
2.025 0.531150
2.030 0.538920
2.035 0.537490
2.040 0.541000
2.045 0.545350
2.050 0.544040
2.055 0.542490
2.060 0.547000
2.065 0.546230
2.070 0.548410
2.075 0.551520
2.080 0.551000
2.085 0.551170
2.090 0.548380
2.095 0.544160
2.100 0.547000
2.105 0.537760
2.110 0.540850
2.115 0.531130
2.120 0.535030
2.125 0.532550
2.130 0.527600
2.135 0.528160
2.140 0.521160
2.145 0.512510
2.150 0.501420
2.155 0.502100
2.160 0.504260
2.165 0.510680
2.170 0.515680
2.175 0.519270
2.180 0.525410
2.185 0.523380
2.190 0.527470
2.195 0.523870
2.200 0.523760
2.205 0.515130
2.210 0.512830
2.215 0.511700
2.220 0.508930
2.225 0.502840
2.230 0.492800
2.235 0.488660
2.240 0.478770
2.245 0.465900
2.250 0.456940
2.255 0.446510
2.260 0.429930
2.265 0.418720
2.270 0.405120
2.275 0.390650
2.280 0.367830
2.285 0.353320
2.290 0.340210
2.295 0.332850
2.300 0.321140
2.305 0.318110
2.310 0.315900
2.315 0.307170
2.320 0.297680
2.325 0.284420
2.330 0.268930
2.335 0.257330
2.340 0.254480
2.345 0.260410
2.350 0.279840
2.355 0.305310
2.360 0.340010
2.365 0.376960
2.370 0.405380
2.375 0.428920
2.380 0.440030
2.385 0.452360
2.390 0.449400
2.395 0.446770
2.400 0.442360
2.405 0.441330
2.410 0.441880
2.415 0.437640
2.420 0.423180
2.425 0.412230
2.430 0.404120
2.435 0.388200
2.440 0.378280
2.445 0.365480
2.450 0.348350
2.455 0.336040
2.460 0.318040
2.465 0.296720
2.470 0.276870
2.475 0.264340
2.480 0.246370
2.485 0.235990
2.490 0.226230
2.495 0.225720
2.500 0.224840
