0.350 0.065500
0.355 0.068476
0.360 0.072800
0.365 0.078814
0.370 0.086800
0.375 0.097897
0.380 0.116600
0.385 0.144300
0.390 0.189300
0.395 0.254110
0.400 0.332000
0.405 0.408320
0.410 0.466600
0.415 0.502940
0.420 0.523900
0.425 0.537230
0.430 0.547800
0.435 0.556850
0.440 0.564900
0.445 0.571680
0.450 0.577200
0.455 0.581580
0.460 0.585500
0.465 0.589100
0.470 0.592800
0.475 0.596660
0.480 0.600800
0.485 0.605670
0.490 0.610200
0.495 0.614660
0.500 0.619000
0.505 0.623190
0.510 0.627600
0.515 0.631710
0.520 0.635600
0.525 0.639430
0.530 0.643100
0.535 0.646720
0.540 0.650000
0.545 0.653310
0.550 0.656400
0.555 0.659180
0.560 0.662200
0.565 0.664810
0.570 0.667300
0.575 0.669840
0.580 0.671800
0.585 0.673900
0.590 0.675800
0.595 0.677330
0.600 0.679100
0.605 0.680730
0.610 0.682400
0.615 0.683800
0.620 0.685300
0.625 0.686590
0.630 0.688000
0.635 0.689510
0.640 0.690900
0.645 0.691990
0.650 0.693500
0.655 0.694650
0.660 0.696100
0.665 0.697310
0.670 0.698400
0.675 0.699810
0.680 0.701000
0.685 0.702020
0.690 0.703200
0.695 0.704330
0.700 0.705700
0.705 0.706740
0.710 0.707900
0.715 0.708940
0.720 0.709900
0.725 0.711310
0.730 0.712000
0.735 0.713140
0.740 0.714000
0.745 0.715250
0.750 0.715900
0.755 0.716460
0.760 0.717400
0.765 0.718070
0.770 0.719300
0.775 0.720470
0.780 0.721400
0.785 0.722170
0.790 0.722900
0.795 0.723520
0.800 0.724600
0.805 0.725160
0.810 0.725640
0.815 0.726110
0.820 0.726600
0.825 0.727160
0.830 0.727790
0.835 0.728440
0.840 0.729100
0.845 0.729750
0.850 0.730390
0.855 0.731030
0.860 0.731700
0.865 0.732390
0.870 0.733060
0.875 0.733680
0.880 0.734200
0.885 0.734580
0.890 0.734810
0.895 0.734890
0.900 0.734800
0.905 0.734540
0.910 0.734180
0.915 0.733810
0.920 0.733500
0.925 0.733330
0.930 0.733370
0.935 0.733670
0.940 0.734300
0.945 0.735300
0.950 0.736530
0.955 0.737820
0.960 0.739000
0.965 0.739930
0.970 0.740660
0.975 0.741260
0.980 0.741800
0.985 0.742340
0.990 0.742840
0.995 0.743280
1.000 0.743600
1.005 0.743770
1.010 0.743840
1.015 0.743860
1.020 0.743900
1.025 0.744000
1.030 0.744170
1.035 0.744430
1.040 0.744800
1.045 0.745280
1.050 0.745840
1.055 0.746460
1.060 0.747100
1.065 0.747740
1.070 0.748370
1.075 0.748990
1.080 0.749600
1.085 0.750190
1.090 0.750770
1.095 0.751340
1.100 0.751900
1.105 0.752450
1.110 0.752940
1.115 0.753320
1.120 0.753500
1.125 0.753420
1.130 0.752950
1.135 0.751960
1.140 0.750300
1.145 0.747840
1.150 0.744690
1.155 0.741000
1.160 0.736900
1.165 0.732460
1.170 0.727580
1.175 0.722120
1.180 0.715900
1.185 0.708900
1.190 0.701760
1.195 0.695280
1.200 0.690300
1.205 0.687550
1.210 0.687240
1.215 0.689500
1.220 0.694600
1.225 0.702560
1.230 0.712170
1.235 0.721970
1.240 0.730500
1.245 0.736630
1.250 0.740710
1.255 0.743370
1.260 0.745200
1.265 0.746680
1.270 0.747930
1.275 0.748990
1.280 0.749900
1.285 0.750670
1.290 0.751330
1.295 0.751870
1.300 0.752300
1.305 0.752620
1.310 0.752830
1.315 0.752930
1.320 0.752900
1.325 0.752740
1.330 0.752450
1.335 0.752040
1.340 0.751500
1.345 0.750740
1.350 0.749300
1.355 0.746620
1.360 0.742100
1.365 0.735320
1.370 0.726930
1.375 0.717780
1.380 0.708700
1.385 0.700370
1.390 0.692920
1.395 0.686380
1.400 0.680800
1.405 0.676250
1.410 0.672710
1.415 0.670150
1.420 0.668600
1.425 0.668070
1.430 0.668420
1.435 0.669510
1.440 0.671200
1.445 0.673380
1.450 0.675870
1.455 0.678480
1.460 0.681000
1.465 0.683310
1.470 0.685460
1.475 0.687560
1.480 0.689700
1.485 0.691960
1.490 0.694250
1.495 0.696440
1.500 0.698400
1.505 0.700040
1.510 0.701380
1.515 0.702490
1.520 0.703400
1.525 0.704170
1.530 0.704870
1.535 0.705590
1.540 0.706400
1.545 0.707350
1.550 0.708380
1.555 0.709360
1.560 0.710200
1.565 0.710810
1.570 0.711220
1.575 0.711500
1.580 0.711700
1.585 0.711870
1.590 0.711980
1.595 0.712000
1.600 0.711900
1.605 0.711640
1.610 0.711210
1.615 0.710630
1.620 0.709900
1.625 0.709000
1.630 0.707870
1.635 0.706460
1.640 0.704700
1.645 0.702520
1.650 0.699980
1.655 0.697150
1.660 0.694100
1.665 0.690670
1.670 0.685890
1.675 0.678550
1.680 0.667300
1.685 0.651130
1.690 0.630630
1.695 0.606710
1.700 0.580100
1.705 0.551860
1.710 0.524630
1.715 0.501490
1.720 0.485700
1.725 0.479540
1.730 0.480650
1.735 0.485700
1.740 0.491500
1.745 0.495680
1.750 0.498840
1.755 0.502300
1.760 0.507400
1.765 0.515030
1.770 0.524130
1.775 0.533190
1.780 0.540700
1.785 0.545520
1.790 0.548130
1.795 0.549360
1.800 0.550000
1.805 0.550670
1.810 0.551520
1.815 0.552610
1.820 0.554000
1.825 0.555730
1.830 0.557780
1.835 0.560110
1.840 0.562700
1.845 0.565500
1.850 0.568280
1.855 0.570770
1.860 0.572700
1.865 0.573790
1.870 0.573880
1.875 0.572790
1.880 0.570300
1.885 0.566230
1.890 0.560730
1.895 0.554040
1.900 0.546300
1.905 0.537720
1.910 0.528820
1.915 0.520180
1.920 0.512400
1.925 0.505970
1.930 0.500810
1.935 0.496760
1.940 0.493700
1.945 0.491540
1.950 0.490170
1.955 0.489510
1.960 0.489500
1.965 0.490080
1.970 0.491100
1.975 0.492390
1.980 0.493800
1.985 0.495230
1.990 0.496730
1.995 0.498420
2.000 0.500400
2.005 0.502750
2.010 0.505360
2.015 0.508060
2.020 0.510700
2.025 0.513160
2.030 0.515440
2.035 0.517550
2.040 0.519500
2.045 0.521310
2.050 0.523020
2.055 0.524670
2.060 0.526300
2.065 0.527950
2.070 0.529640
2.075 0.531350
2.080 0.533100
2.085 0.534870
2.090 0.536560
2.095 0.538080
2.100 0.539300
2.105 0.540130
2.110 0.540620
2.115 0.540820
2.120 0.540800
2.125 0.540580
2.130 0.540160
2.135 0.539480
2.140 0.538500
2.145 0.537190
2.150 0.535670
2.155 0.534060
2.160 0.532500
2.165 0.531070
2.170 0.529630
2.175 0.528000
2.180 0.526000
2.185 0.523460
2.190 0.520390
2.195 0.516830
2.200 0.512800
2.205 0.508270
2.210 0.503100
2.215 0.497120
2.220 0.490100
2.225 0.481900
2.230 0.472780
2.235 0.463070
2.240 0.453100
2.245 0.442970
2.250 0.431980
2.255 0.419210
2.260 0.403670
2.265 0.384610
2.270 0.362690
2.275 0.338810
2.280 0.313790
2.285 0.288620
2.290 0.265110
2.295 0.245330
2.300 0.231520
2.305 0.225250
2.310 0.224710
2.315 0.227470
2.320 0.231180
2.325 0.233940
2.330 0.235280
2.335 0.235060
2.340 0.233060
2.345 0.229250
2.350 0.224560
2.355 0.220130
2.360 0.217110
2.365 0.216300
2.370 0.217010
2.375 0.218200
2.380 0.218840
2.385 0.218220
2.390 0.216810
2.395 0.215360
2.400 0.214630
2.405 0.215170
2.410 0.216700
2.415 0.218740
2.420 0.220850
2.425 0.222680
2.430 0.224290
2.435 0.225860
2.440 0.227540
2.445 0.229420
2.450 0.231300
2.455 0.232890
2.460 0.233920
2.465 0.234180
2.470 0.234010
2.475 0.233820
2.480 0.234030
2.485 0.234960
2.490 0.236380
2.495 0.237920
2.500 0.239240
