0.350 0.012578
0.355 0.013835
0.360 0.015093
0.365 0.016351
0.370 0.017608
0.375 0.018866
0.380 0.020124
0.385 0.021382
0.390 0.022639
0.395 0.023897
0.400 0.025155
0.405 0.026460
0.410 0.027611
0.415 0.028877
0.420 0.029883
0.425 0.030460
0.430 0.030898
0.435 0.031283
0.440 0.031250
0.445 0.031499
0.450 0.035758
0.455 0.036341
0.460 0.036467
0.465 0.036198
0.470 0.036640
0.475 0.036454
0.480 0.036585
0.485 0.036725
0.490 0.036717
0.495 0.037779
0.500 0.039376
0.505 0.042137
0.510 0.046425
0.515 0.053858
0.520 0.063701
0.525 0.074731
0.530 0.084253
0.535 0.090445
0.540 0.094004
0.545 0.094982
0.550 0.097148
0.555 0.096959
0.560 0.094982
0.565 0.091254
0.570 0.084351
0.575 0.076813
0.580 0.072555
0.585 0.067087
0.590 0.065894
0.595 0.063667
0.600 0.063546
0.605 0.062126
0.610 0.059947
0.615 0.057740
0.620 0.055976
0.625 0.054048
0.630 0.053080
0.635 0.052806
0.640 0.050003
0.645 0.047732
0.650 0.045047
0.655 0.043804
0.660 0.042582
0.665 0.040639
0.670 0.039081
0.675 0.038725
0.680 0.038241
0.685 0.039635
0.690 0.045727
0.695 0.062011
0.700 0.090011
0.705 0.126910
0.710 0.163720
0.715 0.205980
0.720 0.254560
0.725 0.310020
0.730 0.372040
0.735 0.435650
0.740 0.496440
0.745 0.552960
0.750 0.596690
0.755 0.628990
0.760 0.652470
0.765 0.666540
0.770 0.676510
0.775 0.683300
0.780 0.687190
0.785 0.690150
0.790 0.692440
0.795 0.694880
0.800 0.696940
0.805 0.698760
0.810 0.700010
0.815 0.701400
0.820 0.703930
0.825 0.704180
0.830 0.702710
0.835 0.702740
0.840 0.704830
0.845 0.707170
0.850 0.708030
0.855 0.706250
0.860 0.704200
0.865 0.704100
0.870 0.704360
0.875 0.703420
0.880 0.702100
0.885 0.702380
0.890 0.704470
0.895 0.706050
0.900 0.705870
0.905 0.705190
0.910 0.704740
0.915 0.704000
0.920 0.702570
0.925 0.700770
0.930 0.698670
0.935 0.695790
0.940 0.691640
0.945 0.685670
0.950 0.677850
0.955 0.669160
0.960 0.663220
0.965 0.659900
0.970 0.657560
0.975 0.657460
0.980 0.659350
0.985 0.659250
0.990 0.659150
0.995 0.662530
1.000 0.666850
1.005 0.669000
1.010 0.670700
1.015 0.675600
1.020 0.679620
1.025 0.681210
1.030 0.685640
1.035 0.689110
1.040 0.691360
1.045 0.694820
1.050 0.695280
1.055 0.696190
1.060 0.698600
1.065 0.698960
1.070 0.699370
1.075 0.698640
1.080 0.699780
1.085 0.698570
1.090 0.697770
1.095 0.698160
1.100 0.695520
1.105 0.692400
1.110 0.692630
1.115 0.689040
1.120 0.687750
1.125 0.682240
1.130 0.674590
1.135 0.661050
1.140 0.644080
1.145 0.624170
1.150 0.607260
1.155 0.596020
1.160 0.588140
1.165 0.582960
1.170 0.579840
1.175 0.576670
1.180 0.574820
1.185 0.573520
1.190 0.573440
1.195 0.571960
1.200 0.571420
1.205 0.571970
1.210 0.572360
1.215 0.575090
1.220 0.577800
1.225 0.579070
1.230 0.581140
1.235 0.583120
1.240 0.586050
1.245 0.587950
1.250 0.590490
1.255 0.592210
1.260 0.593610
1.265 0.593870
1.270 0.593790
1.275 0.592970
1.280 0.590980
1.285 0.589240
1.290 0.585610
1.295 0.582580
1.300 0.576570
1.305 0.569930
1.310 0.561930
1.315 0.551590
1.320 0.540040
1.325 0.527810
1.330 0.514080
1.335 0.500910
1.340 0.487230
1.345 0.473840
1.350 0.462380
1.355 0.454460
1.360 0.444300
1.365 0.432680
1.370 0.418850
1.375 0.400580
1.380 0.375880
1.385 0.340550
1.390 0.303650
1.395 0.265620
1.400 0.233020
1.405 0.204570
1.410 0.184310
1.415 0.173040
1.420 0.162400
1.425 0.156020
1.430 0.150680
1.435 0.147930
1.440 0.144750
1.445 0.141430
1.450 0.141750
1.455 0.141640
1.460 0.143360
1.465 0.144590
1.470 0.146570
1.475 0.152130
1.480 0.156420
1.485 0.162320
1.490 0.168130
1.495 0.175060
1.500 0.180660
1.505 0.187150
1.510 0.194050
1.515 0.201540
1.520 0.210270
1.525 0.217600
1.530 0.226350
1.535 0.232320
1.540 0.238460
1.545 0.245950
1.550 0.253950
1.555 0.260270
1.560 0.265790
1.565 0.271980
1.570 0.277910
1.575 0.283320
1.580 0.288660
1.585 0.294240
1.590 0.299870
1.595 0.304920
1.600 0.309430
1.605 0.313620
1.610 0.317580
1.615 0.322480
1.620 0.327200
1.625 0.329550
1.630 0.332640
1.635 0.335660
1.640 0.337230
1.645 0.339400
1.650 0.342020
1.655 0.344170
1.660 0.345300
1.665 0.346640
1.670 0.347220
1.675 0.345920
1.680 0.343890
1.685 0.342120
1.690 0.341040
1.695 0.339690
1.700 0.338040
1.705 0.336480
1.710 0.333720
1.715 0.329820
1.720 0.326890
1.725 0.323100
1.730 0.317360
1.735 0.314730
1.740 0.313780
1.745 0.309350
1.750 0.303900
1.755 0.299430
1.760 0.295670
1.765 0.291790
1.770 0.287630
1.775 0.285330
1.780 0.284730
1.785 0.284140
1.790 0.283190
1.795 0.282170
1.800 0.281840
1.805 0.282000
1.810 0.282260
1.815 0.282540
1.820 0.282800
1.825 0.282690
1.830 0.281730
1.835 0.279530
1.840 0.275380
1.845 0.269230
1.850 0.260600
1.855 0.249780
1.860 0.236260
1.865 0.218420
1.870 0.194120
1.875 0.166810
1.880 0.139690
1.885 0.114060
1.890 0.091396
1.895 0.073215
1.900 0.061602
1.905 0.053837
1.910 0.047954
1.915 0.044076
1.920 0.042936
1.925 0.042853
1.930 0.042377
1.935 0.041857
1.940 0.041816
1.945 0.041896
1.950 0.041910
1.955 0.043198
1.960 0.047042
1.965 0.050797
1.970 0.051976
1.975 0.052931
1.980 0.056046
1.985 0.059399
1.990 0.060989
1.995 0.062343
2.000 0.065182
2.005 0.069041
2.010 0.073299
2.015 0.077039
2.020 0.079459
2.025 0.081492
2.030 0.084013
2.035 0.086543
2.040 0.088633
2.045 0.091333
2.050 0.095675
2.055 0.100080
2.060 0.102980
2.065 0.105400
2.070 0.108470
2.075 0.111780
2.080 0.114850
2.085 0.117720
2.090 0.120530
2.095 0.123780
2.100 0.127940
2.105 0.132070
2.110 0.135290
2.115 0.138200
2.120 0.141280
2.125 0.143380
2.130 0.143470
2.135 0.144270
2.140 0.148340
2.145 0.152370
2.150 0.153060
2.155 0.153150
2.160 0.155460
2.165 0.158040
2.170 0.158760
2.175 0.158680
2.180 0.159070
2.185 0.160370
2.190 0.162830
2.195 0.164930
2.200 0.165250
2.205 0.165150
2.210 0.166040
2.215 0.167280
2.220 0.168020
2.225 0.167540
2.230 0.165350
2.235 0.163790
2.240 0.164780
2.245 0.164390
2.250 0.158890
2.255 0.153850
2.260 0.154730
2.265 0.156210
2.270 0.152800
2.275 0.147710
2.280 0.144450
2.285 0.141790
2.290 0.138140
2.295 0.133950
2.300 0.129910
2.305 0.126830
2.310 0.125410
2.315 0.124190
2.320 0.121750
2.325 0.118860
2.330 0.116370
2.335 0.114080
2.340 0.111690
2.345 0.109060
2.350 0.106190
2.355 0.103810
2.360 0.102610
2.365 0.101570
2.370 0.099623
2.375 0.097084
2.380 0.094301
2.385 0.091487
2.390 0.088802
2.395 0.086240
2.400 0.083770
2.405 0.081401
2.410 0.079101
2.415 0.076861
2.420 0.074713
2.425 0.072659
2.430 0.070640
2.435 0.068611
2.440 0.066522
2.445 0.064321
2.450 0.062061
2.455 0.059796
2.460 0.057575
2.465 0.055485
2.470 0.053658
2.475 0.052022
2.480 0.050478
2.485 0.048994
2.490 0.047585
2.495 0.046327
2.500 0.045354
