0.350 0.018282
0.355 0.020110
0.360 0.021938
0.365 0.023767
0.370 0.025595
0.375 0.027423
0.380 0.029251
0.385 0.031079
0.390 0.032908
0.395 0.034736
0.400 0.036564
0.405 0.037576
0.410 0.036939
0.415 0.039248
0.420 0.037345
0.425 0.037322
0.430 0.038380
0.435 0.037882
0.440 0.038820
0.445 0.037775
0.450 0.037785
0.455 0.038945
0.460 0.037812
0.465 0.038803
0.470 0.037641
0.475 0.038299
0.480 0.038291
0.485 0.038492
0.490 0.038196
0.495 0.038103
0.500 0.038957
0.505 0.039700
0.510 0.041161
0.515 0.044339
0.520 0.048905
0.525 0.054907
0.530 0.060478
0.535 0.064250
0.540 0.066290
0.545 0.067718
0.550 0.068988
0.555 0.069291
0.560 0.067975
0.565 0.064771
0.570 0.060616
0.575 0.056176
0.580 0.053018
0.585 0.050786
0.590 0.049067
0.595 0.048249
0.600 0.047543
0.605 0.047227
0.610 0.046064
0.615 0.044957
0.620 0.043841
0.625 0.043263
0.630 0.043051
0.635 0.042590
0.640 0.041731
0.645 0.040579
0.650 0.039909
0.655 0.039571
0.660 0.039466
0.665 0.039413
0.670 0.039817
0.675 0.040471
0.680 0.041689
0.685 0.043101
0.690 0.045417
0.695 0.054789
0.700 0.078584
0.705 0.116420
0.710 0.161300
0.715 0.211150
0.720 0.263850
0.725 0.316500
0.730 0.364670
0.735 0.405380
0.740 0.437820
0.745 0.462200
0.750 0.479460
0.755 0.491420
0.760 0.499280
0.765 0.504810
0.770 0.508690
0.775 0.511730
0.780 0.514340
0.785 0.516520
0.790 0.518570
0.795 0.520770
0.800 0.522880
0.805 0.524830
0.810 0.526920
0.815 0.528980
0.820 0.530850
0.825 0.533020
0.830 0.534800
0.835 0.536880
0.840 0.539050
0.845 0.541300
0.850 0.543320
0.855 0.545290
0.860 0.547320
0.865 0.548900
0.870 0.550680
0.875 0.552280
0.880 0.553590
0.885 0.555040
0.890 0.556240
0.895 0.557620
0.900 0.558760
0.905 0.559920
0.910 0.560880
0.915 0.561830
0.920 0.562610
0.925 0.563170
0.930 0.563210
0.935 0.562970
0.940 0.562320
0.945 0.561370
0.950 0.559230
0.955 0.556070
0.960 0.553040
0.965 0.551680
0.970 0.551800
0.975 0.552600
0.980 0.554220
0.985 0.556390
0.990 0.558710
0.995 0.561580
1.000 0.564460
1.005 0.568570
1.010 0.571730
1.015 0.573950
1.020 0.578150
1.025 0.581570
1.030 0.585060
1.035 0.586750
1.040 0.588940
1.045 0.590890
1.050 0.593450
1.055 0.596480
1.060 0.597890
1.065 0.599770
1.070 0.601590
1.075 0.602530
1.080 0.603970
1.085 0.605390
1.090 0.604850
1.095 0.604170
1.100 0.606630
1.105 0.605430
1.110 0.605900
1.115 0.604390
1.120 0.602930
1.125 0.600640
1.130 0.595770
1.135 0.590080
1.140 0.579790
1.145 0.569000
1.150 0.558910
1.155 0.552490
1.160 0.547410
1.165 0.545490
1.170 0.544560
1.175 0.544610
1.180 0.544750
1.185 0.544460
1.190 0.543630
1.195 0.543400
1.200 0.543310
1.205 0.545100
1.210 0.547090
1.215 0.549260
1.220 0.552440
1.225 0.556470
1.230 0.559510
1.235 0.563220
1.240 0.566300
1.245 0.568620
1.250 0.570560
1.255 0.571500
1.260 0.573060
1.265 0.574110
1.270 0.574680
1.275 0.574420
1.280 0.573900
1.285 0.572940
1.290 0.570610
1.295 0.568560
1.300 0.565040
1.305 0.559950
1.310 0.554310
1.315 0.547470
1.320 0.538250
1.325 0.528480
1.330 0.517130
1.335 0.505090
1.340 0.493210
1.345 0.482270
1.350 0.471080
1.355 0.460600
1.360 0.449400
1.365 0.434680
1.370 0.417270
1.375 0.393090
1.380 0.360890
1.385 0.321250
1.390 0.278700
1.395 0.237890
1.400 0.202850
1.405 0.175990
1.410 0.156750
1.415 0.144360
1.420 0.136600
1.425 0.131930
1.430 0.129550
1.435 0.128940
1.440 0.128910
1.445 0.129820
1.450 0.130880
1.455 0.132920
1.460 0.134960
1.465 0.138450
1.470 0.143580
1.475 0.149810
1.480 0.156460
1.485 0.164330
1.490 0.172300
1.495 0.180470
1.500 0.189130
1.505 0.197520
1.510 0.206150
1.515 0.215040
1.520 0.223310
1.525 0.231860
1.530 0.240080
1.535 0.247990
1.540 0.256060
1.545 0.263340
1.550 0.270560
1.555 0.277390
1.560 0.284240
1.565 0.290770
1.570 0.296850
1.575 0.302420
1.580 0.308390
1.585 0.313560
1.590 0.318860
1.595 0.323940
1.600 0.328590
1.605 0.333300
1.610 0.337700
1.615 0.341920
1.620 0.345430
1.625 0.348680
1.630 0.351330
1.635 0.353470
1.640 0.355890
1.645 0.357240
1.650 0.357320
1.655 0.357110
1.660 0.356970
1.665 0.357450
1.670 0.357760
1.675 0.357710
1.680 0.356570
1.685 0.354240
1.690 0.350660
1.695 0.347150
1.700 0.342470
1.705 0.336780
1.710 0.332050
1.715 0.327270
1.720 0.322590
1.725 0.318190
1.730 0.316010
1.735 0.314680
1.740 0.312720
1.745 0.309310
1.750 0.304810
1.755 0.300080
1.760 0.295450
1.765 0.291900
1.770 0.288850
1.775 0.286160
1.780 0.284110
1.785 0.283410
1.790 0.282590
1.795 0.282530
1.800 0.283070
1.805 0.283910
1.810 0.284150
1.815 0.284060
1.820 0.283900
1.825 0.282690
1.830 0.280790
1.835 0.277510
1.840 0.272260
1.845 0.264800
1.850 0.253720
1.855 0.239040
1.860 0.219740
1.865 0.196000
1.870 0.167860
1.875 0.137690
1.880 0.110020
1.885 0.086388
1.890 0.068257
1.895 0.055996
1.900 0.048835
1.905 0.044864
1.910 0.042855
1.915 0.041819
1.920 0.041471
1.925 0.041422
1.930 0.041660
1.935 0.042155
1.940 0.042984
1.945 0.043686
1.950 0.044710
1.955 0.045990
1.960 0.047368
1.965 0.049006
1.970 0.050835
1.975 0.052767
1.980 0.054939
1.985 0.057264
1.990 0.059738
1.995 0.062424
2.000 0.065143
2.005 0.067886
2.010 0.070784
2.015 0.073795
2.020 0.076682
2.025 0.079617
2.030 0.082473
2.035 0.085219
2.040 0.087675
2.045 0.090279
2.050 0.092689
2.055 0.095159
2.060 0.097672
2.065 0.100090
2.070 0.102520
2.075 0.105160
2.080 0.107590
2.085 0.109970
2.090 0.112320
2.095 0.114560
2.100 0.116820
2.105 0.118800
2.110 0.120730
2.115 0.122550
2.120 0.124380
2.125 0.126120
2.130 0.127920
2.135 0.129600
2.140 0.131380
2.145 0.133100
2.150 0.135070
2.155 0.136990
2.160 0.138780
2.165 0.140440
2.170 0.142230
2.175 0.143730
2.180 0.145250
2.185 0.146770
2.190 0.148260
2.195 0.149700
2.200 0.150910
2.205 0.151720
2.210 0.152330
2.215 0.152770
2.220 0.152650
2.225 0.151820
2.230 0.150500
2.235 0.148540
2.240 0.145720
2.245 0.142890
2.250 0.139500
2.255 0.136120
2.260 0.132790
2.265 0.129360
2.270 0.126000
2.275 0.122890
2.280 0.119760
2.285 0.116910
2.290 0.112980
2.295 0.109150
2.300 0.105370
2.305 0.102000
2.310 0.099424
2.315 0.098885
2.320 0.098206
2.325 0.096996
2.330 0.095024
2.335 0.092823
2.340 0.090598
2.345 0.087944
2.350 0.085828
2.355 0.084275
2.360 0.083135
2.365 0.081164
2.370 0.079851
2.375 0.078058
2.380 0.076282
2.385 0.073860
2.390 0.072842
2.395 0.071481
2.400 0.069043
2.405 0.067254
2.410 0.065884
2.415 0.063822
2.420 0.062176
2.425 0.060067
2.430 0.059137
2.435 0.057602
2.440 0.055296
2.445 0.053881
2.450 0.052485
2.455 0.051259
2.460 0.050838
2.465 0.048955
2.470 0.048419
2.475 0.047837
2.480 0.046654
2.485 0.045934
2.490 0.043443
2.495 0.044698
2.500 0.045393
