0.350 0.038071
0.355 0.041879
0.360 0.045686
0.365 0.049493
0.370 0.053300
0.375 0.057107
0.380 0.060914
0.385 0.064722
0.390 0.068529
0.395 0.072336
0.400 0.076143
0.405 0.078471
0.410 0.080956
0.415 0.083534
0.420 0.086772
0.425 0.090186
0.430 0.093029
0.435 0.096102
0.440 0.098946
0.445 0.100970
0.450 0.103080
0.455 0.105460
0.460 0.107520
0.465 0.107680
0.470 0.108770
0.475 0.108820
0.480 0.109890
0.485 0.110560
0.490 0.112020
0.495 0.113840
0.500 0.116430
0.505 0.120300
0.510 0.125700
0.515 0.134120
0.520 0.144300
0.525 0.156280
0.530 0.165200
0.535 0.171830
0.540 0.176030
0.545 0.178430
0.550 0.181190
0.555 0.182670
0.560 0.181750
0.565 0.179660
0.570 0.174710
0.575 0.168590
0.580 0.163240
0.585 0.160230
0.590 0.157520
0.595 0.156600
0.600 0.155540
0.605 0.155710
0.610 0.152770
0.615 0.148620
0.620 0.146410
0.625 0.143290
0.630 0.143210
0.635 0.142390
0.640 0.140710
0.645 0.137580
0.650 0.134430
0.655 0.131700
0.660 0.129330
0.665 0.126380
0.670 0.123900
0.675 0.123460
0.680 0.122390
0.685 0.125820
0.690 0.133770
0.695 0.152610
0.700 0.182920
0.705 0.216260
0.710 0.250370
0.715 0.286820
0.720 0.323630
0.725 0.360680
0.730 0.392130
0.735 0.418610
0.740 0.438670
0.745 0.453870
0.750 0.464740
0.755 0.471840
0.760 0.478100
0.765 0.481970
0.770 0.486100
0.775 0.489720
0.780 0.493090
0.785 0.495090
0.790 0.498940
0.795 0.501810
0.800 0.503610
0.805 0.506810
0.810 0.508830
0.815 0.511570
0.820 0.513720
0.825 0.515330
0.830 0.517460
0.835 0.519660
0.840 0.521090
0.845 0.522190
0.850 0.522940
0.855 0.522450
0.860 0.522190
0.865 0.523620
0.870 0.525800
0.875 0.528140
0.880 0.530770
0.885 0.534310
0.890 0.538840
0.895 0.543480
0.900 0.547550
0.905 0.550310
0.910 0.551540
0.915 0.553500
0.920 0.557430
0.925 0.561380
0.930 0.563670
0.935 0.563230
0.940 0.560200
0.945 0.556750
0.950 0.553130
0.955 0.549330
0.960 0.546420
0.965 0.542340
0.970 0.537550
0.975 0.540390
0.980 0.540780
0.985 0.541800
0.990 0.544360
0.995 0.545540
1.000 0.547130
1.005 0.550640
1.010 0.553630
1.015 0.556020
1.020 0.560270
1.025 0.565490
1.030 0.568720
1.035 0.571850
1.040 0.574910
1.045 0.577350
1.050 0.579560
1.055 0.582220
1.060 0.585150
1.065 0.587680
1.070 0.585810
1.075 0.585630
1.080 0.586890
1.085 0.585750
1.090 0.586250
1.095 0.584810
1.100 0.580860
1.105 0.579590
1.110 0.577420
1.115 0.575450
1.120 0.572810
1.125 0.569710
1.130 0.561230
1.135 0.549640
1.140 0.533630
1.145 0.515360
1.150 0.501360
1.155 0.491950
1.160 0.483550
1.165 0.477410
1.170 0.476510
1.175 0.474990
1.180 0.470820
1.185 0.468670
1.190 0.467320
1.195 0.466950
1.200 0.466400
1.205 0.467410
1.210 0.470190
1.215 0.473240
1.220 0.471430
1.225 0.477610
1.230 0.481090
1.235 0.482250
1.240 0.483150
1.245 0.487300
1.250 0.489910
1.255 0.490670
1.260 0.491730
1.265 0.493060
1.270 0.491770
1.275 0.490940
1.280 0.491760
1.285 0.489730
1.290 0.486880
1.295 0.484120
1.300 0.481060
1.305 0.476530
1.310 0.467110
1.315 0.459370
1.320 0.450590
1.325 0.440110
1.330 0.429500
1.335 0.416050
1.340 0.405330
1.345 0.395060
1.350 0.385590
1.355 0.378740
1.360 0.369210
1.365 0.361340
1.370 0.349920
1.375 0.336930
1.380 0.316330
1.385 0.292180
1.390 0.264560
1.395 0.236210
1.400 0.212960
1.405 0.190620
1.410 0.175280
1.415 0.166030
1.420 0.161970
1.425 0.155510
1.430 0.150830
1.435 0.150340
1.440 0.148030
1.445 0.145190
1.450 0.144870
1.455 0.144990
1.460 0.144290
1.465 0.147370
1.470 0.148760
1.475 0.150310
1.480 0.152760
1.485 0.156900
1.490 0.161560
1.495 0.165930
1.500 0.168460
1.505 0.171510
1.510 0.177730
1.515 0.181150
1.520 0.189000
1.525 0.192580
1.530 0.196710
1.535 0.202990
1.540 0.207440
1.545 0.213680
1.550 0.217130
1.555 0.221950
1.560 0.226700
1.565 0.230160
1.570 0.236650
1.575 0.240010
1.580 0.242490
1.585 0.246590
1.590 0.251770
1.595 0.254950
1.600 0.257370
1.605 0.260660
1.610 0.263230
1.615 0.267040
1.620 0.270710
1.625 0.270680
1.630 0.271590
1.635 0.273770
1.640 0.275880
1.645 0.278260
1.650 0.278980
1.655 0.279040
1.660 0.280780
1.665 0.278750
1.670 0.275850
1.675 0.276060
1.680 0.276150
1.685 0.274630
1.690 0.271740
1.695 0.270870
1.700 0.270240
1.705 0.265550
1.710 0.261880
1.715 0.260950
1.720 0.258320
1.725 0.254780
1.730 0.252740
1.735 0.253750
1.740 0.255000
1.745 0.251510
1.750 0.246580
1.755 0.243030
1.760 0.241640
1.765 0.240500
1.770 0.237970
1.775 0.235610
1.780 0.234150
1.785 0.233620
1.790 0.233550
1.795 0.233580
1.800 0.233470
1.805 0.233560
1.810 0.234240
1.815 0.234840
1.820 0.234710
1.825 0.234400
1.830 0.234370
1.835 0.233720
1.840 0.231320
1.845 0.227590
1.850 0.222560
1.855 0.215760
1.860 0.206060
1.865 0.193450
1.870 0.177350
1.875 0.159860
1.880 0.142830
1.885 0.127160
1.890 0.113880
1.895 0.102680
1.900 0.093913
1.905 0.088024
1.910 0.085980
1.915 0.084926
1.920 0.082453
1.925 0.080068
1.930 0.079489
1.935 0.079439
1.940 0.078773
1.945 0.078826
1.950 0.081052
1.955 0.083416
1.960 0.083953
1.965 0.084235
1.970 0.085910
1.975 0.088061
1.980 0.089687
1.985 0.090812
1.990 0.091566
1.995 0.092762
2.000 0.095179
2.005 0.097716
2.010 0.099261
2.015 0.100230
2.020 0.101130
2.025 0.102720
2.030 0.105670
2.035 0.108120
2.040 0.108340
2.045 0.108620
2.050 0.111190
2.055 0.113920
2.060 0.114650
2.065 0.115110
2.070 0.117060
2.075 0.119220
2.080 0.120170
2.085 0.120370
2.090 0.120320
2.095 0.120930
2.100 0.123000
2.105 0.124940
2.110 0.125310
2.115 0.125960
2.120 0.128780
2.125 0.131980
2.130 0.133660
2.135 0.134250
2.140 0.134300
2.145 0.135050
2.150 0.137590
2.155 0.139970
2.160 0.140250
2.165 0.140160
2.170 0.141410
2.175 0.142780
2.180 0.143020
2.185 0.143520
2.190 0.145680
2.195 0.147820
2.200 0.148190
2.205 0.147410
2.210 0.146090
2.215 0.144920
2.220 0.144430
2.225 0.143750
2.230 0.141940
2.235 0.139540
2.240 0.137030
2.245 0.134680
2.250 0.132680
2.255 0.130460
2.260 0.127550
2.265 0.125340
2.270 0.125140
2.275 0.124600
2.280 0.121430
2.285 0.118000
2.290 0.116710
2.295 0.115860
2.300 0.113760
2.305 0.111820
2.310 0.111540
2.315 0.111420
2.320 0.109930
2.325 0.108070
2.330 0.106890
2.335 0.106050
2.340 0.105120
2.345 0.103790
2.350 0.101800
2.355 0.100100
2.360 0.099611
2.365 0.099278
2.370 0.098096
2.375 0.096821
2.380 0.096287
2.385 0.096195
2.390 0.096237
2.395 0.096176
2.400 0.095632
2.405 0.094168
2.410 0.092242
2.415 0.090272
2.420 0.088620
2.425 0.087387
2.430 0.086344
2.435 0.085412
2.440 0.084625
2.445 0.084067
2.450 0.083630
2.455 0.083231
2.460 0.082826
2.465 0.082361
2.470 0.081758
2.475 0.081060
2.480 0.080326
2.485 0.079579
2.490 0.078825
2.495 0.078069
2.500 0.077309
