0.350 0.009300
0.355 0.010230
0.360 0.011160
0.365 0.012090
0.370 0.013020
0.375 0.013950
0.380 0.014880
0.385 0.015810
0.390 0.016740
0.395 0.017670
0.400 0.018600
0.405 0.021983
0.410 0.019540
0.415 0.023982
0.420 0.022823
0.425 0.024488
0.430 0.025065
0.435 0.025127
0.440 0.024474
0.445 0.024780
0.450 0.025716
0.455 0.025992
0.460 0.026275
0.465 0.026043
0.470 0.025929
0.475 0.026079
0.480 0.025821
0.485 0.025997
0.490 0.026115
0.495 0.026130
0.500 0.027089
0.505 0.028252
0.510 0.029883
0.515 0.032772
0.520 0.037479
0.525 0.043208
0.530 0.047731
0.535 0.050579
0.540 0.052202
0.545 0.052838
0.550 0.053596
0.555 0.053611
0.560 0.052157
0.565 0.049397
0.570 0.045727
0.575 0.041989
0.580 0.039319
0.585 0.037352
0.590 0.035816
0.595 0.035125
0.600 0.034777
0.605 0.034543
0.610 0.033404
0.615 0.032003
0.620 0.030909
0.625 0.030473
0.630 0.030248
0.635 0.029822
0.640 0.028944
0.645 0.028038
0.650 0.027138
0.655 0.026915
0.660 0.026765
0.665 0.026558
0.670 0.027049
0.675 0.028190
0.680 0.030227
0.685 0.032649
0.690 0.035405
0.695 0.043662
0.700 0.061759
0.705 0.089752
0.710 0.124400
0.715 0.164690
0.720 0.208810
0.725 0.254290
0.730 0.297110
0.735 0.334340
0.740 0.364630
0.745 0.387240
0.750 0.403080
0.755 0.413350
0.760 0.419940
0.765 0.423840
0.770 0.426370
0.775 0.428100
0.780 0.429640
0.785 0.431050
0.790 0.432320
0.795 0.433670
0.800 0.434880
0.805 0.436220
0.810 0.437610
0.815 0.438970
0.820 0.440370
0.825 0.441860
0.830 0.443260
0.835 0.444540
0.840 0.446310
0.845 0.447950
0.850 0.449640
0.855 0.451080
0.860 0.452500
0.865 0.453780
0.870 0.454850
0.875 0.455990
0.880 0.456950
0.885 0.457800
0.890 0.458490
0.895 0.459230
0.900 0.459710
0.905 0.460180
0.910 0.460860
0.915 0.461230
0.920 0.461550
0.925 0.461470
0.930 0.460870
0.935 0.460040
0.940 0.458510
0.945 0.456550
0.950 0.453030
0.955 0.448430
0.960 0.444550
0.965 0.442250
0.970 0.441550
0.975 0.441640
0.980 0.442170
0.985 0.443480
0.990 0.445340
0.995 0.448030
1.000 0.450160
1.005 0.450010
1.010 0.451930
1.015 0.455320
1.020 0.457700
1.025 0.461440
1.030 0.464420
1.035 0.467060
1.040 0.468460
1.045 0.471190
1.050 0.473130
1.055 0.475080
1.060 0.477670
1.065 0.477840
1.070 0.478610
1.075 0.479480
1.080 0.481270
1.085 0.480620
1.090 0.480030
1.095 0.479250
1.100 0.479240
1.105 0.478610
1.110 0.477690
1.115 0.475990
1.120 0.473910
1.125 0.469630
1.130 0.463880
1.135 0.454720
1.140 0.443130
1.145 0.430110
1.150 0.418630
1.155 0.410450
1.160 0.404540
1.165 0.401570
1.170 0.399340
1.175 0.397720
1.180 0.395710
1.185 0.394550
1.190 0.393760
1.195 0.393420
1.200 0.393440
1.205 0.395260
1.210 0.396620
1.215 0.399390
1.220 0.402290
1.225 0.405550
1.230 0.408020
1.235 0.410760
1.240 0.413520
1.245 0.415460
1.250 0.417690
1.255 0.419150
1.260 0.420970
1.265 0.421610
1.270 0.421740
1.275 0.421760
1.280 0.420760
1.285 0.419450
1.290 0.417350
1.295 0.414400
1.300 0.410220
1.305 0.405320
1.310 0.398900
1.315 0.391420
1.320 0.382790
1.325 0.372790
1.330 0.362400
1.335 0.351670
1.340 0.340900
1.345 0.331130
1.350 0.322060
1.355 0.313750
1.360 0.304760
1.365 0.294520
1.370 0.280700
1.375 0.263860
1.380 0.241280
1.385 0.214130
1.390 0.185770
1.395 0.158930
1.400 0.136330
1.405 0.118850
1.410 0.106010
1.415 0.097356
1.420 0.091408
1.425 0.087563
1.430 0.085180
1.435 0.083515
1.440 0.082790
1.445 0.082468
1.450 0.082583
1.455 0.083150
1.460 0.084258
1.465 0.086232
1.470 0.088733
1.475 0.092204
1.480 0.095811
1.485 0.100160
1.490 0.104900
1.495 0.109710
1.500 0.114380
1.505 0.119510
1.510 0.124550
1.515 0.130050
1.520 0.134880
1.525 0.139960
1.530 0.144970
1.535 0.149980
1.540 0.154460
1.545 0.159090
1.550 0.163520
1.555 0.167970
1.560 0.172160
1.565 0.176400
1.570 0.180410
1.575 0.183730
1.580 0.187430
1.585 0.190830
1.590 0.194680
1.595 0.198130
1.600 0.201380
1.605 0.204880
1.610 0.207970
1.615 0.211130
1.620 0.213600
1.625 0.215940
1.630 0.218320
1.635 0.220100
1.640 0.222270
1.645 0.223670
1.650 0.224360
1.655 0.224540
1.660 0.224130
1.665 0.223790
1.670 0.223340
1.675 0.222440
1.680 0.221520
1.685 0.219480
1.690 0.217510
1.695 0.215070
1.700 0.212500
1.705 0.210000
1.710 0.207580
1.715 0.205290
1.720 0.203060
1.725 0.201190
1.730 0.199460
1.735 0.197230
1.740 0.194920
1.745 0.192030
1.750 0.188920
1.755 0.186180
1.760 0.183260
1.765 0.181120
1.770 0.179150
1.775 0.177050
1.780 0.175940
1.785 0.175740
1.790 0.175770
1.795 0.176050
1.800 0.176540
1.805 0.175070
1.810 0.175440
1.815 0.175710
1.820 0.175570
1.825 0.175100
1.830 0.174270
1.835 0.172520
1.840 0.169680
1.845 0.165390
1.850 0.158820
1.855 0.149890
1.860 0.138230
1.865 0.123810
1.870 0.106790
1.875 0.088431
1.880 0.070912
1.885 0.055502
1.890 0.043182
1.895 0.034446
1.900 0.028782
1.905 0.025312
1.910 0.023347
1.915 0.022404
1.920 0.021761
1.925 0.021585
1.930 0.021651
1.935 0.021950
1.940 0.022337
1.945 0.023008
1.950 0.023829
1.955 0.024717
1.960 0.025624
1.965 0.026883
1.970 0.028072
1.975 0.029506
1.980 0.030852
1.985 0.032449
1.990 0.034061
1.995 0.035850
2.000 0.037619
2.005 0.039355
2.010 0.041160
2.015 0.042854
2.020 0.044531
2.025 0.046187
2.030 0.047724
2.035 0.049271
2.040 0.050671
2.045 0.051999
2.050 0.053255
2.055 0.054589
2.060 0.055871
2.065 0.057276
2.070 0.058681
2.075 0.060109
2.080 0.061513
2.085 0.062805
2.090 0.064155
2.095 0.065492
2.100 0.066845
2.105 0.068127
2.110 0.069452
2.115 0.070757
2.120 0.072130
2.125 0.073225
2.130 0.074538
2.135 0.075672
2.140 0.076801
2.145 0.078087
2.150 0.079111
2.155 0.080217
2.160 0.081354
2.165 0.082680
2.170 0.083936
2.175 0.085003
2.180 0.086098
2.185 0.087243
2.190 0.088394
2.195 0.089323
2.200 0.090192
2.205 0.090765
2.210 0.091137
2.215 0.091456
2.220 0.091248
2.225 0.090652
2.230 0.089839
2.235 0.088510
2.240 0.086737
2.245 0.084233
2.250 0.081824
2.255 0.079020
2.260 0.076309
2.265 0.073927
2.270 0.071908
2.275 0.070280
2.280 0.068954
2.285 0.067692
2.290 0.066252
2.295 0.064595
2.300 0.063005
2.305 0.061147
2.310 0.059942
2.315 0.059076
2.320 0.058172
2.325 0.056853
2.330 0.055639
2.335 0.054356
2.340 0.053240
2.345 0.051877
2.350 0.050753
2.355 0.049987
2.360 0.048824
2.365 0.047856
2.370 0.047122
2.375 0.045630
2.380 0.044860
2.385 0.043601
2.390 0.042815
2.395 0.041753
2.400 0.040276
2.405 0.039253
2.410 0.037881
2.415 0.036685
2.420 0.035534
2.425 0.034598
2.430 0.033504
2.435 0.032199
2.440 0.030693
2.445 0.029756
2.450 0.029016
2.455 0.027750
2.460 0.026150
2.465 0.026162
2.470 0.024908
2.475 0.023766
2.480 0.024386
2.485 0.022589
2.490 0.023243
2.495 0.023390
2.500 0.021896
