0.350 0.017386
0.355 0.019125
0.360 0.020864
0.365 0.022602
0.370 0.024341
0.375 0.026080
0.380 0.027818
0.385 0.029557
0.390 0.031296
0.395 0.033034
0.400 0.034773
0.405 0.040348
0.410 0.046146
0.415 0.052215
0.420 0.058738
0.425 0.065654
0.430 0.071538
0.435 0.078363
0.440 0.083180
0.445 0.088076
0.450 0.094759
0.455 0.099410
0.460 0.102330
0.465 0.106940
0.470 0.110580
0.475 0.115240
0.480 0.118110
0.485 0.121360
0.490 0.124170
0.495 0.128310
0.500 0.131750
0.505 0.135390
0.510 0.139490
0.515 0.145550
0.520 0.152020
0.525 0.159300
0.530 0.164770
0.535 0.170470
0.540 0.174790
0.545 0.176850
0.550 0.179660
0.555 0.182650
0.560 0.183680
0.565 0.185310
0.570 0.184680
0.575 0.184200
0.580 0.185310
0.585 0.184800
0.590 0.186730
0.595 0.187170
0.600 0.188410
0.605 0.190150
0.610 0.190110
0.615 0.191870
0.620 0.193310
0.625 0.194490
0.630 0.195480
0.635 0.196930
0.640 0.197800
0.645 0.199330
0.650 0.199970
0.655 0.200810
0.660 0.201830
0.665 0.202750
0.670 0.202700
0.675 0.203380
0.680 0.204890
0.685 0.208070
0.690 0.211280
0.695 0.218780
0.700 0.230970
0.705 0.246390
0.710 0.262500
0.715 0.280290
0.720 0.300460
0.725 0.324010
0.730 0.350070
0.735 0.376080
0.740 0.401110
0.745 0.424620
0.750 0.442390
0.755 0.455830
0.760 0.466270
0.765 0.472100
0.770 0.476990
0.775 0.481620
0.780 0.482800
0.785 0.483930
0.790 0.486140
0.795 0.488150
0.800 0.488300
0.805 0.489970
0.810 0.490810
0.815 0.491770
0.820 0.492850
0.825 0.493110
0.830 0.493540
0.835 0.494640
0.840 0.495970
0.845 0.497140
0.850 0.497680
0.855 0.496930
0.860 0.495850
0.865 0.495450
0.870 0.495450
0.875 0.495630
0.880 0.496040
0.885 0.496920
0.890 0.498100
0.895 0.498590
0.900 0.497880
0.905 0.496960
0.910 0.496490
0.915 0.496400
0.920 0.496610
0.925 0.496980
0.930 0.497180
0.935 0.496300
0.940 0.494190
0.945 0.491870
0.950 0.489040
0.955 0.485430
0.960 0.482350
0.965 0.481190
0.970 0.481670
0.975 0.480830
0.980 0.481260
0.985 0.481330
0.990 0.481410
0.995 0.482880
1.000 0.484320
1.005 0.484950
1.010 0.484960
1.015 0.487190
1.020 0.489700
1.025 0.491000
1.030 0.492610
1.035 0.494210
1.040 0.496380
1.045 0.496490
1.050 0.497570
1.055 0.498160
1.060 0.498720
1.065 0.499180
1.070 0.498960
1.075 0.498350
1.080 0.500240
1.085 0.500850
1.090 0.499170
1.095 0.499510
1.100 0.499020
1.105 0.497370
1.110 0.498520
1.115 0.496660
1.120 0.495780
1.125 0.493980
1.130 0.490500
1.135 0.484480
1.140 0.475940
1.145 0.467650
1.150 0.461830
1.155 0.456150
1.160 0.451760
1.165 0.449420
1.170 0.447770
1.175 0.445220
1.180 0.443860
1.185 0.443290
1.190 0.443250
1.195 0.442460
1.200 0.441850
1.205 0.441890
1.210 0.441140
1.215 0.442670
1.220 0.444730
1.225 0.444700
1.230 0.446180
1.235 0.447400
1.240 0.448730
1.245 0.450190
1.250 0.451540
1.255 0.453210
1.260 0.453640
1.265 0.453940
1.270 0.453650
1.275 0.453270
1.280 0.453230
1.285 0.452900
1.290 0.451470
1.295 0.449730
1.300 0.447790
1.305 0.445340
1.310 0.441700
1.315 0.438180
1.320 0.432880
1.325 0.427550
1.330 0.421600
1.335 0.415400
1.340 0.409710
1.345 0.402130
1.350 0.395810
1.355 0.391760
1.360 0.385970
1.365 0.380490
1.370 0.374370
1.375 0.365670
1.380 0.354690
1.385 0.340670
1.390 0.322800
1.395 0.305010
1.400 0.290360
1.405 0.274420
1.410 0.262600
1.415 0.251840
1.420 0.242390
1.425 0.235640
1.430 0.229690
1.435 0.226670
1.440 0.223090
1.445 0.220800
1.450 0.220300
1.455 0.220080
1.460 0.220470
1.465 0.221490
1.470 0.220280
1.475 0.223260
1.480 0.225450
1.485 0.228820
1.490 0.231440
1.495 0.234870
1.500 0.238270
1.505 0.241370
1.510 0.244170
1.515 0.248350
1.520 0.252840
1.525 0.255970
1.530 0.260570
1.535 0.263130
1.540 0.267320
1.545 0.270260
1.550 0.273550
1.555 0.277340
1.560 0.279880
1.565 0.281360
1.570 0.283870
1.575 0.286280
1.580 0.288930
1.585 0.292020
1.590 0.295050
1.595 0.297640
1.600 0.300570
1.605 0.303990
1.610 0.306120
1.615 0.308670
1.620 0.311690
1.625 0.313490
1.630 0.315480
1.635 0.317420
1.640 0.318540
1.645 0.319260
1.650 0.320570
1.655 0.321740
1.660 0.321360
1.665 0.321950
1.670 0.321930
1.675 0.319520
1.680 0.317200
1.685 0.316010
1.690 0.315880
1.695 0.315370
1.700 0.314510
1.705 0.313890
1.710 0.311000
1.715 0.306290
1.720 0.304710
1.725 0.303570
1.730 0.300140
1.735 0.298920
1.740 0.299570
1.745 0.298700
1.750 0.297490
1.755 0.296300
1.760 0.293470
1.765 0.290670
1.770 0.289550
1.775 0.288370
1.780 0.287800
1.785 0.289510
1.790 0.289730
1.795 0.287610
1.800 0.287260
1.805 0.288310
1.810 0.289030
1.815 0.289170
1.820 0.288700
1.825 0.288300
1.830 0.288570
1.835 0.288800
1.840 0.288160
1.845 0.286480
1.850 0.283480
1.855 0.279310
1.860 0.273690
1.865 0.265750
1.870 0.254310
1.875 0.241200
1.880 0.227830
1.885 0.213410
1.890 0.197040
1.895 0.181180
1.900 0.168430
1.905 0.157920
1.910 0.148990
1.915 0.142070
1.920 0.138100
1.925 0.136230
1.930 0.136010
1.935 0.136960
1.940 0.138900
1.945 0.140820
1.950 0.142070
1.955 0.144320
1.960 0.149270
1.965 0.154490
1.970 0.157550
1.975 0.159570
1.980 0.161820
1.985 0.164590
1.990 0.167890
1.995 0.170750
2.000 0.172280
2.005 0.173780
2.010 0.176410
2.015 0.178410
2.020 0.177910
2.025 0.176710
2.030 0.176500
2.035 0.176070
2.040 0.174080
2.045 0.172010
2.050 0.171330
2.055 0.170970
2.060 0.169860
2.065 0.168700
2.070 0.168370
2.075 0.169080
2.080 0.170820
2.085 0.171630
2.090 0.169840
2.095 0.168560
2.100 0.170910
2.105 0.174240
2.110 0.175860
2.115 0.176880
2.120 0.178590
2.125 0.180370
2.130 0.181600
2.135 0.183200
2.140 0.185970
2.145 0.188170
2.150 0.188110
2.155 0.188150
2.160 0.190630
2.165 0.193660
2.170 0.195210
2.175 0.195680
2.180 0.195650
2.185 0.195840
2.190 0.196860
2.195 0.198060
2.200 0.198830
2.205 0.199570
2.210 0.200680
2.215 0.201570
2.220 0.201460
2.225 0.200190
2.230 0.197570
2.235 0.194740
2.240 0.192540
2.245 0.189680
2.250 0.184920
2.255 0.180820
2.260 0.179850
2.265 0.179260
2.270 0.176300
2.275 0.172890
2.280 0.171170
2.285 0.170540
2.290 0.170160
2.295 0.168730
2.300 0.165170
2.305 0.161600
2.310 0.160090
2.315 0.159280
2.320 0.157730
2.325 0.156030
2.330 0.154880
2.335 0.153700
2.340 0.151850
2.345 0.149850
2.350 0.148340
2.355 0.147750
2.360 0.148470
2.365 0.149290
2.370 0.149010
2.375 0.147850
2.380 0.146090
2.385 0.144310
2.390 0.143090
2.395 0.142180
2.400 0.141020
2.405 0.139150
2.410 0.136870
2.415 0.134460
2.420 0.132070
2.425 0.129770
2.430 0.127500
2.435 0.125190
2.440 0.122750
2.445 0.120110
2.450 0.117340
2.455 0.114560
2.460 0.111840
2.465 0.109310
2.470 0.107180
2.475 0.105330
2.480 0.103620
2.485 0.102010
2.490 0.100570
2.495 0.099437
2.500 0.098923
