0.350 0.058325
0.355 0.064158
0.360 0.069990
0.365 0.075823
0.370 0.081655
0.375 0.087488
0.380 0.093320
0.385 0.099153
0.390 0.104980
0.395 0.110820
0.400 0.116650
0.405 0.120680
0.410 0.126380
0.415 0.129480
0.420 0.134590
0.425 0.138310
0.430 0.142250
0.435 0.145810
0.440 0.148580
0.445 0.151850
0.450 0.153950
0.455 0.156140
0.460 0.157630
0.465 0.158400
0.470 0.160580
0.475 0.161440
0.480 0.162370
0.485 0.162980
0.490 0.163530
0.495 0.164390
0.500 0.165420
0.505 0.166130
0.510 0.166680
0.515 0.167940
0.520 0.169180
0.525 0.170310
0.530 0.171040
0.535 0.171400
0.540 0.171720
0.545 0.172070
0.550 0.172270
0.555 0.172120
0.560 0.172050
0.565 0.171470
0.570 0.171030
0.575 0.170270
0.580 0.169430
0.585 0.168310
0.590 0.167060
0.595 0.165750
0.600 0.163920
0.605 0.162590
0.610 0.161670
0.615 0.160670
0.620 0.159970
0.625 0.159030
0.630 0.158300
0.635 0.157450
0.640 0.156790
0.645 0.156040
0.650 0.155220
0.655 0.154310
0.660 0.153240
0.665 0.152580
0.670 0.151970
0.675 0.151360
0.680 0.150700
0.685 0.149790
0.690 0.148800
0.695 0.147380
0.700 0.145820
0.705 0.143870
0.710 0.141240
0.715 0.137800
0.720 0.133630
0.725 0.128710
0.730 0.121970
0.735 0.115570
0.740 0.112660
0.745 0.111670
0.750 0.110910
0.755 0.110310
0.760 0.109880
0.765 0.109500
0.770 0.109530
0.775 0.109580
0.780 0.110050
0.785 0.110730
0.790 0.111520
0.795 0.112290
0.800 0.112880
0.805 0.113070
0.810 0.112450
0.815 0.111190
0.820 0.109020
0.825 0.104720
0.830 0.098316
0.835 0.093821
0.840 0.091600
0.845 0.089855
0.850 0.088090
0.855 0.086474
0.860 0.084882
0.865 0.083422
0.870 0.081641
0.875 0.079591
0.880 0.077383
0.885 0.075117
0.890 0.072870
0.895 0.071072
0.900 0.068934
0.905 0.067000
0.910 0.064613
0.915 0.061394
0.920 0.057264
0.925 0.051505
0.930 0.044946
0.935 0.038565
0.940 0.032388
0.945 0.027168
0.950 0.022173
0.955 0.018343
0.960 0.015854
0.965 0.014788
0.970 0.014152
0.975 0.014107
0.980 0.013869
0.985 0.013772
0.990 0.013983
0.995 0.014545
1.000 0.014978
1.005 0.015612
1.010 0.016608
1.015 0.017682
1.020 0.019527
1.025 0.021150
1.030 0.023081
1.035 0.025204
1.040 0.027324
1.045 0.029113
1.050 0.031031
1.055 0.032601
1.060 0.033737
1.065 0.034479
1.070 0.034388
1.075 0.033973
1.080 0.032899
1.085 0.031545
1.090 0.029861
1.095 0.027968
1.100 0.026054
1.105 0.024457
1.110 0.022802
1.115 0.021086
1.120 0.019328
1.125 0.017279
1.130 0.014650
1.135 0.012115
1.140 0.010081
1.145 0.008669
1.150 0.007911
1.155 0.007487
1.160 0.007318
1.165 0.007110
1.170 0.007206
1.175 0.007046
1.180 0.007136
1.185 0.006999
1.190 0.006967
1.195 0.006883
1.200 0.006933
1.205 0.006912
1.210 0.006918
1.215 0.007006
1.220 0.007006
1.225 0.007032
1.230 0.007036
1.235 0.007097
1.240 0.007189
1.245 0.007121
1.250 0.007308
1.255 0.007271
1.260 0.007307
1.265 0.007291
1.270 0.007347
1.275 0.007239
1.280 0.007088
1.285 0.006980
1.290 0.006851
1.295 0.006831
1.300 0.006736
1.305 0.006570
1.310 0.006348
1.315 0.006149
1.320 0.006017
1.325 0.005949
1.330 0.005772
1.335 0.005754
1.340 0.005723
1.345 0.005480
1.350 0.005557
1.355 0.005459
1.360 0.005381
1.365 0.005378
1.370 0.005340
1.375 0.005283
1.380 0.005086
1.385 0.005006
1.390 0.004925
1.395 0.004834
1.400 0.004831
1.405 0.004797
1.410 0.004829
1.415 0.004777
1.420 0.004669
1.425 0.004749
1.430 0.004790
1.435 0.004717
1.440 0.004757
1.445 0.004740
1.450 0.004784
1.455 0.004695
1.460 0.004703
1.465 0.004661
1.470 0.004607
1.475 0.004638
1.480 0.004705
1.485 0.004704
1.490 0.004664
1.495 0.004661
1.500 0.004662
1.505 0.004650
1.510 0.004640
1.515 0.004678
1.520 0.004603
1.525 0.004578
1.530 0.004669
1.535 0.004617
1.540 0.004635
1.545 0.004618
1.550 0.004648
1.555 0.004754
1.560 0.004616
1.565 0.004642
1.570 0.004714
1.575 0.004710
1.580 0.004641
1.585 0.004739
1.590 0.004773
1.595 0.004732
1.600 0.004784
1.605 0.004766
1.610 0.004662
1.615 0.004711
1.620 0.004768
1.625 0.004724
1.630 0.004659
1.635 0.004712
1.640 0.004753
1.645 0.004688
1.650 0.004731
1.655 0.004788
1.660 0.004772
1.665 0.004743
1.670 0.004844
1.675 0.004828
1.680 0.004733
1.685 0.004774
1.690 0.004821
1.695 0.004830
1.700 0.004748
1.705 0.004768
1.710 0.004704
1.715 0.004673
1.720 0.004681
1.725 0.004703
1.730 0.004621
1.735 0.004789
1.740 0.004725
1.745 0.004759
1.750 0.004735
1.755 0.004724
1.760 0.004732
1.765 0.004745
1.770 0.004680
1.775 0.004892
1.780 0.004796
1.785 0.004698
1.790 0.004662
1.795 0.004724
1.800 0.005261
1.805 0.005273
1.810 0.005161
1.815 0.005077
1.820 0.005072
1.825 0.005284
1.830 0.005138
1.835 0.005032
1.840 0.005104
1.845 0.005075
1.850 0.005085
1.855 0.005118
1.860 0.005071
1.865 0.005018
1.870 0.004955
1.875 0.004965
1.880 0.005069
1.885 0.004991
1.890 0.005042
1.895 0.005021
1.900 0.005034
1.905 0.005123
1.910 0.005017
1.915 0.004983
1.920 0.005062
1.925 0.005082
1.930 0.005021
1.935 0.004879
1.940 0.005044
1.945 0.004954
1.950 0.005115
1.955 0.005073
1.960 0.005034
1.965 0.005077
1.970 0.004952
1.975 0.005130
1.980 0.005019
1.985 0.004996
1.990 0.005048
1.995 0.005128
2.000 0.004999
2.005 0.004922
2.010 0.004945
2.015 0.004998
2.020 0.005166
2.025 0.005120
2.030 0.004970
2.035 0.004964
2.040 0.005038
2.045 0.005015
2.050 0.005045
2.055 0.005123
2.060 0.004979
2.065 0.004921
2.070 0.005053
2.075 0.005083
2.080 0.004956
2.085 0.005007
2.090 0.005152
2.095 0.004912
2.100 0.004858
2.105 0.005066
2.110 0.004970
2.115 0.004870
2.120 0.004929
2.125 0.004855
2.130 0.004913
2.135 0.004936
2.140 0.004948
2.145 0.004807
2.150 0.004943
2.155 0.005071
2.160 0.004853
2.165 0.005120
2.170 0.005061
2.175 0.005072
2.180 0.005072
2.185 0.004856
2.190 0.004960
2.195 0.005106
2.200 0.004940
2.205 0.004983
2.210 0.005014
2.215 0.005000
2.220 0.005109
2.225 0.005156
2.230 0.005237
2.235 0.005315
2.240 0.005316
2.245 0.005139
2.250 0.005289
2.255 0.005167
2.260 0.004977
2.265 0.004963
2.270 0.005044
2.275 0.005036
2.280 0.005141
2.285 0.005144
2.290 0.005089
2.295 0.005062
2.300 0.004994
2.305 0.005002
2.310 0.005022
2.315 0.004930
2.320 0.004833
2.325 0.004866
2.330 0.004968
2.335 0.004837
2.340 0.005031
2.345 0.004945
2.350 0.005141
2.355 0.005031
2.360 0.005062
2.365 0.004866
2.370 0.005021
2.375 0.005137
2.380 0.004805
2.385 0.004963
2.390 0.004787
2.395 0.004511
2.400 0.004635
2.405 0.004819
2.410 0.004795
2.415 0.004801
2.420 0.004948
2.425 0.004512
2.430 0.005022
2.435 0.005133
2.440 0.005128
2.445 0.004952
2.450 0.005101
2.455 0.004845
2.460 0.005061
2.465 0.005409
2.470 0.005514
2.475 0.005350
2.480 0.004739
2.485 0.005620
2.490 0.005765
2.495 0.005628
2.500 0.007403
