0.350 0.056800
0.355 0.057161
0.360 0.057400
0.365 0.057661
0.370 0.057800
0.375 0.057785
0.380 0.058200
0.385 0.058351
0.390 0.058500
0.395 0.058504
0.400 0.058600
0.405 0.058503
0.410 0.058500
0.415 0.058500
0.420 0.058500
0.425 0.058500
0.430 0.058500
0.435 0.058550
0.440 0.058600
0.445 0.058653
0.450 0.058800
0.455 0.058800
0.460 0.058800
0.465 0.058900
0.470 0.059000
0.475 0.059053
0.480 0.059200
0.485 0.059450
0.490 0.059700
0.495 0.059957
0.500 0.060000
0.505 0.060142
0.510 0.060500
0.515 0.060803
0.520 0.061200
0.525 0.061691
0.530 0.062400
0.535 0.063333
0.540 0.064700
0.545 0.066629
0.550 0.069400
0.555 0.073507
0.560 0.079300
0.565 0.087361
0.570 0.097300
0.575 0.108930
0.580 0.121500
0.585 0.134280
0.590 0.145900
0.595 0.155840
0.600 0.163800
0.605 0.169730
0.610 0.174000
0.615 0.177020
0.620 0.179200
0.625 0.180870
0.630 0.182100
0.635 0.183360
0.640 0.184400
0.645 0.185590
0.650 0.186900
0.655 0.188190
0.660 0.189700
0.665 0.191350
0.670 0.193100
0.675 0.194950
0.680 0.196800
0.685 0.198700
0.690 0.200700
0.695 0.202590
0.700 0.204500
0.705 0.206300
0.710 0.207900
0.715 0.209360
0.720 0.210500
0.725 0.211410
0.730 0.212000
0.735 0.212290
0.740 0.212300
0.745 0.212010
0.750 0.211400
0.755 0.210600
0.760 0.209500
0.765 0.208340
0.770 0.207000
0.775 0.205650
0.780 0.204200
0.785 0.202650
0.790 0.201200
0.795 0.199540
0.800 0.198100
0.805 0.196540
0.810 0.195050
0.815 0.193630
0.820 0.192300
0.825 0.191060
0.830 0.189890
0.835 0.188810
0.840 0.187800
0.845 0.186880
0.850 0.186060
0.855 0.185390
0.860 0.184900
0.865 0.184630
0.870 0.184560
0.875 0.184650
0.880 0.184900
0.885 0.185280
0.890 0.185750
0.895 0.186270
0.900 0.186800
0.905 0.187310
0.910 0.187820
0.915 0.188340
0.920 0.188900
0.925 0.189520
0.930 0.190200
0.935 0.190930
0.940 0.191700
0.945 0.192500
0.950 0.193320
0.955 0.194120
0.960 0.194900
0.965 0.195630
0.970 0.196290
0.975 0.196890
0.980 0.197400
0.985 0.197820
0.990 0.198140
0.995 0.198370
1.000 0.198500
1.005 0.198530
1.010 0.198470
1.015 0.198320
1.020 0.198100
1.025 0.197810
1.030 0.197470
1.035 0.197090
1.040 0.196700
1.045 0.196310
1.050 0.195900
1.055 0.195470
1.060 0.195000
1.065 0.194480
1.070 0.193930
1.075 0.193360
1.080 0.192800
1.085 0.192260
1.090 0.191740
1.095 0.191220
1.100 0.190700
1.105 0.190170
1.110 0.189640
1.115 0.189110
1.120 0.188600
1.125 0.188120
1.130 0.187650
1.135 0.187180
1.140 0.186700
1.145 0.186210
1.150 0.185710
1.155 0.185230
1.160 0.184800
1.165 0.184430
1.170 0.184080
1.175 0.183720
1.180 0.183300
1.185 0.182800
1.190 0.182260
1.195 0.181710
1.200 0.181200
1.205 0.180770
1.210 0.180400
1.215 0.180050
1.220 0.179700
1.225 0.179320
1.230 0.178910
1.235 0.178500
1.240 0.178100
1.245 0.177730
1.250 0.177380
1.255 0.177040
1.260 0.176700
1.265 0.176360
1.270 0.176020
1.275 0.175670
1.280 0.175300
1.285 0.174920
1.290 0.174530
1.295 0.174150
1.300 0.173800
1.305 0.173480
1.310 0.173190
1.315 0.172900
1.320 0.172600
1.325 0.172280
1.330 0.171940
1.335 0.171580
1.340 0.171200
1.345 0.170800
1.350 0.170390
1.355 0.170020
1.360 0.169700
1.365 0.169450
1.370 0.169210
1.375 0.168890
1.380 0.168400
1.385 0.167680
1.390 0.166810
1.395 0.165890
1.400 0.165000
1.405 0.164240
1.410 0.163660
1.415 0.163290
1.420 0.163200
1.425 0.163400
1.430 0.163800
1.435 0.164240
1.440 0.164600
1.445 0.164770
1.450 0.164770
1.455 0.164660
1.460 0.164500
1.465 0.164320
1.470 0.164130
1.475 0.163920
1.480 0.163700
1.485 0.163450
1.490 0.163200
1.495 0.162940
1.500 0.162700
1.505 0.162480
1.510 0.162280
1.515 0.162090
1.520 0.161900
1.525 0.161710
1.530 0.161510
1.535 0.161310
1.540 0.161100
1.545 0.160890
1.550 0.160690
1.555 0.160490
1.560 0.160300
1.565 0.160120
1.570 0.159950
1.575 0.159780
1.580 0.159600
1.585 0.159420
1.590 0.159230
1.595 0.159060
1.600 0.158900
1.605 0.158770
1.610 0.158650
1.615 0.158530
1.620 0.158400
1.625 0.158250
1.630 0.158100
1.635 0.157940
1.640 0.157800
1.645 0.157680
1.650 0.157570
1.655 0.157450
1.660 0.157300
1.665 0.157110
1.670 0.156900
1.675 0.156690
1.680 0.156500
1.685 0.156350
1.690 0.156230
1.695 0.156120
1.700 0.156000
1.705 0.155860
1.710 0.155690
1.715 0.155510
1.720 0.155300
1.725 0.155080
1.730 0.154850
1.735 0.154620
1.740 0.154400
1.745 0.154200
1.750 0.154020
1.755 0.153850
1.760 0.153700
1.765 0.153560
1.770 0.153430
1.775 0.153310
1.780 0.153200
1.785 0.153100
1.790 0.152990
1.795 0.152860
1.800 0.152700
1.805 0.152500
1.810 0.152270
1.815 0.152030
1.820 0.151800
1.825 0.151600
1.830 0.151420
1.835 0.151260
1.840 0.151100
1.845 0.150940
1.850 0.150790
1.855 0.150640
1.860 0.150500
1.865 0.150370
1.870 0.150220
1.875 0.150010
1.880 0.149700
1.885 0.149270
1.890 0.148770
1.895 0.148250
1.900 0.147800
1.905 0.147460
1.910 0.147210
1.915 0.147030
1.920 0.146900
1.925 0.146800
1.930 0.146720
1.935 0.146660
1.940 0.146600
1.945 0.146550
1.950 0.146500
1.955 0.146450
1.960 0.146400
1.965 0.146340
1.970 0.146290
1.975 0.146240
1.980 0.146200
1.985 0.146190
1.990 0.146190
1.995 0.146190
2.000 0.146200
2.005 0.146200
2.010 0.146180
2.015 0.146150
2.020 0.146100
2.025 0.146020
2.030 0.145930
2.035 0.145820
2.040 0.145700
2.045 0.145580
2.050 0.145460
2.055 0.145330
2.060 0.145200
2.065 0.145050
2.070 0.144890
2.075 0.144710
2.080 0.144500
2.085 0.144260
2.090 0.144000
2.095 0.143740
2.100 0.143500
2.105 0.143300
2.110 0.143110
2.115 0.142920
2.120 0.142700
2.125 0.142430
2.130 0.142080
2.135 0.141650
2.140 0.141100
2.145 0.140420
2.150 0.139690
2.155 0.138990
2.160 0.138400
2.165 0.137980
2.170 0.137620
2.175 0.137180
2.180 0.136500
2.185 0.135480
2.190 0.134180
2.195 0.132720
2.200 0.131200
2.205 0.129710
2.210 0.128340
2.215 0.127140
2.220 0.126200
2.225 0.125600
2.230 0.125330
2.235 0.125390
2.240 0.125800
2.245 0.126540
2.250 0.127420
2.255 0.128250
2.260 0.128800
2.265 0.128900
2.270 0.128680
2.275 0.128280
2.280 0.127850
2.285 0.127510
2.290 0.127240
2.295 0.126970
2.300 0.126660
2.305 0.126250
2.310 0.125650
2.315 0.124790
2.320 0.123560
2.325 0.121930
2.330 0.120120
2.335 0.118450
2.340 0.117210
2.345 0.116660
2.350 0.116660
2.355 0.117060
2.360 0.117690
2.365 0.118410
2.370 0.119120
2.375 0.119730
2.380 0.120140
2.385 0.120280
2.390 0.120200
2.395 0.119970
2.400 0.119670
2.405 0.119340
2.410 0.118930
2.415 0.118390
2.420 0.117660
2.425 0.116700
2.430 0.115660
2.435 0.114710
2.440 0.114030
2.445 0.113760
2.450 0.113790
2.455 0.113970
2.460 0.114160
2.465 0.114240
2.470 0.114200
2.475 0.114060
2.480 0.113830
2.485 0.113530
2.490 0.113210
2.495 0.112960
2.500 0.112850
