0.350 0.016915
0.355 0.018606
0.360 0.020298
0.365 0.021989
0.370 0.023681
0.375 0.025372
0.380 0.027064
0.385 0.028755
0.390 0.030447
0.395 0.032139
0.400 0.033830
0.405 0.035016
0.410 0.031908
0.415 0.034984
0.420 0.032173
0.425 0.032860
0.430 0.032226
0.435 0.031896
0.440 0.030868
0.445 0.031141
0.450 0.031726
0.455 0.031350
0.460 0.031526
0.465 0.031506
0.470 0.031462
0.475 0.031739
0.480 0.031077
0.485 0.031053
0.490 0.031417
0.495 0.031658
0.500 0.032679
0.505 0.033732
0.510 0.036035
0.515 0.040911
0.520 0.049214
0.525 0.060171
0.530 0.069937
0.535 0.076562
0.540 0.080241
0.545 0.082085
0.550 0.083407
0.555 0.083437
0.560 0.080522
0.565 0.074572
0.570 0.066796
0.575 0.059329
0.580 0.053842
0.585 0.050268
0.590 0.047798
0.595 0.046440
0.600 0.045109
0.605 0.043809
0.610 0.042315
0.615 0.040551
0.620 0.038929
0.625 0.037878
0.630 0.037481
0.635 0.036934
0.640 0.035789
0.645 0.034389
0.650 0.033255
0.655 0.033277
0.660 0.033269
0.665 0.033395
0.670 0.034412
0.675 0.036044
0.680 0.038592
0.685 0.041304
0.690 0.044355
0.695 0.056192
0.700 0.086379
0.705 0.134190
0.710 0.192550
0.715 0.261500
0.720 0.340060
0.725 0.424650
0.730 0.507500
0.735 0.581140
0.740 0.641550
0.745 0.686320
0.750 0.717160
0.755 0.736860
0.760 0.748980
0.765 0.755910
0.770 0.759900
0.775 0.762330
0.780 0.764270
0.785 0.765800
0.790 0.767250
0.795 0.768670
0.800 0.770030
0.805 0.771440
0.810 0.772980
0.815 0.774430
0.820 0.775590
0.825 0.777260
0.830 0.778770
0.835 0.779880
0.840 0.781410
0.845 0.783100
0.850 0.784670
0.855 0.785920
0.860 0.787370
0.865 0.788480
0.870 0.789600
0.875 0.790660
0.880 0.791630
0.885 0.792420
0.890 0.793160
0.895 0.794100
0.900 0.794780
0.905 0.795630
0.910 0.796290
0.915 0.796870
0.920 0.797340
0.925 0.797290
0.930 0.797040
0.935 0.796090
0.940 0.795310
0.945 0.793870
0.950 0.790980
0.955 0.787090
0.960 0.784200
0.965 0.782390
0.970 0.782840
0.975 0.783380
0.980 0.784350
0.985 0.785780
0.990 0.788110
0.995 0.790710
1.000 0.792880
1.005 0.800890
1.010 0.803000
1.015 0.805010
1.020 0.807910
1.025 0.811880
1.030 0.815630
1.035 0.816970
1.040 0.818260
1.045 0.820870
1.050 0.822660
1.055 0.823660
1.060 0.825430
1.065 0.827300
1.070 0.827540
1.075 0.828280
1.080 0.829580
1.085 0.829510
1.090 0.829180
1.095 0.828230
1.100 0.828910
1.105 0.827890
1.110 0.827440
1.115 0.826730
1.120 0.825030
1.125 0.821350
1.130 0.818230
1.135 0.811580
1.140 0.802050
1.145 0.791150
1.150 0.782750
1.155 0.775810
1.160 0.771800
1.165 0.769760
1.170 0.769650
1.175 0.769510
1.180 0.768820
1.185 0.768550
1.190 0.768510
1.195 0.769900
1.200 0.770770
1.205 0.772540
1.210 0.773650
1.215 0.776260
1.220 0.778780
1.225 0.781930
1.230 0.783590
1.235 0.785540
1.240 0.787470
1.245 0.789140
1.250 0.790840
1.255 0.791930
1.260 0.793330
1.265 0.793830
1.270 0.793130
1.275 0.793070
1.280 0.791820
1.285 0.790590
1.290 0.788240
1.295 0.785310
1.300 0.781290
1.305 0.776230
1.310 0.769510
1.315 0.760840
1.320 0.752320
1.325 0.741390
1.330 0.730160
1.335 0.718760
1.340 0.706780
1.345 0.695300
1.350 0.684800
1.355 0.674370
1.360 0.662810
1.365 0.648380
1.370 0.627830
1.375 0.599630
1.380 0.559410
1.385 0.509370
1.390 0.452810
1.395 0.396230
1.400 0.346350
1.405 0.306880
1.410 0.278250
1.415 0.259160
1.420 0.246540
1.425 0.238890
1.430 0.235130
1.435 0.233430
1.440 0.233370
1.445 0.234560
1.450 0.236470
1.455 0.239290
1.460 0.243480
1.465 0.250260
1.470 0.259270
1.475 0.270050
1.480 0.281270
1.485 0.294320
1.490 0.307570
1.495 0.321110
1.500 0.334770
1.505 0.348300
1.510 0.362050
1.515 0.375790
1.520 0.388820
1.525 0.401720
1.530 0.414290
1.535 0.426840
1.540 0.438530
1.545 0.449490
1.550 0.460570
1.555 0.471120
1.560 0.481420
1.565 0.490300
1.570 0.499230
1.575 0.507840
1.580 0.516180
1.585 0.523620
1.590 0.531340
1.595 0.538720
1.600 0.545260
1.605 0.551730
1.610 0.557200
1.615 0.563270
1.620 0.568020
1.625 0.572970
1.630 0.577760
1.635 0.581600
1.640 0.585360
1.645 0.587990
1.650 0.589660
1.655 0.590480
1.660 0.590310
1.665 0.590300
1.670 0.589340
1.675 0.587570
1.680 0.586230
1.685 0.582740
1.690 0.580030
1.695 0.577500
1.700 0.573810
1.705 0.570490
1.710 0.566230
1.715 0.562660
1.720 0.557760
1.725 0.552710
1.730 0.548330
1.735 0.542990
1.740 0.537610
1.745 0.532030
1.750 0.525560
1.755 0.519160
1.760 0.512920
1.765 0.506990
1.770 0.501500
1.775 0.497410
1.780 0.494270
1.785 0.492150
1.790 0.490720
1.795 0.490730
1.800 0.490000
1.805 0.486360
1.810 0.486230
1.815 0.485900
1.820 0.485090
1.825 0.483160
1.830 0.480120
1.835 0.474980
1.840 0.466810
1.845 0.455340
1.850 0.438300
1.855 0.415150
1.860 0.384410
1.865 0.345580
1.870 0.298290
1.875 0.246170
1.880 0.194710
1.885 0.148490
1.890 0.111140
1.895 0.084737
1.900 0.068450
1.905 0.059044
1.910 0.054105
1.915 0.051595
1.920 0.050599
1.925 0.050442
1.930 0.051142
1.935 0.052377
1.940 0.054273
1.945 0.056514
1.950 0.059311
1.955 0.062657
1.960 0.066306
1.965 0.070370
1.970 0.074914
1.975 0.079951
1.980 0.085255
1.985 0.091055
1.990 0.096949
1.995 0.103050
2.000 0.109490
2.005 0.115950
2.010 0.122610
2.015 0.129090
2.020 0.135370
2.025 0.141640
2.030 0.147740
2.035 0.153340
2.040 0.159020
2.045 0.164410
2.050 0.169750
2.055 0.175290
2.060 0.180810
2.065 0.186550
2.070 0.192310
2.075 0.198020
2.080 0.203670
2.085 0.209220
2.090 0.214740
2.095 0.220010
2.100 0.225120
2.105 0.230420
2.110 0.235200
2.115 0.239900
2.120 0.244420
2.125 0.248620
2.130 0.252480
2.135 0.256110
2.140 0.259460
2.145 0.262880
2.150 0.265840
2.155 0.268990
2.160 0.271930
2.165 0.274870
2.170 0.277700
2.175 0.280530
2.180 0.283600
2.185 0.286530
2.190 0.289350
2.195 0.291930
2.200 0.294100
2.205 0.295420
2.210 0.296650
2.215 0.297150
2.220 0.297110
2.225 0.296120
2.230 0.294240
2.235 0.291280
2.240 0.287450
2.245 0.282300
2.250 0.276630
2.255 0.269900
2.260 0.263070
2.265 0.256960
2.270 0.250910
2.275 0.245300
2.280 0.239970
2.285 0.234950
2.290 0.229840
2.295 0.224330
2.300 0.218520
2.305 0.213610
2.310 0.209260
2.315 0.205880
2.320 0.202760
2.325 0.198900
2.330 0.194360
2.335 0.189500
2.340 0.184230
2.345 0.179400
2.350 0.174930
2.355 0.170990
2.360 0.167160
2.365 0.162650
2.370 0.158630
2.375 0.153790
2.380 0.149630
2.385 0.144670
2.390 0.140170
2.395 0.135060
2.400 0.130520
2.405 0.126140
2.410 0.121490
2.415 0.117180
2.420 0.112840
2.425 0.108030
2.430 0.104110
2.435 0.099598
2.440 0.095098
2.445 0.090618
2.450 0.086816
2.455 0.083181
2.460 0.079728
2.465 0.075779
2.470 0.073952
2.475 0.072550
2.480 0.068815
2.485 0.067306
2.490 0.065379
2.495 0.065210
2.500 0.063436
