0.350 0.017410
0.355 0.019152
0.360 0.020893
0.365 0.022634
0.370 0.024375
0.375 0.026116
0.380 0.027857
0.385 0.029598
0.390 0.031339
0.395 0.033080
0.400 0.034821
0.405 0.039882
0.410 0.038618
0.415 0.036601
0.420 0.039213
0.425 0.039171
0.430 0.040988
0.435 0.041452
0.440 0.041147
0.445 0.041772
0.450 0.042355
0.455 0.042977
0.460 0.042725
0.465 0.043003
0.470 0.043380
0.475 0.043186
0.480 0.042757
0.485 0.043293
0.490 0.043500
0.495 0.044492
0.500 0.045955
0.505 0.049696
0.510 0.056795
0.515 0.068392
0.520 0.085435
0.525 0.105700
0.530 0.124720
0.535 0.137910
0.540 0.145460
0.545 0.149480
0.550 0.152520
0.555 0.153240
0.560 0.148340
0.565 0.138330
0.570 0.124680
0.575 0.110960
0.580 0.100190
0.585 0.092816
0.590 0.087540
0.595 0.084135
0.600 0.082109
0.605 0.079570
0.610 0.075222
0.615 0.070174
0.620 0.066249
0.625 0.063892
0.630 0.062815
0.635 0.061608
0.640 0.058079
0.645 0.053521
0.650 0.050062
0.655 0.048125
0.660 0.046210
0.665 0.044530
0.670 0.044126
0.675 0.045157
0.680 0.047063
0.685 0.050566
0.690 0.059753
0.695 0.089396
0.700 0.146870
0.705 0.225560
0.710 0.315300
0.715 0.413180
0.720 0.513550
0.725 0.608150
0.730 0.689290
0.735 0.752320
0.740 0.798440
0.745 0.830100
0.750 0.850450
0.755 0.862510
0.760 0.869700
0.765 0.873790
0.770 0.876080
0.775 0.877510
0.780 0.878600
0.785 0.879840
0.790 0.880940
0.795 0.882000
0.800 0.883380
0.805 0.884490
0.810 0.885340
0.815 0.886740
0.820 0.887410
0.825 0.888530
0.830 0.889200
0.835 0.889780
0.840 0.890700
0.845 0.891970
0.850 0.892740
0.855 0.893590
0.860 0.894510
0.865 0.895330
0.870 0.896060
0.875 0.896670
0.880 0.896850
0.885 0.897330
0.890 0.897450
0.895 0.897380
0.900 0.897650
0.905 0.897950
0.910 0.897740
0.915 0.897560
0.920 0.897050
0.925 0.895710
0.930 0.893480
0.935 0.890250
0.940 0.886940
0.945 0.882320
0.950 0.875420
0.955 0.866210
0.960 0.859010
0.965 0.854420
0.970 0.853690
0.975 0.853640
0.980 0.854750
0.985 0.856880
0.990 0.859650
0.995 0.863120
1.000 0.866590
1.005 0.863890
1.010 0.870070
1.015 0.873020
1.020 0.878450
1.025 0.881110
1.030 0.886530
1.035 0.888470
1.040 0.892160
1.045 0.894340
1.050 0.898220
1.055 0.898830
1.060 0.901090
1.065 0.901290
1.070 0.901950
1.075 0.901900
1.080 0.902300
1.085 0.903510
1.090 0.902740
1.095 0.901010
1.100 0.900340
1.105 0.897750
1.110 0.895420
1.115 0.893260
1.120 0.889250
1.125 0.883280
1.130 0.876540
1.135 0.862620
1.140 0.845590
1.145 0.825550
1.150 0.809900
1.155 0.797060
1.160 0.788640
1.165 0.785990
1.170 0.784250
1.175 0.784530
1.180 0.783840
1.185 0.783920
1.190 0.783590
1.195 0.783340
1.200 0.783790
1.205 0.786720
1.210 0.789280
1.215 0.791530
1.220 0.794430
1.225 0.797460
1.230 0.800420
1.235 0.802790
1.240 0.804960
1.245 0.807390
1.250 0.809060
1.255 0.810490
1.260 0.811470
1.265 0.811210
1.270 0.811240
1.275 0.810140
1.280 0.807710
1.285 0.803890
1.290 0.799340
1.295 0.794070
1.300 0.786590
1.305 0.777780
1.310 0.767280
1.315 0.754290
1.320 0.739250
1.325 0.722050
1.330 0.704010
1.335 0.686390
1.340 0.667610
1.345 0.650590
1.350 0.634400
1.355 0.619490
1.360 0.602330
1.365 0.582000
1.370 0.555540
1.375 0.519670
1.380 0.471620
1.385 0.413140
1.390 0.351350
1.395 0.292990
1.400 0.243870
1.405 0.206950
1.410 0.180990
1.415 0.164580
1.420 0.154220
1.425 0.148280
1.430 0.144600
1.435 0.143180
1.440 0.142940
1.445 0.143130
1.450 0.144270
1.455 0.146080
1.460 0.149050
1.465 0.153740
1.470 0.160670
1.475 0.168800
1.480 0.178130
1.485 0.188330
1.490 0.199300
1.495 0.210880
1.500 0.222930
1.505 0.234880
1.510 0.246650
1.515 0.259250
1.520 0.271310
1.525 0.283480
1.530 0.295590
1.535 0.307240
1.540 0.318480
1.545 0.329480
1.550 0.340210
1.555 0.350710
1.560 0.360700
1.565 0.369990
1.570 0.379190
1.575 0.387780
1.580 0.396140
1.585 0.403910
1.590 0.411670
1.595 0.418860
1.600 0.425490
1.605 0.431780
1.610 0.437760
1.615 0.443620
1.620 0.448900
1.625 0.453240
1.630 0.456910
1.635 0.460360
1.640 0.462930
1.645 0.464140
1.650 0.465000
1.655 0.465320
1.660 0.466790
1.665 0.468910
1.670 0.471310
1.675 0.472140
1.680 0.471630
1.685 0.469950
1.690 0.466670
1.695 0.463640
1.700 0.459630
1.705 0.455090
1.710 0.450730
1.715 0.446140
1.720 0.441380
1.725 0.436040
1.730 0.431280
1.735 0.426450
1.740 0.420370
1.745 0.413150
1.750 0.405610
1.755 0.397880
1.760 0.390480
1.765 0.383190
1.770 0.377290
1.775 0.372010
1.780 0.368110
1.785 0.364970
1.790 0.363160
1.795 0.361610
1.800 0.361340
1.805 0.363860
1.810 0.363860
1.815 0.363550
1.820 0.362550
1.825 0.360470
1.830 0.357280
1.835 0.351640
1.840 0.343410
1.845 0.331620
1.850 0.315280
1.855 0.293410
1.860 0.265620
1.865 0.231970
1.870 0.192870
1.875 0.152580
1.880 0.116350
1.885 0.086664
1.890 0.064866
1.895 0.051033
1.900 0.043377
1.905 0.039364
1.910 0.037444
1.915 0.036482
1.920 0.036181
1.925 0.036146
1.930 0.036512
1.935 0.036870
1.940 0.037481
1.945 0.038311
1.950 0.039313
1.955 0.040613
1.960 0.041952
1.965 0.043620
1.970 0.045425
1.975 0.047579
1.980 0.049912
1.985 0.052462
1.990 0.055275
1.995 0.058169
2.000 0.061426
2.005 0.064797
2.010 0.068222
2.015 0.071827
2.020 0.075401
2.025 0.079100
2.030 0.082642
2.035 0.086108
2.040 0.089617
2.045 0.093198
2.050 0.096562
2.055 0.100040
2.060 0.103590
2.065 0.107280
2.070 0.110880
2.075 0.114510
2.080 0.118120
2.085 0.121760
2.090 0.125090
2.095 0.128520
2.100 0.131760
2.105 0.134770
2.110 0.137650
2.115 0.140380
2.120 0.142880
2.125 0.145110
2.130 0.147560
2.135 0.149910
2.140 0.152310
2.145 0.154780
2.150 0.157230
2.155 0.159430
2.160 0.161520
2.165 0.163500
2.170 0.165530
2.175 0.167430
2.180 0.169180
2.185 0.171250
2.190 0.173200
2.195 0.174950
2.200 0.176590
2.205 0.177890
2.210 0.179180
2.215 0.179880
2.220 0.180340
2.225 0.180260
2.230 0.179420
2.235 0.177520
2.240 0.175380
2.245 0.172640
2.250 0.169580
2.255 0.166190
2.260 0.163050
2.265 0.159430
2.270 0.155970
2.275 0.152480
2.280 0.148950
2.285 0.145400
2.290 0.141670
2.295 0.137660
2.300 0.134040
2.305 0.130730
2.310 0.127590
2.315 0.124760
2.320 0.121840
2.325 0.118360
2.330 0.115250
2.335 0.112430
2.340 0.109200
2.345 0.106110
2.350 0.103160
2.355 0.100810
2.360 0.097360
2.365 0.094787
2.370 0.091927
2.375 0.088792
2.380 0.086108
2.385 0.083047
2.390 0.080069
2.395 0.077582
2.400 0.074838
2.405 0.071593
2.410 0.069696
2.415 0.066339
2.420 0.064463
2.425 0.062048
2.430 0.059340
2.435 0.057258
2.440 0.056118
2.445 0.053812
2.450 0.051537
2.455 0.049577
2.460 0.047750
2.465 0.047150
2.470 0.045638
2.475 0.044868
2.480 0.045876
2.485 0.044744
2.490 0.045053
2.495 0.043834
2.500 0.044868
