0.350 0.033644
0.355 0.037008
0.360 0.040373
0.365 0.043737
0.370 0.047102
0.375 0.050466
0.380 0.053830
0.385 0.057195
0.390 0.060559
0.395 0.063924
0.400 0.067288
0.405 0.068281
0.410 0.069459
0.415 0.069041
0.420 0.069510
0.425 0.070411
0.430 0.071151
0.435 0.072302
0.440 0.072732
0.445 0.073914
0.450 0.075189
0.455 0.076772
0.460 0.078169
0.465 0.080316
0.470 0.081832
0.475 0.083561
0.480 0.083699
0.485 0.084174
0.490 0.085817
0.495 0.087355
0.500 0.089997
0.505 0.094051
0.510 0.098766
0.515 0.104410
0.520 0.111570
0.525 0.119310
0.530 0.127540
0.535 0.135000
0.540 0.139440
0.545 0.143700
0.550 0.146820
0.555 0.148900
0.560 0.149850
0.565 0.149860
0.570 0.148270
0.575 0.145010
0.580 0.142270
0.585 0.140550
0.590 0.138300
0.595 0.137060
0.600 0.135720
0.605 0.133760
0.610 0.130610
0.615 0.126010
0.620 0.122470
0.625 0.120840
0.630 0.120750
0.635 0.120310
0.640 0.117970
0.645 0.113650
0.650 0.109110
0.655 0.105660
0.660 0.100530
0.665 0.093881
0.670 0.088201
0.675 0.085626
0.680 0.084539
0.685 0.087898
0.690 0.102290
0.695 0.130760
0.700 0.172060
0.705 0.218850
0.710 0.266800
0.715 0.317170
0.720 0.366290
0.725 0.413810
0.730 0.457820
0.735 0.495380
0.740 0.521730
0.745 0.544100
0.750 0.560300
0.755 0.570870
0.760 0.579420
0.765 0.585970
0.770 0.590340
0.775 0.592460
0.780 0.596070
0.785 0.599930
0.790 0.601040
0.795 0.603480
0.800 0.605370
0.805 0.606690
0.810 0.608120
0.815 0.611070
0.820 0.611330
0.825 0.611440
0.830 0.613070
0.835 0.613920
0.840 0.614070
0.845 0.613730
0.850 0.613370
0.855 0.613840
0.860 0.614660
0.865 0.615210
0.870 0.615520
0.875 0.615550
0.880 0.615400
0.885 0.615150
0.890 0.614600
0.895 0.613060
0.900 0.610160
0.905 0.607170
0.910 0.604880
0.915 0.602980
0.920 0.601490
0.925 0.601100
0.930 0.601670
0.935 0.599650
0.940 0.594070
0.945 0.587690
0.950 0.579920
0.955 0.570240
0.960 0.562250
0.965 0.557340
0.970 0.554120
0.975 0.549800
0.980 0.548570
0.985 0.549320
0.990 0.550090
0.995 0.552080
1.000 0.555960
1.005 0.557990
1.010 0.561820
1.015 0.563810
1.020 0.567620
1.025 0.574370
1.030 0.577650
1.035 0.581780
1.040 0.586620
1.045 0.590420
1.050 0.593200
1.055 0.595430
1.060 0.599090
1.065 0.601050
1.070 0.601750
1.075 0.603280
1.080 0.602970
1.085 0.603420
1.090 0.600960
1.095 0.600710
1.100 0.598460
1.105 0.595840
1.110 0.591230
1.115 0.588190
1.120 0.582710
1.125 0.576940
1.130 0.567510
1.135 0.550720
1.140 0.527650
1.145 0.505110
1.150 0.484800
1.155 0.470460
1.160 0.461130
1.165 0.452960
1.170 0.445670
1.175 0.440220
1.180 0.435670
1.185 0.428130
1.190 0.423200
1.195 0.420130
1.200 0.418870
1.205 0.420040
1.210 0.422600
1.215 0.427000
1.220 0.434340
1.225 0.440040
1.230 0.446490
1.235 0.453210
1.240 0.459710
1.245 0.464120
1.250 0.467490
1.255 0.470210
1.260 0.472560
1.265 0.475050
1.270 0.475590
1.275 0.475070
1.280 0.474600
1.285 0.474290
1.290 0.470950
1.295 0.468770
1.300 0.465330
1.305 0.459470
1.310 0.451850
1.315 0.443530
1.320 0.433460
1.325 0.421470
1.330 0.408600
1.335 0.396430
1.340 0.383630
1.345 0.373300
1.350 0.361500
1.355 0.351450
1.360 0.343890
1.365 0.334950
1.370 0.323290
1.375 0.310680
1.380 0.291700
1.385 0.267780
1.390 0.244730
1.395 0.219610
1.400 0.197620
1.405 0.176620
1.410 0.159650
1.415 0.149010
1.420 0.139730
1.425 0.133630
1.430 0.130280
1.435 0.126630
1.440 0.123960
1.445 0.122090
1.450 0.122310
1.455 0.121930
1.460 0.122160
1.465 0.122960
1.470 0.124580
1.475 0.126860
1.480 0.129590
1.485 0.132300
1.490 0.136100
1.495 0.140440
1.500 0.143300
1.505 0.147380
1.510 0.152890
1.515 0.155930
1.520 0.162100
1.525 0.167080
1.530 0.168990
1.535 0.173410
1.540 0.176420
1.545 0.179450
1.550 0.183270
1.555 0.187430
1.560 0.190780
1.565 0.193890
1.570 0.198110
1.575 0.201180
1.580 0.204320
1.585 0.207810
1.590 0.210460
1.595 0.213240
1.600 0.216190
1.605 0.218900
1.610 0.221420
1.615 0.224020
1.620 0.226170
1.625 0.226930
1.630 0.227260
1.635 0.228280
1.640 0.230130
1.645 0.231330
1.650 0.232720
1.655 0.233690
1.660 0.232820
1.665 0.233150
1.670 0.231850
1.675 0.226670
1.680 0.222710
1.685 0.219800
1.690 0.216160
1.695 0.210910
1.700 0.206100
1.705 0.204780
1.710 0.202210
1.715 0.196810
1.720 0.192860
1.725 0.191030
1.730 0.190800
1.735 0.191250
1.740 0.191750
1.745 0.191870
1.750 0.191820
1.755 0.191200
1.760 0.188780
1.765 0.187160
1.770 0.188370
1.775 0.188890
1.780 0.189230
1.785 0.191940
1.790 0.192850
1.795 0.190960
1.800 0.190930
1.805 0.192330
1.810 0.193340
1.815 0.193960
1.820 0.194330
1.825 0.194550
1.830 0.194590
1.835 0.194370
1.840 0.193610
1.845 0.191750
1.850 0.187950
1.855 0.182590
1.860 0.175510
1.865 0.166230
1.870 0.153590
1.875 0.138490
1.880 0.121390
1.885 0.104130
1.890 0.088493
1.895 0.075040
1.900 0.064741
1.905 0.057061
1.910 0.052060
1.915 0.048547
1.920 0.045890
1.925 0.044271
1.930 0.044211
1.935 0.044869
1.940 0.045560
1.945 0.046166
1.950 0.046728
1.955 0.047754
1.960 0.049771
1.965 0.051907
1.970 0.053339
1.975 0.054644
1.980 0.056456
1.985 0.058602
1.990 0.060884
1.995 0.063050
2.000 0.064887
2.005 0.066700
2.010 0.068841
2.015 0.071451
2.020 0.074556
2.025 0.076726
2.030 0.076539
2.035 0.076178
2.040 0.077744
2.045 0.079710
2.050 0.080481
2.055 0.080840
2.060 0.081686
2.065 0.083089
2.070 0.085000
2.075 0.086340
2.080 0.086108
2.085 0.086038
2.090 0.087847
2.095 0.090071
2.100 0.091217
2.105 0.091873
2.110 0.092697
2.115 0.093732
2.120 0.094969
2.125 0.096284
2.130 0.097528
2.135 0.098374
2.140 0.098541
2.145 0.099052
2.150 0.100890
2.155 0.102760
2.160 0.103350
2.165 0.103530
2.170 0.104220
2.175 0.105370
2.180 0.106840
2.185 0.108130
2.190 0.108790
2.195 0.109490
2.200 0.110840
2.205 0.112040
2.210 0.112220
2.215 0.112020
2.220 0.111950
2.225 0.111160
2.230 0.108710
2.235 0.105950
2.240 0.104150
2.245 0.102160
2.250 0.098825
2.255 0.095398
2.260 0.093121
2.265 0.090842
2.270 0.087458
2.275 0.084526
2.280 0.083577
2.285 0.082336
2.290 0.078557
2.295 0.074626
2.300 0.073001
2.305 0.072231
2.310 0.070997
2.315 0.070666
2.320 0.072658
2.325 0.073968
2.330 0.071621
2.335 0.068773
2.340 0.068437
2.345 0.067893
2.350 0.064337
2.355 0.060740
2.360 0.060215
2.365 0.060952
2.370 0.061129
2.375 0.060956
2.380 0.060780
2.385 0.060421
2.390 0.059527
2.395 0.058290
2.400 0.057028
2.405 0.055932
2.410 0.054931
2.415 0.053951
2.420 0.052937
2.425 0.051873
2.430 0.050785
2.435 0.049678
2.440 0.048540
2.445 0.047350
2.450 0.046134
2.455 0.044917
2.460 0.043719
2.465 0.042582
2.470 0.041579
2.475 0.040671
2.480 0.039807
2.485 0.038980
2.490 0.038223
2.495 0.037637
2.500 0.037416
