0.350 0.005302
0.355 0.005832
0.360 0.006362
0.365 0.006893
0.370 0.007423
0.375 0.007953
0.380 0.008483
0.385 0.009013
0.390 0.009544
0.395 0.010074
0.400 0.010604
0.405 0.014966
0.410 0.019610
0.415 0.023896
0.420 0.026309
0.425 0.034590
0.430 0.040709
0.435 0.045449
0.440 0.052178
0.445 0.054846
0.450 0.061678
0.455 0.058788
0.460 0.063881
0.465 0.066923
0.470 0.066696
0.475 0.069357
0.480 0.077781
0.485 0.080906
0.490 0.084740
0.495 0.090945
0.500 0.091416
0.505 0.095685
0.510 0.103280
0.515 0.107250
0.520 0.113560
0.525 0.115860
0.530 0.120960
0.535 0.127520
0.540 0.130740
0.545 0.135780
0.550 0.139390
0.555 0.145400
0.560 0.149630
0.565 0.158740
0.570 0.157270
0.575 0.162080
0.580 0.169030
0.585 0.173280
0.590 0.171230
0.595 0.176270
0.600 0.177210
0.605 0.179630
0.610 0.181770
0.615 0.185620
0.620 0.189750
0.625 0.191840
0.630 0.191900
0.635 0.200380
0.640 0.196470
0.645 0.201310
0.650 0.206720
0.655 0.204250
0.660 0.210600
0.665 0.210040
0.670 0.215350
0.675 0.215830
0.680 0.220160
0.685 0.224230
0.690 0.223410
0.695 0.223710
0.700 0.229140
0.705 0.229300
0.710 0.232850
0.715 0.234580
0.720 0.237650
0.725 0.240640
0.730 0.242790
0.735 0.244240
0.740 0.248030
0.745 0.248940
0.750 0.248770
0.755 0.253750
0.760 0.253690
0.765 0.254720
0.770 0.260360
0.775 0.261910
0.780 0.261220
0.785 0.262220
0.790 0.262790
0.795 0.262960
0.800 0.265400
0.805 0.261250
0.810 0.269210
0.815 0.269760
0.820 0.272090
0.825 0.273880
0.830 0.273700
0.835 0.273510
0.840 0.273730
0.845 0.276160
0.850 0.276330
0.855 0.275410
0.860 0.277560
0.865 0.279480
0.870 0.279690
0.875 0.280480
0.880 0.283500
0.885 0.284300
0.890 0.284970
0.895 0.286570
0.900 0.287810
0.905 0.290640
0.910 0.291280
0.915 0.291350
0.920 0.293940
0.925 0.293060
0.930 0.296180
0.935 0.297800
0.940 0.298110
0.945 0.300600
0.950 0.300530
0.955 0.303050
0.960 0.301330
0.965 0.304080
0.970 0.306220
0.975 0.306110
0.980 0.306910
0.985 0.306150
0.990 0.311770
0.995 0.313770
1.000 0.313790
1.005 0.317010
1.010 0.316610
1.015 0.321140
1.020 0.320120
1.025 0.323270
1.030 0.321640
1.035 0.320460
1.040 0.323180
1.045 0.330080
1.050 0.331740
1.055 0.331080
1.060 0.325540
1.065 0.330880
1.070 0.334910
1.075 0.332360
1.080 0.332610
1.085 0.338140
1.090 0.335890
1.095 0.337300
1.100 0.343490
1.105 0.342740
1.110 0.341820
1.115 0.344950
1.120 0.344770
1.125 0.343670
1.130 0.343530
1.135 0.345170
1.140 0.347950
1.145 0.347930
1.150 0.347590
1.155 0.347140
1.160 0.348600
1.165 0.348230
1.170 0.349540
1.175 0.355550
1.180 0.358770
1.185 0.359030
1.190 0.359750
1.195 0.360590
1.200 0.359860
1.205 0.359280
1.210 0.362610
1.215 0.369770
1.220 0.370950
1.225 0.367410
1.230 0.363270
1.235 0.362870
1.240 0.363230
1.245 0.366390
1.250 0.369540
1.255 0.373130
1.260 0.375130
1.265 0.375330
1.270 0.374660
1.275 0.377380
1.280 0.378640
1.285 0.378660
1.290 0.377450
1.295 0.379070
1.300 0.379490
1.305 0.379450
1.310 0.381920
1.315 0.382220
1.320 0.382920
1.325 0.382920
1.330 0.380800
1.335 0.382620
1.340 0.380420
1.345 0.383330
1.350 0.382340
1.355 0.384320
1.360 0.383320
1.365 0.384820
1.370 0.383930
1.375 0.382090
1.380 0.384190
1.385 0.383580
1.390 0.381470
1.395 0.380390
1.400 0.380050
1.405 0.379940
1.410 0.373590
1.415 0.377530
1.420 0.379470
1.425 0.382130
1.430 0.381310
1.435 0.382320
1.440 0.383930
1.445 0.384480
1.450 0.385360
1.455 0.388140
1.460 0.387030
1.465 0.387330
1.470 0.387780
1.475 0.388350
1.480 0.391680
1.485 0.393480
1.490 0.394550
1.495 0.395100
1.500 0.395060
1.505 0.395850
1.510 0.395500
1.515 0.395560
1.520 0.392070
1.525 0.394000
1.530 0.399780
1.535 0.401060
1.540 0.397460
1.545 0.398270
1.550 0.399610
1.555 0.401610
1.560 0.402810
1.565 0.401720
1.570 0.400860
1.575 0.402370
1.580 0.402370
1.585 0.400530
1.590 0.401780
1.595 0.402540
1.600 0.401050
1.605 0.401370
1.610 0.402010
1.615 0.401130
1.620 0.405790
1.625 0.403880
1.630 0.405360
1.635 0.407970
1.640 0.407690
1.645 0.406620
1.650 0.404890
1.655 0.407020
1.660 0.407650
1.665 0.404570
1.670 0.406140
1.675 0.408590
1.680 0.408170
1.685 0.407470
1.690 0.409570
1.695 0.407840
1.700 0.409890
1.705 0.409550
1.710 0.408760
1.715 0.409460
1.720 0.410810
1.725 0.410790
1.730 0.410110
1.735 0.410670
1.740 0.410250
1.745 0.409600
1.750 0.412460
1.755 0.413450
1.760 0.411220
1.765 0.411150
1.770 0.409970
1.775 0.410870
1.780 0.412950
1.785 0.411800
1.790 0.411630
1.795 0.412400
1.800 0.413340
1.805 0.411510
1.810 0.413460
1.815 0.414350
1.820 0.413290
1.825 0.414540
1.830 0.414690
1.835 0.414350
1.840 0.414960
1.845 0.414320
1.850 0.413550
1.855 0.413130
1.860 0.415110
1.865 0.415840
1.870 0.410020
1.875 0.407710
1.880 0.405760
1.885 0.400670
1.890 0.399520
1.895 0.390220
1.900 0.383080
1.905 0.377600
1.910 0.378460
1.915 0.375470
1.920 0.376320
1.925 0.377940
1.930 0.379660
1.935 0.379730
1.940 0.385390
1.945 0.385070
1.950 0.385990
1.955 0.386680
1.960 0.386800
1.965 0.386780
1.970 0.389180
1.975 0.392480
1.980 0.394000
1.985 0.394980
1.990 0.397440
1.995 0.399320
2.000 0.400590
2.005 0.403210
2.010 0.404170
2.015 0.403700
2.020 0.403930
2.025 0.404030
2.030 0.404860
2.035 0.405600
2.040 0.405510
2.045 0.406220
2.050 0.409490
2.055 0.407370
2.060 0.408700
2.065 0.411070
2.070 0.408000
2.075 0.410340
2.080 0.410860
2.085 0.411750
2.090 0.411490
2.095 0.410690
2.100 0.411490
2.105 0.412730
2.110 0.411080
2.115 0.413520
2.120 0.412230
2.125 0.411170
2.130 0.410000
2.135 0.411570
2.140 0.411280
2.145 0.410440
2.150 0.410030
2.155 0.409460
2.160 0.409370
2.165 0.406940
2.170 0.403860
2.175 0.407120
2.180 0.404950
2.185 0.404010
2.190 0.402870
2.195 0.401940
2.200 0.400210
2.205 0.401460
2.210 0.400040
2.215 0.404120
2.220 0.406230
2.225 0.406550
2.230 0.406930
2.235 0.407810
2.240 0.406340
2.245 0.405900
2.250 0.406420
2.255 0.405750
2.260 0.403850
2.265 0.404390
2.270 0.403900
2.275 0.404570
2.280 0.403070
2.285 0.402540
2.290 0.403040
2.295 0.403210
2.300 0.401820
2.305 0.400280
2.310 0.399840
2.315 0.399940
2.320 0.398440
2.325 0.399510
2.330 0.398740
2.335 0.399070
2.340 0.395720
2.345 0.396720
2.350 0.395500
2.355 0.394980
2.360 0.394020
2.365 0.394930
2.370 0.394810
2.375 0.393340
2.380 0.394380
2.385 0.392290
2.390 0.392170
2.395 0.390940
2.400 0.391840
2.405 0.389220
2.410 0.390970
2.415 0.388230
2.420 0.388880
2.425 0.387600
2.430 0.385130
2.435 0.384360
2.440 0.381760
2.445 0.381730
2.450 0.381740
2.455 0.379220
2.460 0.379480
2.465 0.378560
2.470 0.377130
2.475 0.375830
2.480 0.374500
2.485 0.375520
2.490 0.373120
2.495 0.372190
2.500 0.372560
