0.350 0.155660
0.355 0.171230
0.360 0.186800
0.365 0.202360
0.370 0.217930
0.375 0.233500
0.380 0.249060
0.385 0.264630
0.390 0.280190
0.395 0.295760
0.400 0.311330
0.405 0.308710
0.410 0.309510
0.415 0.308630
0.420 0.309410
0.425 0.313230
0.430 0.315760
0.435 0.321310
0.440 0.325740
0.445 0.332200
0.450 0.337780
0.455 0.341590
0.460 0.347950
0.465 0.353710
0.470 0.360060
0.475 0.367120
0.480 0.377420
0.485 0.384230
0.490 0.393680
0.495 0.403830
0.500 0.413090
0.505 0.418610
0.510 0.428880
0.515 0.431330
0.520 0.436050
0.525 0.431570
0.530 0.429910
0.535 0.426400
0.540 0.418690
0.545 0.414330
0.550 0.405660
0.555 0.397360
0.560 0.395010
0.565 0.387870
0.570 0.381080
0.575 0.372660
0.580 0.367550
0.585 0.363380
0.590 0.358150
0.595 0.355390
0.600 0.354530
0.605 0.351040
0.610 0.351900
0.615 0.350610
0.620 0.349730
0.625 0.351080
0.630 0.355610
0.635 0.358990
0.640 0.365080
0.645 0.368850
0.650 0.373830
0.655 0.382020
0.660 0.388860
0.665 0.400730
0.670 0.408620
0.675 0.416910
0.680 0.416840
0.685 0.420670
0.690 0.432980
0.695 0.448080
0.700 0.465210
0.705 0.480000
0.710 0.494560
0.715 0.511390
0.720 0.526830
0.725 0.538800
0.730 0.552180
0.735 0.570390
0.740 0.582470
0.745 0.598010
0.750 0.611910
0.755 0.622730
0.760 0.634330
0.765 0.646260
0.770 0.657720
0.775 0.672690
0.780 0.680580
0.785 0.686300
0.790 0.698060
0.795 0.699950
0.800 0.708860
0.805 0.706880
0.810 0.702740
0.815 0.706510
0.820 0.715130
0.825 0.722310
0.830 0.719090
0.835 0.717990
0.840 0.722850
0.845 0.726730
0.850 0.725670
0.855 0.724720
0.860 0.727840
0.865 0.725090
0.870 0.727360
0.875 0.729330
0.880 0.730140
0.885 0.731220
0.890 0.730390
0.895 0.731380
0.900 0.729470
0.905 0.730080
0.910 0.731350
0.915 0.733670
0.920 0.735050
0.925 0.734670
0.930 0.735430
0.935 0.733660
0.940 0.734180
0.945 0.737210
0.950 0.732820
0.955 0.731010
0.960 0.733950
0.965 0.739950
0.970 0.737520
0.975 0.736810
0.980 0.741150
0.985 0.738080
0.990 0.744630
0.995 0.746120
1.000 0.745160
1.005 0.748550
1.010 0.748310
1.015 0.748780
1.020 0.748040
1.025 0.754470
1.030 0.753680
1.035 0.756360
1.040 0.758380
1.045 0.756800
1.050 0.759510
1.055 0.761240
1.060 0.761890
1.065 0.759960
1.070 0.758040
1.075 0.763160
1.080 0.768010
1.085 0.768450
1.090 0.770400
1.095 0.771060
1.100 0.769650
1.105 0.770410
1.110 0.775140
1.115 0.775450
1.120 0.779400
1.125 0.779510
1.130 0.779680
1.135 0.778730
1.140 0.777850
1.145 0.781940
1.150 0.786270
1.155 0.788110
1.160 0.787560
1.165 0.790640
1.170 0.791460
1.175 0.792990
1.180 0.792980
1.185 0.794470
1.190 0.795680
1.195 0.797270
1.200 0.798670
1.205 0.799830
1.210 0.800360
1.215 0.798000
1.220 0.800870
1.225 0.801730
1.230 0.804670
1.235 0.806100
1.240 0.803740
1.245 0.802230
1.250 0.801510
1.255 0.804760
1.260 0.805920
1.265 0.805500
1.270 0.804920
1.275 0.805400
1.280 0.806810
1.285 0.804680
1.290 0.803090
1.295 0.801830
1.300 0.802200
1.305 0.802630
1.310 0.801200
1.315 0.802550
1.320 0.804260
1.325 0.803380
1.330 0.804640
1.335 0.806570
1.340 0.804680
1.345 0.804860
1.350 0.798240
1.355 0.793390
1.360 0.790080
1.365 0.781190
1.370 0.764520
1.375 0.741310
1.380 0.719590
1.385 0.696600
1.390 0.679630
1.395 0.655360
1.400 0.630970
1.405 0.618090
1.410 0.625260
1.415 0.643280
1.420 0.652500
1.425 0.663930
1.430 0.681290
1.435 0.699940
1.440 0.714340
1.445 0.728810
1.450 0.745340
1.455 0.764700
1.460 0.782590
1.465 0.795130
1.470 0.802540
1.475 0.804370
1.480 0.805260
1.485 0.808660
1.490 0.810200
1.495 0.809900
1.500 0.811080
1.505 0.811430
1.510 0.813390
1.515 0.812850
1.520 0.812360
1.525 0.819200
1.530 0.821060
1.535 0.820550
1.540 0.819900
1.545 0.824920
1.550 0.824000
1.555 0.824620
1.560 0.826280
1.565 0.825530
1.570 0.822820
1.575 0.822560
1.580 0.824650
1.585 0.828040
1.590 0.829760
1.595 0.831050
1.600 0.831720
1.605 0.829480
1.610 0.828830
1.615 0.830510
1.620 0.827930
1.625 0.830750
1.630 0.832780
1.635 0.835270
1.640 0.834280
1.645 0.834700
1.650 0.833690
1.655 0.832700
1.660 0.831620
1.665 0.837810
1.670 0.836390
1.675 0.834520
1.680 0.835760
1.685 0.836910
1.690 0.833540
1.695 0.830130
1.700 0.832470
1.705 0.834610
1.710 0.832750
1.715 0.836960
1.720 0.839140
1.725 0.837980
1.730 0.837750
1.735 0.837340
1.740 0.835970
1.745 0.833800
1.750 0.831540
1.755 0.829790
1.760 0.829120
1.765 0.826710
1.770 0.827080
1.775 0.824790
1.780 0.823570
1.785 0.825020
1.790 0.826290
1.795 0.826290
1.800 0.824890
1.805 0.827000
1.810 0.824520
1.815 0.822170
1.820 0.821140
1.825 0.822340
1.830 0.824070
1.835 0.823240
1.840 0.821070
1.845 0.817400
1.850 0.816190
1.855 0.810740
1.860 0.803130
1.865 0.799730
1.870 0.797630
1.875 0.788560
1.880 0.780520
1.885 0.767350
1.890 0.751270
1.895 0.737690
1.900 0.724340
1.905 0.717100
1.910 0.715910
1.915 0.716640
1.920 0.717950
1.925 0.724310
1.930 0.726440
1.935 0.728000
1.940 0.731230
1.945 0.733100
1.950 0.733600
1.955 0.733770
1.960 0.733750
1.965 0.737800
1.970 0.740260
1.975 0.739890
1.980 0.739760
1.985 0.742240
1.990 0.744570
1.995 0.745770
2.000 0.752760
2.005 0.757130
2.010 0.756900
2.015 0.756010
2.020 0.754340
2.025 0.756240
2.030 0.756070
2.035 0.755550
2.040 0.754020
2.045 0.752120
2.050 0.753400
2.055 0.756770
2.060 0.755590
2.065 0.752710
2.070 0.751670
2.075 0.745480
2.080 0.738020
2.085 0.735420
2.090 0.728670
2.095 0.724180
2.100 0.717890
2.105 0.711200
2.110 0.702580
2.115 0.695660
2.120 0.691360
2.125 0.686820
2.130 0.682950
2.135 0.679060
2.140 0.674150
2.145 0.666510
2.150 0.654990
2.155 0.642370
2.160 0.632400
2.165 0.624610
2.170 0.617100
2.175 0.608200
2.180 0.593480
2.185 0.574900
2.190 0.549920
2.195 0.522820
2.200 0.497440
2.205 0.472580
2.210 0.459450
2.215 0.464100
2.220 0.469530
2.225 0.474620
2.230 0.477450
2.235 0.474810
2.240 0.469710
2.245 0.468020
2.250 0.472570
2.255 0.481060
2.260 0.488060
2.265 0.488450
2.270 0.484770
2.275 0.480250
2.280 0.480090
2.285 0.485280
2.290 0.497920
2.295 0.520720
2.300 0.531790
2.305 0.528340
2.310 0.516940
2.315 0.510410
2.320 0.511520
2.325 0.501450
2.330 0.492350
2.335 0.478470
2.340 0.462550
2.345 0.447310
2.350 0.434230
2.355 0.424100
2.360 0.420060
2.365 0.420590
2.370 0.421740
2.375 0.423070
2.380 0.426420
2.385 0.432290
2.390 0.440330
2.395 0.449630
2.400 0.458880
2.405 0.464450
2.410 0.466450
2.415 0.466420
2.420 0.463260
2.425 0.458950
2.430 0.454510
2.435 0.448660
2.440 0.444380
2.445 0.441750
2.450 0.439460
2.455 0.437600
2.460 0.437280
2.465 0.436520
2.470 0.438030
2.475 0.440050
2.480 0.441770
2.485 0.442660
2.490 0.444300
2.495 0.446040
2.500 0.448150
