0.350 0.012517
0.355 0.013769
0.360 0.015020
0.365 0.016272
0.370 0.017524
0.375 0.018776
0.380 0.020027
0.385 0.021279
0.390 0.022531
0.395 0.023782
0.400 0.025034
0.405 0.027510
0.410 0.024592
0.415 0.023200
0.420 0.024106
0.425 0.022961
0.430 0.023691
0.435 0.022776
0.440 0.023331
0.445 0.024594
0.450 0.023791
0.455 0.024424
0.460 0.024408
0.465 0.023932
0.470 0.023946
0.475 0.024268
0.480 0.024651
0.485 0.024871
0.490 0.024464
0.495 0.025811
0.500 0.027222
0.505 0.030318
0.510 0.035779
0.515 0.045276
0.520 0.059852
0.525 0.077367
0.530 0.093736
0.535 0.105110
0.540 0.111580
0.545 0.114890
0.550 0.117770
0.555 0.118760
0.560 0.114630
0.565 0.105600
0.570 0.093665
0.575 0.081632
0.580 0.072417
0.585 0.066199
0.590 0.061311
0.595 0.058440
0.600 0.056713
0.605 0.054912
0.610 0.051510
0.615 0.047417
0.620 0.044307
0.625 0.042701
0.630 0.041790
0.635 0.040343
0.640 0.037129
0.645 0.033217
0.650 0.030419
0.655 0.029222
0.660 0.028072
0.665 0.026881
0.670 0.026768
0.675 0.028083
0.680 0.030402
0.685 0.034464
0.690 0.043316
0.695 0.071146
0.700 0.127310
0.705 0.203900
0.710 0.287270
0.715 0.375190
0.720 0.465440
0.725 0.553960
0.730 0.634050
0.735 0.701100
0.740 0.753380
0.745 0.790970
0.750 0.816220
0.755 0.831710
0.760 0.841300
0.765 0.846820
0.770 0.849830
0.775 0.851800
0.780 0.853370
0.785 0.854850
0.790 0.856040
0.795 0.857620
0.800 0.858930
0.805 0.860210
0.810 0.861560
0.815 0.863050
0.820 0.864180
0.825 0.865930
0.830 0.867340
0.835 0.868360
0.840 0.870000
0.845 0.871710
0.850 0.873020
0.855 0.874520
0.860 0.875900
0.865 0.876910
0.870 0.877740
0.875 0.878900
0.880 0.879180
0.885 0.879880
0.890 0.880050
0.895 0.880480
0.900 0.880810
0.905 0.881060
0.910 0.881030
0.915 0.881320
0.920 0.880800
0.925 0.879990
0.930 0.878480
0.935 0.876200
0.940 0.873580
0.945 0.870160
0.950 0.864990
0.955 0.857690
0.960 0.851270
0.965 0.847630
0.970 0.847030
0.975 0.846930
0.980 0.848190
0.985 0.849720
0.990 0.852750
0.995 0.856200
1.000 0.859670
1.005 0.859060
1.010 0.863390
1.015 0.866920
1.020 0.870040
1.025 0.873910
1.030 0.877780
1.035 0.881360
1.040 0.884330
1.045 0.885940
1.050 0.887610
1.055 0.891500
1.060 0.892040
1.065 0.891910
1.070 0.894380
1.075 0.894310
1.080 0.894750
1.085 0.895530
1.090 0.893970
1.095 0.893230
1.100 0.892890
1.105 0.889400
1.110 0.887750
1.115 0.885250
1.120 0.882080
1.125 0.877020
1.130 0.868300
1.135 0.856170
1.140 0.839310
1.145 0.822380
1.150 0.805880
1.155 0.794590
1.160 0.785960
1.165 0.783230
1.170 0.782510
1.175 0.781070
1.180 0.779680
1.185 0.778820
1.190 0.778190
1.195 0.778210
1.200 0.779050
1.205 0.780210
1.210 0.781750
1.215 0.784850
1.220 0.788440
1.225 0.792480
1.230 0.795210
1.235 0.798850
1.240 0.801540
1.245 0.803970
1.250 0.805560
1.255 0.807830
1.260 0.808690
1.265 0.808470
1.270 0.808810
1.275 0.808250
1.280 0.806030
1.285 0.803950
1.290 0.800570
1.295 0.795220
1.300 0.789370
1.305 0.780880
1.310 0.771070
1.315 0.759640
1.320 0.745390
1.325 0.729330
1.330 0.713000
1.335 0.695540
1.340 0.677730
1.345 0.660350
1.350 0.643480
1.355 0.627300
1.360 0.610180
1.365 0.590980
1.370 0.566060
1.375 0.531560
1.380 0.485870
1.385 0.430540
1.390 0.370180
1.395 0.312760
1.400 0.263770
1.405 0.226190
1.410 0.199680
1.415 0.181870
1.420 0.170760
1.425 0.163750
1.430 0.159960
1.435 0.158230
1.440 0.157850
1.445 0.158500
1.450 0.159890
1.455 0.162210
1.460 0.165760
1.465 0.171170
1.470 0.178490
1.475 0.187300
1.480 0.197280
1.485 0.208430
1.490 0.220150
1.495 0.231680
1.500 0.244170
1.505 0.256620
1.510 0.269030
1.515 0.281480
1.520 0.294130
1.525 0.306280
1.530 0.317800
1.535 0.329310
1.540 0.340050
1.545 0.350760
1.550 0.361140
1.555 0.370770
1.560 0.380150
1.565 0.389510
1.570 0.397730
1.575 0.405880
1.580 0.413720
1.585 0.421710
1.590 0.429040
1.595 0.436240
1.600 0.443610
1.605 0.449870
1.610 0.456020
1.615 0.462470
1.620 0.466900
1.625 0.472070
1.630 0.476610
1.635 0.480300
1.640 0.483770
1.645 0.485990
1.650 0.487010
1.655 0.487850
1.660 0.488540
1.665 0.488990
1.670 0.489390
1.675 0.488530
1.680 0.487320
1.685 0.484700
1.690 0.480870
1.695 0.477260
1.700 0.472970
1.705 0.467800
1.710 0.462920
1.715 0.457100
1.720 0.451110
1.725 0.444820
1.730 0.439710
1.735 0.435150
1.740 0.430680
1.745 0.424770
1.750 0.418500
1.755 0.410870
1.760 0.403680
1.765 0.397620
1.770 0.391590
1.775 0.387090
1.780 0.383560
1.785 0.381030
1.790 0.379420
1.795 0.378320
1.800 0.378090
1.805 0.379210
1.810 0.379180
1.815 0.378280
1.820 0.377290
1.825 0.375250
1.830 0.372190
1.835 0.367420
1.840 0.359760
1.845 0.349240
1.850 0.334110
1.855 0.313270
1.860 0.285500
1.865 0.251210
1.870 0.210790
1.875 0.168150
1.880 0.127600
1.885 0.092149
1.890 0.064977
1.895 0.046303
1.900 0.035697
1.905 0.029708
1.910 0.026854
1.915 0.025347
1.920 0.024894
1.925 0.024801
1.930 0.025130
1.935 0.025840
1.940 0.026953
1.945 0.028170
1.950 0.029869
1.955 0.031818
1.960 0.034060
1.965 0.036438
1.970 0.039313
1.975 0.042407
1.980 0.045732
1.985 0.049378
1.990 0.053312
1.995 0.057508
2.000 0.061884
2.005 0.066228
2.010 0.070676
2.015 0.075199
2.020 0.079633
2.025 0.083932
2.030 0.087985
2.035 0.092016
2.040 0.095956
2.045 0.099684
2.050 0.103400
2.055 0.107020
2.060 0.110880
2.065 0.114660
2.070 0.118410
2.075 0.122200
2.080 0.125790
2.085 0.129470
2.090 0.133220
2.095 0.136820
2.100 0.140300
2.105 0.143840
2.110 0.147310
2.115 0.150380
2.120 0.153450
2.125 0.156570
2.130 0.159410
2.135 0.162330
2.140 0.165160
2.145 0.168170
2.150 0.171180
2.155 0.173860
2.160 0.176580
2.165 0.179020
2.170 0.181660
2.175 0.183920
2.180 0.186330
2.185 0.188550
2.190 0.190650
2.195 0.192770
2.200 0.194570
2.205 0.195810
2.210 0.196840
2.215 0.197280
2.220 0.197200
2.225 0.196220
2.230 0.194380
2.235 0.191600
2.240 0.187980
2.245 0.183760
2.250 0.179270
2.255 0.174670
2.260 0.169860
2.265 0.165550
2.270 0.160890
2.275 0.156820
2.280 0.153080
2.285 0.149520
2.290 0.145720
2.295 0.141830
2.300 0.137130
2.305 0.132660
2.310 0.128930
2.315 0.126500
2.320 0.124450
2.325 0.121700
2.330 0.118190
2.335 0.114900
2.340 0.110770
2.345 0.107220
2.350 0.104380
2.355 0.101420
2.360 0.098450
2.365 0.095799
2.370 0.092463
2.375 0.089240
2.380 0.085999
2.385 0.082870
2.390 0.079492
2.395 0.076313
2.400 0.073552
2.405 0.070135
2.410 0.066958
2.415 0.063989
2.420 0.061004
2.425 0.057711
2.430 0.054224
2.435 0.051405
2.440 0.048958
2.445 0.046867
2.450 0.043569
2.455 0.041338
2.460 0.039513
2.465 0.038332
2.470 0.035487
2.475 0.034469
2.480 0.033150
2.485 0.031435
2.490 0.028276
2.495 0.029396
2.500 0.030054
