0.350 0.730330
0.355 0.723910
0.360 0.720580
0.365 0.715440
0.370 0.715830
0.375 0.714190
0.380 0.714890
0.385 0.715370
0.390 0.715790
0.395 0.716320
0.400 0.718040
0.405 0.718190
0.410 0.719450
0.415 0.719570
0.420 0.719970
0.425 0.720520
0.430 0.720690
0.435 0.721070
0.440 0.721280
0.445 0.721200
0.450 0.721290
0.455 0.721150
0.460 0.721180
0.465 0.721290
0.470 0.721080
0.475 0.720830
0.480 0.721110
0.485 0.721110
0.490 0.721500
0.495 0.721910
0.500 0.722070
0.505 0.722280
0.510 0.722370
0.515 0.722700
0.520 0.722750
0.525 0.722830
0.530 0.722950
0.535 0.722850
0.540 0.722980
0.545 0.723030
0.550 0.723060
0.555 0.723070
0.560 0.722970
0.565 0.722920
0.570 0.722780
0.575 0.722600
0.580 0.722490
0.585 0.722200
0.590 0.721940
0.595 0.721610
0.600 0.721050
0.605 0.720610
0.610 0.720550
0.615 0.720340
0.620 0.719680
0.625 0.719320
0.630 0.718540
0.635 0.717990
0.640 0.717270
0.645 0.716490
0.650 0.715710
0.655 0.714960
0.660 0.714210
0.665 0.713490
0.670 0.712880
0.675 0.712390
0.680 0.711970
0.685 0.711570
0.690 0.711290
0.695 0.710510
0.700 0.709510
0.705 0.708110
0.710 0.706710
0.715 0.705250
0.720 0.703880
0.725 0.702340
0.730 0.700260
0.735 0.697930
0.740 0.696130
0.745 0.694270
0.750 0.691970
0.755 0.689160
0.760 0.685850
0.765 0.682170
0.770 0.678380
0.775 0.674540
0.780 0.670930
0.785 0.667860
0.790 0.665410
0.795 0.663670
0.800 0.662760
0.805 0.662430
0.810 0.662830
0.815 0.663510
0.820 0.664120
0.825 0.664100
0.830 0.663210
0.835 0.662030
0.840 0.660260
0.845 0.657530
0.850 0.653570
0.855 0.648480
0.860 0.642800
0.865 0.636310
0.870 0.629230
0.875 0.621710
0.880 0.613990
0.885 0.606800
0.890 0.600830
0.895 0.595950
0.900 0.592220
0.905 0.589270
0.910 0.587280
0.915 0.585120
0.920 0.582550
0.925 0.579100
0.930 0.574230
0.935 0.567990
0.940 0.559780
0.945 0.549070
0.950 0.535210
0.955 0.519430
0.960 0.504800
0.965 0.492210
0.970 0.480180
0.975 0.468990
0.980 0.456630
0.985 0.445130
0.990 0.433660
0.995 0.422910
1.000 0.414130
1.005 0.406800
1.010 0.401360
1.015 0.398240
1.020 0.396530
1.025 0.397090
1.030 0.399620
1.035 0.404210
1.040 0.410650
1.045 0.418930
1.050 0.428330
1.055 0.438530
1.060 0.448550
1.065 0.457810
1.070 0.465640
1.075 0.471130
1.080 0.474170
1.085 0.474810
1.090 0.473200
1.095 0.470030
1.100 0.465810
1.105 0.461010
1.110 0.455790
1.115 0.450280
1.120 0.443970
1.125 0.435610
1.130 0.424140
1.135 0.408590
1.140 0.389600
1.145 0.369190
1.150 0.349720
1.155 0.331310
1.160 0.314750
1.165 0.298820
1.170 0.283530
1.175 0.268810
1.180 0.254880
1.185 0.241650
1.190 0.229480
1.195 0.218680
1.200 0.208950
1.205 0.200480
1.210 0.193160
1.215 0.186920
1.220 0.181730
1.225 0.177530
1.230 0.174140
1.235 0.171500
1.240 0.169700
1.245 0.168570
1.250 0.168010
1.255 0.168070
1.260 0.168730
1.265 0.169850
1.270 0.171170
1.275 0.172570
1.280 0.173520
1.285 0.173870
1.290 0.173530
1.295 0.172360
1.300 0.170500
1.305 0.168150
1.310 0.165370
1.315 0.161950
1.320 0.158050
1.325 0.153680
1.330 0.148960
1.335 0.144070
1.340 0.139220
1.345 0.134710
1.350 0.130410
1.355 0.126320
1.360 0.121970
1.365 0.117170
1.370 0.111050
1.375 0.102960
1.380 0.092515
1.385 0.080223
1.390 0.067224
1.395 0.054982
1.400 0.044776
1.405 0.036732
1.410 0.030524
1.415 0.025591
1.420 0.021662
1.425 0.018278
1.430 0.015533
1.435 0.013289
1.440 0.011428
1.445 0.009932
1.450 0.008778
1.455 0.007904
1.460 0.007179
1.465 0.006680
1.470 0.006350
1.475 0.006037
1.480 0.005878
1.485 0.005795
1.490 0.005742
1.495 0.005765
1.500 0.005809
1.505 0.005823
1.510 0.005929
1.515 0.006020
1.520 0.006106
1.525 0.006242
1.530 0.006376
1.535 0.006533
1.540 0.006644
1.545 0.006840
1.550 0.007089
1.555 0.007289
1.560 0.007607
1.565 0.007914
1.570 0.008255
1.575 0.008635
1.580 0.009050
1.585 0.009458
1.590 0.009912
1.595 0.010315
1.600 0.010712
1.605 0.011037
1.610 0.011431
1.615 0.011763
1.620 0.012041
1.625 0.012356
1.630 0.012730
1.635 0.013055
1.640 0.013450
1.645 0.013889
1.650 0.014325
1.655 0.014763
1.660 0.015272
1.665 0.015697
1.670 0.016163
1.675 0.016720
1.680 0.017173
1.685 0.017708
1.690 0.018248
1.695 0.018767
1.700 0.019267
1.705 0.019747
1.710 0.020230
1.715 0.020660
1.720 0.021061
1.725 0.021356
1.730 0.021654
1.735 0.021821
1.740 0.021976
1.745 0.022059
1.750 0.022038
1.755 0.022073
1.760 0.022040
1.765 0.022083
1.770 0.022203
1.775 0.022362
1.780 0.022528
1.785 0.022857
1.790 0.023151
1.795 0.022805
1.800 0.023222
1.805 0.023677
1.810 0.024013
1.815 0.024351
1.820 0.024574
1.825 0.024792
1.830 0.024994
1.835 0.024916
1.840 0.024531
1.845 0.024061
1.850 0.022622
1.855 0.020979
1.860 0.019263
1.865 0.016692
1.870 0.014276
1.875 0.011877
1.880 0.009976
1.885 0.008397
1.890 0.007183
1.895 0.005925
1.900 0.005412
1.905 0.005044
1.910 0.004629
1.915 0.004417
1.920 0.004387
1.925 0.004331
1.930 0.004179
1.935 0.004233
1.940 0.004031
1.945 0.003882
1.950 0.003951
1.955 0.003560
1.960 0.003607
1.965 0.003836
1.970 0.003724
1.975 0.003947
1.980 0.003998
1.985 0.004011
1.990 0.003875
1.995 0.003850
2.000 0.003294
2.005 0.003370
2.010 0.003220
2.015 0.003236
2.020 0.003457
2.025 0.003490
2.030 0.003623
2.035 0.003580
2.040 0.003482
2.045 0.003570
2.050 0.003627
2.055 0.003981
2.060 0.003844
2.065 0.003909
2.070 0.003965
2.075 0.003821
2.080 0.003919
2.085 0.003792
2.090 0.003982
2.095 0.003963
2.100 0.004102
2.105 0.004493
2.110 0.004677
2.115 0.004530
2.120 0.004760
2.125 0.005075
2.130 0.005305
2.135 0.005427
2.140 0.005339
2.145 0.005491
2.150 0.006098
2.155 0.006547
2.160 0.006875
2.165 0.006922
2.170 0.007331
2.175 0.007893
2.180 0.007730
2.185 0.008042
2.190 0.008370
2.195 0.008680
2.200 0.009124
2.205 0.009427
2.210 0.009921
2.215 0.010290
2.220 0.010893
2.225 0.010800
2.230 0.010817
2.235 0.011103
2.240 0.011062
2.245 0.010935
2.250 0.011078
2.255 0.010790
2.260 0.010366
2.265 0.009793
2.270 0.010125
2.275 0.009581
2.280 0.008777
2.285 0.008427
2.290 0.007960
2.295 0.007329
2.300 0.007082
2.305 0.006987
2.310 0.006606
2.315 0.007010
2.320 0.006828
2.325 0.006064
2.330 0.006011
2.335 0.005838
2.340 0.005393
2.345 0.005030
2.350 0.005128
2.355 0.005031
2.360 0.005260
2.365 0.005123
2.370 0.004579
2.375 0.004164
2.380 0.004434
2.385 0.004749
2.390 0.003967
2.395 0.003596
2.400 0.003451
2.405 0.004257
2.410 0.003814
2.415 0.003490
2.420 0.004100
2.425 0.003978
2.430 0.004274
2.435 0.004601
2.440 0.003913
2.445 0.004961
2.450 0.004978
2.455 0.005024
2.460 0.006863
2.465 0.006069
2.470 0.007335
2.475 0.006402
2.480 0.007294
2.485 0.007935
2.490 0.008838
2.495 0.008073
2.500 0.009578
