0.350 0.015146
0.355 0.016661
0.360 0.018175
0.365 0.019690
0.370 0.021204
0.375 0.022719
0.380 0.024234
0.385 0.025748
0.390 0.027263
0.395 0.028777
0.400 0.030292
0.405 0.027710
0.410 0.029222
0.415 0.030899
0.420 0.030302
0.425 0.029462
0.430 0.030267
0.435 0.030887
0.440 0.030186
0.445 0.031315
0.450 0.031487
0.455 0.031575
0.460 0.032254
0.465 0.032901
0.470 0.032561
0.475 0.032127
0.480 0.032801
0.485 0.032870
0.490 0.033009
0.495 0.033856
0.500 0.036082
0.505 0.037858
0.510 0.042811
0.515 0.051262
0.520 0.064330
0.525 0.080507
0.530 0.095729
0.535 0.107050
0.540 0.113430
0.545 0.117560
0.550 0.120720
0.555 0.121630
0.560 0.118000
0.565 0.109960
0.570 0.098904
0.575 0.087343
0.580 0.078791
0.585 0.072788
0.590 0.068530
0.595 0.066176
0.600 0.064366
0.605 0.062577
0.610 0.058823
0.615 0.054942
0.620 0.051751
0.625 0.049808
0.630 0.049137
0.635 0.048290
0.640 0.045847
0.645 0.042447
0.650 0.039550
0.655 0.037970
0.660 0.036033
0.665 0.034444
0.670 0.033797
0.675 0.034032
0.680 0.035269
0.685 0.037642
0.690 0.044645
0.695 0.067057
0.700 0.114840
0.705 0.184250
0.710 0.263110
0.715 0.345760
0.720 0.427890
0.725 0.504130
0.730 0.569800
0.735 0.621890
0.740 0.661830
0.745 0.690410
0.750 0.710060
0.755 0.723040
0.760 0.731160
0.765 0.736480
0.770 0.739910
0.775 0.742480
0.780 0.744300
0.785 0.746390
0.790 0.747720
0.795 0.749420
0.800 0.750950
0.805 0.752730
0.810 0.754470
0.815 0.756230
0.820 0.757940
0.825 0.759660
0.830 0.761310
0.835 0.763170
0.840 0.764970
0.845 0.767020
0.850 0.768930
0.855 0.770750
0.860 0.772280
0.865 0.773550
0.870 0.774980
0.875 0.776220
0.880 0.777090
0.885 0.778410
0.890 0.779160
0.895 0.780070
0.900 0.780890
0.905 0.781910
0.910 0.782420
0.915 0.782910
0.920 0.783560
0.925 0.783890
0.930 0.783300
0.935 0.782560
0.940 0.781450
0.945 0.779900
0.950 0.777190
0.955 0.773170
0.960 0.770100
0.965 0.768460
0.970 0.768990
0.975 0.769380
0.980 0.770620
0.985 0.772470
0.990 0.774510
0.995 0.777620
1.000 0.780090
1.005 0.776780
1.010 0.780960
1.015 0.782940
1.020 0.784710
1.025 0.787200
1.030 0.792020
1.035 0.792710
1.040 0.796490
1.045 0.798670
1.050 0.798220
1.055 0.800550
1.060 0.802600
1.065 0.802820
1.070 0.805220
1.075 0.806100
1.080 0.805410
1.085 0.806340
1.090 0.805450
1.095 0.807370
1.100 0.806030
1.105 0.806090
1.110 0.805280
1.115 0.803590
1.120 0.802860
1.125 0.799250
1.130 0.795450
1.135 0.787920
1.140 0.777890
1.145 0.767350
1.150 0.757320
1.155 0.749940
1.160 0.745960
1.165 0.744060
1.170 0.742920
1.175 0.742980
1.180 0.743310
1.185 0.743330
1.190 0.743100
1.195 0.743500
1.200 0.744510
1.205 0.746310
1.210 0.747620
1.215 0.750030
1.220 0.753260
1.225 0.755630
1.230 0.757990
1.235 0.760200
1.240 0.762310
1.245 0.764130
1.250 0.765830
1.255 0.767020
1.260 0.767920
1.265 0.768420
1.270 0.768320
1.275 0.767780
1.280 0.766620
1.285 0.764940
1.290 0.762960
1.295 0.760270
1.300 0.755810
1.305 0.750070
1.310 0.744050
1.315 0.736230
1.320 0.726970
1.325 0.716220
1.330 0.704520
1.335 0.692020
1.340 0.679290
1.345 0.667390
1.350 0.655950
1.355 0.645330
1.360 0.632290
1.365 0.616540
1.370 0.596080
1.375 0.568120
1.380 0.528840
1.385 0.479410
1.390 0.423330
1.395 0.367220
1.400 0.317990
1.405 0.279240
1.410 0.250710
1.415 0.232130
1.420 0.219920
1.425 0.212820
1.430 0.209120
1.435 0.207290
1.440 0.207690
1.445 0.209250
1.450 0.211230
1.455 0.213940
1.460 0.218060
1.465 0.224480
1.470 0.232890
1.475 0.243230
1.480 0.254520
1.485 0.266810
1.490 0.279630
1.495 0.292620
1.500 0.305840
1.505 0.319260
1.510 0.332360
1.515 0.345380
1.520 0.358220
1.525 0.370330
1.530 0.382480
1.535 0.394400
1.540 0.405530
1.545 0.416260
1.550 0.426530
1.555 0.436680
1.560 0.445630
1.565 0.454540
1.570 0.463040
1.575 0.470880
1.580 0.479010
1.585 0.486620
1.590 0.493690
1.595 0.500210
1.600 0.507030
1.605 0.513040
1.610 0.518750
1.615 0.523290
1.620 0.528830
1.625 0.533300
1.630 0.537770
1.635 0.541510
1.640 0.544270
1.645 0.546900
1.650 0.549210
1.655 0.550640
1.660 0.550320
1.665 0.550550
1.670 0.549220
1.675 0.547720
1.680 0.545450
1.685 0.542460
1.690 0.539170
1.695 0.536150
1.700 0.532210
1.705 0.528760
1.710 0.523830
1.715 0.519020
1.720 0.513590
1.725 0.508450
1.730 0.503820
1.735 0.498840
1.740 0.494490
1.745 0.489000
1.750 0.482850
1.755 0.475680
1.760 0.468960
1.765 0.463440
1.770 0.458110
1.775 0.454120
1.780 0.450330
1.785 0.447410
1.790 0.445690
1.795 0.445590
1.800 0.444820
1.805 0.450390
1.810 0.450590
1.815 0.450450
1.820 0.449750
1.825 0.448040
1.830 0.444880
1.835 0.440060
1.840 0.432340
1.845 0.420580
1.850 0.404190
1.855 0.381430
1.860 0.351750
1.865 0.314550
1.870 0.268790
1.875 0.218310
1.880 0.169810
1.885 0.125990
1.890 0.090843
1.895 0.066078
1.900 0.051139
1.905 0.042552
1.910 0.037986
1.915 0.035773
1.920 0.034983
1.925 0.034802
1.930 0.035349
1.935 0.036513
1.940 0.038123
1.945 0.040133
1.950 0.042676
1.955 0.045542
1.960 0.048913
1.965 0.052633
1.970 0.056724
1.975 0.061300
1.980 0.066123
1.985 0.071415
1.990 0.077002
1.995 0.082749
2.000 0.088776
2.005 0.094869
2.010 0.101090
2.015 0.107040
2.020 0.113040
2.025 0.118760
2.030 0.124320
2.035 0.129650
2.040 0.134760
2.045 0.139750
2.050 0.144550
2.055 0.149580
2.060 0.154900
2.065 0.160210
2.070 0.165710
2.075 0.171090
2.080 0.176410
2.085 0.181700
2.090 0.186900
2.095 0.192040
2.100 0.197220
2.105 0.202310
2.110 0.207060
2.115 0.211910
2.120 0.216560
2.125 0.220910
2.130 0.225020
2.135 0.228830
2.140 0.232400
2.145 0.235750
2.150 0.238870
2.155 0.241650
2.160 0.244250
2.165 0.246730
2.170 0.249510
2.175 0.252290
2.180 0.255050
2.185 0.257780
2.190 0.260580
2.195 0.262890
2.200 0.264940
2.205 0.266530
2.210 0.267500
2.215 0.268260
2.220 0.267990
2.225 0.266610
2.230 0.264750
2.235 0.261320
2.240 0.257370
2.245 0.252570
2.250 0.246930
2.255 0.241130
2.260 0.235120
2.265 0.229300
2.270 0.223720
2.275 0.218170
2.280 0.212920
2.285 0.207610
2.290 0.202920
2.295 0.197700
2.300 0.192240
2.305 0.187550
2.310 0.183110
2.315 0.179430
2.320 0.176320
2.325 0.172550
2.330 0.168220
2.335 0.163480
2.340 0.158620
2.345 0.153500
2.350 0.149500
2.355 0.145230
2.360 0.141330
2.365 0.137280
2.370 0.132990
2.375 0.129000
2.380 0.124490
2.385 0.119930
2.390 0.115530
2.395 0.110430
2.400 0.106520
2.405 0.102340
2.410 0.097854
2.415 0.093136
2.420 0.089023
2.425 0.084605
2.430 0.080957
2.435 0.076800
2.440 0.073915
2.445 0.069068
2.450 0.066412
2.455 0.061982
2.460 0.058530
2.465 0.055641
2.470 0.053568
2.475 0.049771
2.480 0.050053
2.485 0.047649
2.490 0.043941
2.495 0.046608
2.500 0.042577
