0.350 0.099375
0.355 0.109310
0.360 0.119250
0.365 0.129190
0.370 0.139120
0.375 0.149060
0.380 0.159000
0.385 0.168940
0.390 0.178870
0.395 0.188810
0.400 0.198750
0.405 0.203330
0.410 0.205960
0.415 0.210220
0.420 0.216580
0.425 0.218620
0.430 0.224110
0.435 0.227890
0.440 0.233290
0.445 0.233110
0.450 0.236230
0.455 0.246210
0.460 0.240350
0.465 0.243350
0.470 0.244490
0.475 0.246290
0.480 0.246240
0.485 0.246630
0.490 0.248680
0.495 0.249750
0.500 0.248530
0.505 0.251690
0.510 0.253120
0.515 0.252610
0.520 0.252460
0.525 0.253630
0.530 0.255070
0.535 0.257340
0.540 0.257550
0.545 0.257550
0.550 0.260400
0.555 0.258030
0.560 0.264770
0.565 0.265530
0.570 0.266900
0.575 0.267470
0.580 0.270620
0.585 0.273810
0.590 0.274160
0.595 0.274080
0.600 0.273300
0.605 0.274620
0.610 0.277900
0.615 0.280220
0.620 0.282460
0.625 0.279240
0.630 0.285410
0.635 0.287910
0.640 0.280700
0.645 0.281730
0.650 0.282680
0.655 0.287740
0.660 0.283250
0.665 0.287980
0.670 0.287040
0.675 0.284700
0.680 0.288890
0.685 0.286600
0.690 0.288750
0.695 0.287300
0.700 0.289990
0.705 0.288940
0.710 0.291970
0.715 0.290740
0.720 0.291120
0.725 0.292550
0.730 0.294140
0.735 0.292780
0.740 0.295670
0.745 0.295860
0.750 0.295790
0.755 0.297340
0.760 0.296060
0.765 0.295000
0.770 0.296590
0.775 0.297290
0.780 0.297590
0.785 0.296720
0.790 0.297010
0.795 0.298780
0.800 0.294880
0.805 0.295070
0.810 0.289550
0.815 0.293210
0.820 0.290770
0.825 0.291260
0.830 0.290280
0.835 0.288990
0.840 0.289220
0.845 0.288610
0.850 0.286740
0.855 0.286340
0.860 0.283980
0.865 0.284260
0.870 0.285060
0.875 0.282430
0.880 0.282700
0.885 0.285490
0.890 0.282520
0.895 0.283830
0.900 0.283330
0.905 0.284080
0.910 0.283170
0.915 0.283840
0.920 0.283560
0.925 0.286230
0.930 0.287220
0.935 0.288020
0.940 0.289510
0.945 0.289790
0.950 0.289950
0.955 0.289030
0.960 0.290130
0.965 0.290200
0.970 0.289980
0.975 0.291670
0.980 0.292920
0.985 0.291940
0.990 0.293140
0.995 0.291170
1.000 0.291180
1.005 0.289530
1.010 0.288050
1.015 0.289730
1.020 0.290350
1.025 0.288930
1.030 0.284590
1.035 0.282520
1.040 0.282430
1.045 0.282810
1.050 0.285950
1.055 0.282800
1.060 0.281650
1.065 0.282590
1.070 0.281870
1.075 0.281250
1.080 0.279620
1.085 0.280630
1.090 0.282240
1.095 0.282060
1.100 0.282760
1.105 0.280750
1.110 0.280530
1.115 0.279650
1.120 0.281160
1.125 0.281170
1.130 0.279620
1.135 0.280420
1.140 0.278300
1.145 0.280170
1.150 0.279770
1.155 0.280030
1.160 0.280920
1.165 0.280280
1.170 0.281290
1.175 0.280940
1.180 0.285150
1.185 0.285040
1.190 0.284900
1.195 0.282580
1.200 0.283510
1.205 0.279320
1.210 0.276590
1.215 0.277010
1.220 0.279140
1.225 0.279690
1.230 0.279700
1.235 0.279780
1.240 0.278140
1.245 0.279190
1.250 0.282050
1.255 0.280460
1.260 0.281550
1.265 0.280790
1.270 0.281890
1.275 0.282320
1.280 0.283630
1.285 0.282840
1.290 0.285290
1.295 0.285090
1.300 0.284230
1.305 0.283570
1.310 0.283300
1.315 0.282300
1.320 0.281330
1.325 0.281610
1.330 0.280600
1.335 0.279220
1.340 0.278350
1.345 0.279860
1.350 0.277860
1.355 0.278390
1.360 0.278240
1.365 0.277470
1.370 0.276480
1.375 0.274650
1.380 0.275030
1.385 0.274280
1.390 0.276730
1.395 0.274690
1.400 0.275120
1.405 0.273620
1.410 0.274810
1.415 0.274310
1.420 0.275970
1.425 0.275600
1.430 0.275850
1.435 0.275700
1.440 0.274720
1.445 0.275180
1.450 0.274650
1.455 0.275290
1.460 0.274960
1.465 0.275870
1.470 0.273850
1.475 0.274870
1.480 0.276330
1.485 0.275640
1.490 0.275330
1.495 0.276200
1.500 0.275800
1.505 0.276380
1.510 0.278300
1.515 0.277670
1.520 0.279100
1.525 0.278210
1.530 0.277500
1.535 0.280040
1.540 0.277320
1.545 0.276840
1.550 0.276480
1.555 0.277710
1.560 0.278210
1.565 0.278940
1.570 0.279280
1.575 0.277930
1.580 0.277040
1.585 0.278360
1.590 0.277320
1.595 0.276830
1.600 0.277920
1.605 0.280120
1.610 0.278500
1.615 0.277620
1.620 0.276950
1.625 0.275360
1.630 0.274850
1.635 0.275260
1.640 0.275690
1.645 0.275030
1.650 0.277470
1.655 0.277690
1.660 0.276860
1.665 0.278200
1.670 0.275530
1.675 0.276030
1.680 0.275800
1.685 0.278630
1.690 0.279170
1.695 0.277460
1.700 0.278090
1.705 0.276740
1.710 0.278050
1.715 0.277010
1.720 0.276890
1.725 0.277750
1.730 0.276210
1.735 0.277140
1.740 0.280000
1.745 0.276930
1.750 0.279760
1.755 0.280990
1.760 0.278470
1.765 0.280510
1.770 0.278930
1.775 0.280100
1.780 0.278510
1.785 0.279050
1.790 0.278500
1.795 0.277700
1.800 0.278090
1.805 0.278370
1.810 0.278700
1.815 0.279140
1.820 0.277330
1.825 0.278200
1.830 0.276850
1.835 0.277550
1.840 0.278450
1.845 0.278240
1.850 0.278100
1.855 0.277250
1.860 0.277360
1.865 0.275560
1.870 0.274590
1.875 0.273630
1.880 0.273120
1.885 0.271100
1.890 0.267910
1.895 0.264600
1.900 0.260690
1.905 0.260960
1.910 0.262500
1.915 0.262360
1.920 0.264060
1.925 0.266910
1.930 0.267540
1.935 0.269240
1.940 0.270990
1.945 0.268040
1.950 0.271280
1.955 0.271660
1.960 0.270600
1.965 0.269840
1.970 0.270560
1.975 0.271160
1.980 0.270560
1.985 0.274780
1.990 0.276460
1.995 0.275470
2.000 0.276300
2.005 0.275820
2.010 0.276950
2.015 0.277780
2.020 0.279320
2.025 0.276430
2.030 0.274740
2.035 0.277930
2.040 0.277660
2.045 0.276910
2.050 0.276640
2.055 0.277140
2.060 0.276950
2.065 0.278250
2.070 0.279250
2.075 0.279270
2.080 0.278410
2.085 0.279000
2.090 0.279000
2.095 0.279250
2.100 0.279620
2.105 0.280690
2.110 0.279150
2.115 0.279190
2.120 0.279220
2.125 0.279190
2.130 0.279500
2.135 0.279550
2.140 0.280220
2.145 0.280140
2.150 0.280820
2.155 0.280870
2.160 0.280940
2.165 0.280940
2.170 0.280650
2.175 0.281590
2.180 0.280070
2.185 0.281180
2.190 0.279340
2.195 0.279130
2.200 0.278970
2.205 0.278540
2.210 0.278380
2.215 0.277660
2.220 0.278530
2.225 0.277900
2.230 0.278920
2.235 0.278590
2.240 0.277650
2.245 0.277480
2.250 0.277510
2.255 0.277300
2.260 0.277790
2.265 0.277990
2.270 0.278270
2.275 0.278160
2.280 0.277610
2.285 0.276150
2.290 0.274740
2.295 0.273840
2.300 0.273620
2.305 0.273250
2.310 0.273210
2.315 0.273110
2.320 0.273700
2.325 0.274200
2.330 0.273630
2.335 0.274080
2.340 0.273870
2.345 0.273730
2.350 0.274100
2.355 0.274580
2.360 0.273990
2.365 0.274630
2.370 0.274870
2.375 0.274500
2.380 0.274970
2.385 0.275350
2.390 0.275670
2.395 0.275650
2.400 0.276420
2.405 0.276320
2.410 0.276860
2.415 0.276430
2.420 0.276270
2.425 0.275970
2.430 0.275980
2.435 0.275140
2.440 0.275200
2.445 0.275100
2.450 0.275190
2.455 0.274500
2.460 0.274700
2.465 0.274580
2.470 0.274320
2.475 0.274680
2.480 0.274360
2.485 0.274210
2.490 0.273780
2.495 0.274010
2.500 0.273980
