0.350 0.017634
0.355 0.019397
0.360 0.021161
0.365 0.022924
0.370 0.024688
0.375 0.026451
0.380 0.028214
0.385 0.029978
0.390 0.031741
0.395 0.033505
0.400 0.035268
0.405 0.032277
0.410 0.034014
0.415 0.034481
0.420 0.033882
0.425 0.033740
0.430 0.034175
0.435 0.034828
0.440 0.034074
0.445 0.035425
0.450 0.035114
0.455 0.034551
0.460 0.035058
0.465 0.035686
0.470 0.035030
0.475 0.034462
0.480 0.035242
0.485 0.034997
0.490 0.034930
0.495 0.034977
0.500 0.036222
0.505 0.036406
0.510 0.037601
0.515 0.040059
0.520 0.044737
0.525 0.050993
0.530 0.057991
0.535 0.063431
0.540 0.066596
0.545 0.068946
0.550 0.070569
0.555 0.071082
0.560 0.069181
0.565 0.064960
0.570 0.059264
0.575 0.053648
0.580 0.049777
0.585 0.047192
0.590 0.045207
0.595 0.044267
0.600 0.043547
0.605 0.043667
0.610 0.042215
0.615 0.040612
0.620 0.039377
0.625 0.038653
0.630 0.038611
0.635 0.038251
0.640 0.037439
0.645 0.036495
0.650 0.035779
0.655 0.035411
0.660 0.034864
0.665 0.034596
0.670 0.034539
0.675 0.034895
0.680 0.035807
0.685 0.036846
0.690 0.038938
0.695 0.046409
0.700 0.068048
0.705 0.108690
0.710 0.164070
0.715 0.230910
0.720 0.304890
0.725 0.380360
0.730 0.450300
0.735 0.509120
0.740 0.555950
0.745 0.590600
0.750 0.615210
0.755 0.631830
0.760 0.642540
0.765 0.649690
0.770 0.654400
0.775 0.657980
0.780 0.660590
0.785 0.663130
0.790 0.665000
0.795 0.667210
0.800 0.669100
0.805 0.671210
0.810 0.673210
0.815 0.675290
0.820 0.677310
0.825 0.679320
0.830 0.681040
0.835 0.683010
0.840 0.685000
0.845 0.687290
0.850 0.689370
0.855 0.691410
0.860 0.693170
0.865 0.694660
0.870 0.696290
0.875 0.697660
0.880 0.698870
0.885 0.700060
0.890 0.701100
0.895 0.702070
0.900 0.702970
0.905 0.703930
0.910 0.704610
0.915 0.705150
0.920 0.705750
0.925 0.705880
0.930 0.705060
0.935 0.703880
0.940 0.702170
0.945 0.699440
0.950 0.695510
0.955 0.689750
0.960 0.685050
0.965 0.682450
0.970 0.682300
0.975 0.682490
0.980 0.683630
0.985 0.685960
0.990 0.688050
0.995 0.691880
1.000 0.694910
1.005 0.693690
1.010 0.699370
1.015 0.701590
1.020 0.706120
1.025 0.709780
1.030 0.712760
1.035 0.715400
1.040 0.720050
1.045 0.722220
1.050 0.723740
1.055 0.726010
1.060 0.727630
1.065 0.729060
1.070 0.730950
1.075 0.731770
1.080 0.731410
1.085 0.732910
1.090 0.731570
1.095 0.732790
1.100 0.731340
1.105 0.730980
1.110 0.730150
1.115 0.728170
1.120 0.726160
1.125 0.721720
1.130 0.715380
1.135 0.705930
1.140 0.691680
1.145 0.677010
1.150 0.662860
1.155 0.652600
1.160 0.646500
1.165 0.642870
1.170 0.641150
1.175 0.640290
1.180 0.640070
1.185 0.639640
1.190 0.638590
1.195 0.639130
1.200 0.640470
1.205 0.642650
1.210 0.644850
1.215 0.647530
1.220 0.651610
1.225 0.655260
1.230 0.658200
1.235 0.660850
1.240 0.663980
1.245 0.666120
1.250 0.668380
1.255 0.669960
1.260 0.671510
1.265 0.671830
1.270 0.671820
1.275 0.670830
1.280 0.669730
1.285 0.667680
1.290 0.665200
1.295 0.661450
1.300 0.656040
1.305 0.648940
1.310 0.640740
1.315 0.630270
1.320 0.618750
1.325 0.605420
1.330 0.590720
1.335 0.575180
1.340 0.559600
1.345 0.545700
1.350 0.531790
1.355 0.518990
1.360 0.504840
1.365 0.487390
1.370 0.465500
1.375 0.436590
1.380 0.398110
1.385 0.351300
1.390 0.300740
1.395 0.252820
1.400 0.212170
1.405 0.181060
1.410 0.158930
1.415 0.144500
1.420 0.134700
1.425 0.128870
1.430 0.125600
1.435 0.123700
1.440 0.123030
1.445 0.123620
1.450 0.124560
1.455 0.126150
1.460 0.128480
1.465 0.132450
1.470 0.137740
1.475 0.144630
1.480 0.152230
1.485 0.160630
1.490 0.169250
1.495 0.178320
1.500 0.188170
1.505 0.197840
1.510 0.207460
1.515 0.217510
1.520 0.227440
1.525 0.236770
1.530 0.246270
1.535 0.255340
1.540 0.264410
1.545 0.273000
1.550 0.281420
1.555 0.289800
1.560 0.297280
1.565 0.304510
1.570 0.311450
1.575 0.318490
1.580 0.325410
1.585 0.332180
1.590 0.338490
1.595 0.344750
1.600 0.350780
1.605 0.356450
1.610 0.361980
1.615 0.367310
1.620 0.372290
1.625 0.377070
1.630 0.381240
1.635 0.385130
1.640 0.388250
1.645 0.390980
1.650 0.393380
1.655 0.394710
1.660 0.394880
1.665 0.395240
1.670 0.394590
1.675 0.393260
1.680 0.391260
1.685 0.388170
1.690 0.384800
1.695 0.381690
1.700 0.377770
1.705 0.374470
1.710 0.370580
1.715 0.366650
1.720 0.361800
1.725 0.357240
1.730 0.352520
1.735 0.347560
1.740 0.342610
1.745 0.337380
1.750 0.331740
1.755 0.325890
1.760 0.320350
1.765 0.315780
1.770 0.311080
1.775 0.307460
1.780 0.304270
1.785 0.302400
1.790 0.301230
1.795 0.301600
1.800 0.301030
1.805 0.306610
1.810 0.306730
1.815 0.306800
1.820 0.306400
1.825 0.305360
1.830 0.303230
1.835 0.299480
1.840 0.293350
1.845 0.284020
1.850 0.270990
1.855 0.253160
1.860 0.230150
1.865 0.202350
1.870 0.169400
1.875 0.134840
1.880 0.103090
1.885 0.076292
1.890 0.056100
1.895 0.042724
1.900 0.035192
1.905 0.031044
1.910 0.029101
1.915 0.027997
1.920 0.027464
1.925 0.027404
1.930 0.027567
1.935 0.027791
1.940 0.028418
1.945 0.029127
1.950 0.029898
1.955 0.030973
1.960 0.032273
1.965 0.033695
1.970 0.035336
1.975 0.037204
1.980 0.039348
1.985 0.041622
1.990 0.044199
1.995 0.046804
2.000 0.049694
2.005 0.052588
2.010 0.055574
2.015 0.058584
2.020 0.061558
2.025 0.064294
2.030 0.067098
2.035 0.069668
2.040 0.072126
2.045 0.074543
2.050 0.077014
2.055 0.079512
2.060 0.082254
2.065 0.084939
2.070 0.087899
2.075 0.090623
2.080 0.093640
2.085 0.096300
2.090 0.099020
2.095 0.101900
2.100 0.104550
2.105 0.107350
2.110 0.110150
2.115 0.113000
2.120 0.115700
2.125 0.118240
2.130 0.120760
2.135 0.123100
2.140 0.125230
2.145 0.127170
2.150 0.129230
2.155 0.131150
2.160 0.133000
2.165 0.134940
2.170 0.136780
2.175 0.138620
2.180 0.140660
2.185 0.142840
2.190 0.144920
2.195 0.146860
2.200 0.148540
2.205 0.150110
2.210 0.151140
2.215 0.152000
2.220 0.152270
2.225 0.151930
2.230 0.150780
2.235 0.148960
2.240 0.146150
2.245 0.142820
2.250 0.138960
2.255 0.134520
2.260 0.130320
2.265 0.125820
2.270 0.121840
2.275 0.117970
2.280 0.114480
2.285 0.111490
2.290 0.108590
2.295 0.106070
2.300 0.103230
2.305 0.100440
2.310 0.098054
2.315 0.095737
2.320 0.093881
2.325 0.091780
2.330 0.089118
2.335 0.086351
2.340 0.084189
2.345 0.081421
2.350 0.079182
2.355 0.076796
2.360 0.074398
2.365 0.072446
2.370 0.070364
2.375 0.068072
2.380 0.066180
2.385 0.063390
2.390 0.061149
2.395 0.058997
2.400 0.056820
2.405 0.054414
2.410 0.052278
2.415 0.049991
2.420 0.048035
2.425 0.045798
2.430 0.044165
2.435 0.042579
2.440 0.040106
2.445 0.039337
2.450 0.037028
2.455 0.036173
2.460 0.034688
2.465 0.033481
2.470 0.032861
2.475 0.032668
2.480 0.028889
2.485 0.031159
2.490 0.031682
2.495 0.029336
2.500 0.031308
