0.350 0.090849
0.355 0.099934
0.360 0.109020
0.365 0.118100
0.370 0.127190
0.375 0.136270
0.380 0.145360
0.385 0.154440
0.390 0.163530
0.395 0.172610
0.400 0.181700
0.405 0.184900
0.410 0.190070
0.415 0.194800
0.420 0.199700
0.425 0.204600
0.430 0.212620
0.435 0.216160
0.440 0.224400
0.445 0.227880
0.450 0.231830
0.455 0.234550
0.460 0.238060
0.465 0.241450
0.470 0.242650
0.475 0.246240
0.480 0.249070
0.485 0.251750
0.490 0.258550
0.495 0.261600
0.500 0.267750
0.505 0.270590
0.510 0.277630
0.515 0.282090
0.520 0.287510
0.525 0.295940
0.530 0.300300
0.535 0.305680
0.540 0.311500
0.545 0.316200
0.550 0.319790
0.555 0.322970
0.560 0.330310
0.565 0.335930
0.570 0.338250
0.575 0.343350
0.580 0.345470
0.585 0.350260
0.590 0.352000
0.595 0.353350
0.600 0.357180
0.605 0.358830
0.610 0.360890
0.615 0.364430
0.620 0.363110
0.625 0.367510
0.630 0.367830
0.635 0.369480
0.640 0.371930
0.645 0.372130
0.650 0.378650
0.655 0.375610
0.660 0.378150
0.665 0.381160
0.670 0.381160
0.675 0.385850
0.680 0.385950
0.685 0.385900
0.690 0.385230
0.695 0.389020
0.700 0.391430
0.705 0.394770
0.710 0.394480
0.715 0.396360
0.720 0.398270
0.725 0.398610
0.730 0.401750
0.735 0.401400
0.740 0.402590
0.745 0.403980
0.750 0.405780
0.755 0.407790
0.760 0.406370
0.765 0.409360
0.770 0.410740
0.775 0.410740
0.780 0.413860
0.785 0.412190
0.790 0.415570
0.795 0.415960
0.800 0.414880
0.805 0.413840
0.810 0.411550
0.815 0.412680
0.820 0.415620
0.825 0.415380
0.830 0.412240
0.835 0.412570
0.840 0.412760
0.845 0.410370
0.850 0.411220
0.855 0.411990
0.860 0.410890
0.865 0.411720
0.870 0.411860
0.875 0.413690
0.880 0.412840
0.885 0.412790
0.890 0.413510
0.895 0.413810
0.900 0.412560
0.905 0.415620
0.910 0.415490
0.915 0.416500
0.920 0.417490
0.925 0.418120
0.930 0.418670
0.935 0.419840
0.940 0.421610
0.945 0.420010
0.950 0.420200
0.955 0.423110
0.960 0.421620
0.965 0.423190
0.970 0.423240
0.975 0.422940
0.980 0.426310
0.985 0.426610
0.990 0.425590
0.995 0.424510
1.000 0.428580
1.005 0.429700
1.010 0.430230
1.015 0.432260
1.020 0.432480
1.025 0.434040
1.030 0.434100
1.035 0.434950
1.040 0.436250
1.045 0.436890
1.050 0.439260
1.055 0.440070
1.060 0.440480
1.065 0.442710
1.070 0.443280
1.075 0.446840
1.080 0.449010
1.085 0.447480
1.090 0.450650
1.095 0.452590
1.100 0.452090
1.105 0.455490
1.110 0.458930
1.115 0.459620
1.120 0.458820
1.125 0.461670
1.130 0.462480
1.135 0.462560
1.140 0.465310
1.145 0.469370
1.150 0.469780
1.155 0.469840
1.160 0.470750
1.165 0.472790
1.170 0.475310
1.175 0.477240
1.180 0.478420
1.185 0.480650
1.190 0.483030
1.195 0.483840
1.200 0.485220
1.205 0.486780
1.210 0.487250
1.215 0.488470
1.220 0.491410
1.225 0.490000
1.230 0.491120
1.235 0.495420
1.240 0.497360
1.245 0.498320
1.250 0.499280
1.255 0.501270
1.260 0.503060
1.265 0.502980
1.270 0.502360
1.275 0.503480
1.280 0.507300
1.285 0.508010
1.290 0.509810
1.295 0.511180
1.300 0.512380
1.305 0.515390
1.310 0.517570
1.315 0.519570
1.320 0.519980
1.325 0.519010
1.330 0.519960
1.335 0.522020
1.340 0.521640
1.345 0.521840
1.350 0.523280
1.355 0.522010
1.360 0.524030
1.365 0.526520
1.370 0.525170
1.375 0.522860
1.380 0.520410
1.385 0.521900
1.390 0.517210
1.395 0.513070
1.400 0.511660
1.405 0.507870
1.410 0.507450
1.415 0.511130
1.420 0.513080
1.425 0.516020
1.430 0.518470
1.435 0.519520
1.440 0.521280
1.445 0.521060
1.450 0.521400
1.455 0.523020
1.460 0.527950
1.465 0.531710
1.470 0.532090
1.475 0.533400
1.480 0.534310
1.485 0.535320
1.490 0.537500
1.495 0.535870
1.500 0.539420
1.505 0.540250
1.510 0.543160
1.515 0.543540
1.520 0.543820
1.525 0.545690
1.530 0.544040
1.535 0.548140
1.540 0.549320
1.545 0.550910
1.550 0.550170
1.555 0.550830
1.560 0.551800
1.565 0.553430
1.570 0.557200
1.575 0.560320
1.580 0.562230
1.585 0.560610
1.590 0.561730
1.595 0.560170
1.600 0.558730
1.605 0.561310
1.610 0.561600
1.615 0.561060
1.620 0.560390
1.625 0.563670
1.630 0.561730
1.635 0.562810
1.640 0.561010
1.645 0.562990
1.650 0.564290
1.655 0.565780
1.660 0.568940
1.665 0.566520
1.670 0.567270
1.675 0.565260
1.680 0.565580
1.685 0.565170
1.690 0.566170
1.695 0.566070
1.700 0.567560
1.705 0.565810
1.710 0.565110
1.715 0.564810
1.720 0.567320
1.725 0.566490
1.730 0.566860
1.735 0.565670
1.740 0.564800
1.745 0.563590
1.750 0.563900
1.755 0.566860
1.760 0.567150
1.765 0.567900
1.770 0.568400
1.775 0.571120
1.780 0.571980
1.785 0.572220
1.790 0.571510
1.795 0.570740
1.800 0.569980
1.805 0.567910
1.810 0.569210
1.815 0.569660
1.820 0.565640
1.825 0.564440
1.830 0.564750
1.835 0.563370
1.840 0.559870
1.845 0.556660
1.850 0.555490
1.855 0.553380
1.860 0.550790
1.865 0.545250
1.870 0.535860
1.875 0.529500
1.880 0.524850
1.885 0.516430
1.890 0.506480
1.895 0.495880
1.900 0.490720
1.905 0.482210
1.910 0.478350
1.915 0.478520
1.920 0.477820
1.925 0.480790
1.930 0.482210
1.935 0.483760
1.940 0.485580
1.945 0.486650
1.950 0.488600
1.955 0.489470
1.960 0.493580
1.965 0.492240
1.970 0.495870
1.975 0.495130
1.980 0.495180
1.985 0.496460
1.990 0.501210
1.995 0.505710
2.000 0.509890
2.005 0.516580
2.010 0.519520
2.015 0.525650
2.020 0.530560
2.025 0.533000
2.030 0.535630
2.035 0.535730
2.040 0.535750
2.045 0.536950
2.050 0.538940
2.055 0.539260
2.060 0.540250
2.065 0.541060
2.070 0.541340
2.075 0.544330
2.080 0.546390
2.085 0.544960
2.090 0.545650
2.095 0.544910
2.100 0.542880
2.105 0.542720
2.110 0.543150
2.115 0.542630
2.120 0.540870
2.125 0.541540
2.130 0.540790
2.135 0.540170
2.140 0.535920
2.145 0.532000
2.150 0.528110
2.155 0.525990
2.160 0.527950
2.165 0.528870
2.170 0.529880
2.175 0.531560
2.180 0.530730
2.185 0.530000
2.190 0.527460
2.195 0.524430
2.200 0.521280
2.205 0.516280
2.210 0.513830
2.215 0.510050
2.220 0.507060
2.225 0.504570
2.230 0.503350
2.235 0.500360
2.240 0.497030
2.245 0.491560
2.250 0.486350
2.255 0.479870
2.260 0.471850
2.265 0.465280
2.270 0.456050
2.275 0.444870
2.280 0.431020
2.285 0.418390
2.290 0.408500
2.295 0.399160
2.300 0.390490
2.305 0.385950
2.310 0.380400
2.315 0.374080
2.320 0.363880
2.325 0.350990
2.330 0.336380
2.335 0.324240
2.340 0.319470
2.345 0.325930
2.350 0.342070
2.355 0.367130
2.360 0.398090
2.365 0.427650
2.370 0.445380
2.375 0.457360
2.380 0.466230
2.385 0.471460
2.390 0.472320
2.395 0.469510
2.400 0.465910
2.405 0.464920
2.410 0.463480
2.415 0.459380
2.420 0.453240
2.425 0.445920
2.430 0.436880
2.435 0.427850
2.440 0.418830
2.445 0.409120
2.450 0.400100
2.455 0.388500
2.460 0.374300
2.465 0.358750
2.470 0.341750
2.475 0.324080
2.480 0.310500
2.485 0.299630
2.490 0.292330
2.495 0.287490
2.500 0.283340
