0.350 0.033011
0.355 0.036312
0.360 0.039613
0.365 0.042914
0.370 0.046215
0.375 0.049516
0.380 0.052817
0.385 0.056118
0.390 0.059419
0.395 0.062720
0.400 0.066021
0.405 0.067882
0.410 0.071323
0.415 0.076318
0.420 0.083185
0.425 0.091595
0.430 0.100420
0.435 0.110050
0.440 0.118370
0.445 0.127140
0.450 0.136260
0.455 0.144060
0.460 0.151740
0.465 0.159080
0.470 0.166510
0.475 0.171970
0.480 0.177860
0.485 0.182600
0.490 0.187600
0.495 0.194030
0.500 0.199970
0.505 0.206680
0.510 0.213190
0.515 0.222890
0.520 0.233360
0.525 0.245580
0.530 0.256460
0.535 0.266120
0.540 0.271620
0.545 0.277070
0.550 0.280360
0.555 0.284060
0.560 0.285300
0.565 0.283960
0.570 0.282450
0.575 0.280150
0.580 0.277280
0.585 0.276280
0.590 0.274210
0.595 0.274080
0.600 0.273440
0.605 0.271830
0.610 0.269600
0.615 0.267110
0.620 0.265930
0.625 0.264960
0.630 0.266310
0.635 0.267210
0.640 0.266840
0.645 0.265800
0.650 0.262270
0.655 0.260190
0.660 0.257590
0.665 0.251290
0.670 0.249020
0.675 0.246450
0.680 0.246910
0.685 0.249940
0.690 0.259230
0.695 0.276980
0.700 0.305940
0.705 0.335320
0.710 0.368040
0.715 0.405890
0.720 0.445570
0.725 0.486340
0.730 0.522720
0.735 0.554530
0.740 0.579330
0.745 0.596590
0.750 0.609230
0.755 0.617920
0.760 0.625020
0.765 0.628400
0.770 0.631100
0.775 0.634300
0.780 0.637320
0.785 0.637960
0.790 0.640040
0.795 0.641060
0.800 0.642770
0.805 0.643150
0.810 0.644510
0.815 0.645600
0.820 0.645990
0.825 0.645760
0.830 0.645870
0.835 0.646240
0.840 0.645020
0.845 0.645410
0.850 0.648220
0.855 0.650020
0.860 0.650860
0.865 0.651540
0.870 0.651680
0.875 0.650620
0.880 0.649310
0.885 0.649640
0.890 0.651550
0.895 0.651870
0.900 0.648930
0.905 0.645590
0.910 0.643760
0.915 0.643600
0.920 0.644830
0.925 0.644830
0.930 0.641900
0.935 0.637500
0.940 0.632060
0.945 0.624980
0.950 0.617200
0.955 0.609430
0.960 0.600660
0.965 0.593770
0.970 0.592590
0.975 0.594130
0.980 0.592640
0.985 0.592040
0.990 0.594400
0.995 0.596920
1.000 0.599180
1.005 0.604400
1.010 0.605770
1.015 0.610400
1.020 0.617300
1.025 0.621340
1.030 0.624610
1.035 0.626950
1.040 0.629640
1.045 0.631800
1.050 0.634770
1.055 0.638400
1.060 0.638870
1.065 0.639870
1.070 0.640560
1.075 0.641520
1.080 0.640210
1.085 0.638190
1.090 0.639180
1.095 0.637260
1.100 0.634070
1.105 0.631360
1.110 0.630360
1.115 0.627420
1.120 0.623130
1.125 0.620260
1.130 0.613290
1.135 0.599870
1.140 0.580390
1.145 0.558240
1.150 0.538600
1.155 0.525660
1.160 0.518080
1.165 0.512540
1.170 0.509710
1.175 0.508640
1.180 0.506570
1.185 0.505230
1.190 0.504680
1.195 0.503740
1.200 0.503270
1.205 0.501020
1.210 0.504260
1.215 0.505270
1.220 0.507670
1.225 0.510440
1.230 0.513350
1.235 0.514940
1.240 0.517530
1.245 0.519140
1.250 0.521200
1.255 0.523340
1.260 0.523930
1.265 0.525710
1.270 0.526640
1.275 0.524140
1.280 0.522780
1.285 0.521750
1.290 0.518590
1.295 0.513130
1.300 0.507940
1.305 0.500170
1.310 0.490950
1.315 0.481560
1.320 0.469820
1.325 0.456750
1.330 0.441600
1.335 0.427180
1.340 0.413800
1.345 0.402050
1.350 0.391350
1.355 0.382530
1.360 0.373450
1.365 0.362620
1.370 0.351840
1.375 0.333400
1.380 0.311260
1.385 0.280450
1.390 0.248890
1.395 0.219680
1.400 0.191290
1.405 0.171470
1.410 0.158080
1.415 0.148420
1.420 0.141170
1.425 0.136340
1.430 0.133870
1.435 0.131450
1.440 0.129530
1.445 0.129340
1.450 0.129760
1.455 0.128970
1.460 0.128080
1.465 0.128720
1.470 0.131590
1.475 0.134820
1.480 0.135400
1.485 0.139110
1.490 0.143670
1.495 0.151310
1.500 0.152290
1.505 0.157350
1.510 0.165200
1.515 0.169040
1.520 0.174910
1.525 0.181540
1.530 0.185810
1.535 0.191020
1.540 0.198170
1.545 0.204750
1.550 0.209280
1.555 0.215670
1.560 0.221200
1.565 0.224260
1.570 0.229790
1.575 0.234450
1.580 0.239070
1.585 0.244050
1.590 0.248090
1.595 0.251060
1.600 0.254980
1.605 0.260340
1.610 0.263130
1.615 0.264550
1.620 0.266790
1.625 0.270650
1.630 0.273550
1.635 0.275200
1.640 0.276780
1.645 0.279350
1.650 0.282160
1.655 0.283690
1.660 0.283070
1.665 0.282940
1.670 0.283160
1.675 0.282810
1.680 0.282680
1.685 0.283070
1.690 0.283450
1.695 0.281470
1.700 0.278530
1.705 0.277790
1.710 0.275680
1.715 0.271380
1.720 0.269080
1.725 0.266670
1.730 0.261710
1.735 0.257120
1.740 0.254230
1.745 0.252780
1.750 0.249660
1.755 0.245010
1.760 0.243630
1.765 0.240470
1.770 0.231530
1.775 0.226270
1.780 0.225430
1.785 0.224260
1.790 0.223390
1.795 0.223200
1.800 0.222460
1.805 0.221850
1.810 0.222480
1.815 0.223140
1.820 0.222490
1.825 0.220980
1.830 0.219010
1.835 0.217110
1.840 0.215430
1.845 0.212150
1.850 0.205040
1.855 0.195420
1.860 0.184050
1.865 0.170800
1.870 0.154900
1.875 0.137490
1.880 0.119620
1.885 0.103520
1.890 0.091786
1.895 0.083477
1.900 0.078300
1.905 0.074988
1.910 0.072931
1.915 0.071676
1.920 0.071060
1.925 0.070461
1.930 0.069447
1.935 0.068988
1.940 0.070020
1.945 0.070648
1.950 0.069109
1.955 0.068096
1.960 0.070264
1.965 0.072409
1.970 0.071347
1.975 0.069903
1.980 0.071025
1.985 0.073164
1.990 0.074701
1.995 0.075833
2.000 0.076884
2.005 0.077972
2.010 0.079175
2.015 0.080507
2.020 0.081953
2.025 0.083126
2.030 0.083738
2.035 0.085007
2.040 0.088222
2.045 0.092022
2.050 0.094939
2.055 0.096272
2.060 0.095354
2.065 0.094525
2.070 0.096078
2.075 0.098831
2.080 0.101590
2.085 0.103890
2.090 0.105370
2.095 0.106750
2.100 0.108680
2.105 0.110710
2.110 0.112390
2.115 0.114290
2.120 0.116910
2.125 0.119000
2.130 0.119310
2.135 0.119590
2.140 0.121550
2.145 0.123780
2.150 0.124840
2.155 0.125730
2.160 0.127500
2.165 0.129310
2.170 0.130320
2.175 0.131230
2.180 0.132640
2.185 0.133000
2.190 0.130780
2.195 0.129230
2.200 0.131560
2.205 0.134460
2.210 0.134590
2.215 0.133490
2.220 0.132710
2.225 0.131820
2.230 0.130340
2.235 0.129640
2.240 0.131040
2.245 0.131800
2.250 0.129180
2.255 0.126040
2.260 0.125150
2.265 0.124470
2.270 0.121790
2.275 0.118260
2.280 0.115110
2.285 0.112600
2.290 0.111000
2.295 0.109980
2.300 0.109280
2.305 0.108300
2.310 0.106480
2.315 0.104460
2.320 0.102820
2.325 0.100920
2.330 0.098028
2.335 0.094915
2.340 0.092364
2.345 0.090370
2.350 0.088909
2.355 0.087393
2.360 0.085327
2.365 0.083398
2.370 0.082307
2.375 0.081340
2.380 0.079775
2.385 0.077971
2.390 0.076361
2.395 0.074928
2.400 0.073554
2.405 0.072192
2.410 0.070843
2.415 0.069534
2.420 0.068330
2.425 0.067243
2.430 0.066207
2.435 0.065189
2.440 0.064178
2.445 0.063171
2.450 0.062166
2.455 0.061168
2.460 0.060185
2.465 0.059241
2.470 0.058381
2.475 0.057581
2.480 0.056808
2.485 0.056057
2.490 0.055345
2.495 0.054733
2.500 0.054330
