0.350 0.019114
0.355 0.021026
0.360 0.022937
0.365 0.024849
0.370 0.026760
0.375 0.028672
0.380 0.030583
0.385 0.032495
0.390 0.034406
0.395 0.036318
0.400 0.038229
0.405 0.038573
0.410 0.038887
0.415 0.039155
0.420 0.039397
0.425 0.039770
0.430 0.040140
0.435 0.040307
0.440 0.040597
0.445 0.040850
0.450 0.041194
0.455 0.041419
0.460 0.041790
0.465 0.042029
0.470 0.042327
0.475 0.042642
0.480 0.042894
0.485 0.043180
0.490 0.043485
0.495 0.043811
0.500 0.045412
0.505 0.048230
0.510 0.053314
0.515 0.060865
0.520 0.071183
0.525 0.082674
0.530 0.092914
0.535 0.100670
0.540 0.105280
0.545 0.108660
0.550 0.110220
0.555 0.111230
0.560 0.109750
0.565 0.105980
0.570 0.100240
0.575 0.093275
0.580 0.086963
0.585 0.082781
0.590 0.078833
0.595 0.076307
0.600 0.074901
0.605 0.073174
0.610 0.071235
0.615 0.068845
0.620 0.065917
0.625 0.063937
0.630 0.062904
0.635 0.061794
0.640 0.059500
0.645 0.055913
0.650 0.052120
0.655 0.050203
0.660 0.048720
0.665 0.046795
0.670 0.045080
0.675 0.044447
0.680 0.044890
0.685 0.049086
0.690 0.056244
0.695 0.073479
0.700 0.098682
0.705 0.132910
0.710 0.171970
0.715 0.210210
0.720 0.250360
0.725 0.292870
0.730 0.332830
0.735 0.369330
0.740 0.399140
0.745 0.425610
0.750 0.443850
0.755 0.456190
0.760 0.463230
0.765 0.468590
0.770 0.472910
0.775 0.475390
0.780 0.476520
0.785 0.478380
0.790 0.480160
0.795 0.481950
0.800 0.484320
0.805 0.485980
0.810 0.487210
0.815 0.488190
0.820 0.489090
0.825 0.490060
0.830 0.491130
0.835 0.492320
0.840 0.493660
0.845 0.495150
0.850 0.496720
0.855 0.498280
0.860 0.499740
0.865 0.501030
0.870 0.502180
0.875 0.503220
0.880 0.504200
0.885 0.505150
0.890 0.506070
0.895 0.506990
0.900 0.507900
0.905 0.508800
0.910 0.509620
0.915 0.510250
0.920 0.510610
0.925 0.510590
0.930 0.510110
0.935 0.509100
0.940 0.507440
0.945 0.505110
0.950 0.502400
0.955 0.499710
0.960 0.497420
0.965 0.495850
0.970 0.494980
0.975 0.494770
0.980 0.495160
0.985 0.496120
0.990 0.497530
0.995 0.499240
1.000 0.501150
1.005 0.503150
1.010 0.505210
1.015 0.507310
1.020 0.509450
1.025 0.511610
1.030 0.513780
1.035 0.515960
1.040 0.518130
1.045 0.520260
1.050 0.522220
1.055 0.523820
1.060 0.524870
1.065 0.525250
1.070 0.525100
1.075 0.524650
1.080 0.524110
1.085 0.523630
1.090 0.523210
1.095 0.522820
1.100 0.522430
1.105 0.521980
1.110 0.521310
1.115 0.520250
1.120 0.518590
1.125 0.516150
1.130 0.512880
1.135 0.508760
1.140 0.503720
1.145 0.497770
1.150 0.491320
1.155 0.484880
1.160 0.478960
1.165 0.473990
1.170 0.470040
1.175 0.467110
1.180 0.465240
1.185 0.464470
1.190 0.464620
1.195 0.465480
1.200 0.466880
1.205 0.468690
1.210 0.470870
1.215 0.473420
1.220 0.476350
1.225 0.479610
1.230 0.482910
1.235 0.485870
1.240 0.488120
1.245 0.489370
1.250 0.489800
1.255 0.489670
1.260 0.489220
1.265 0.488640
1.270 0.487920
1.275 0.487000
1.280 0.485810
1.285 0.484280
1.290 0.482290
1.295 0.479710
1.300 0.476400
1.305 0.472200
1.310 0.467050
1.315 0.460880
1.320 0.453590
1.325 0.445160
1.330 0.436150
1.335 0.427200
1.340 0.419000
1.345 0.411950
1.350 0.405350
1.355 0.398210
1.360 0.389550
1.365 0.378480
1.370 0.364700
1.375 0.347990
1.380 0.328010
1.385 0.304690
1.390 0.279490
1.395 0.254180
1.400 0.230550
1.405 0.210080
1.410 0.192900
1.415 0.178910
1.420 0.168140
1.425 0.160550
1.430 0.155460
1.435 0.152090
1.440 0.149750
1.445 0.147900
1.450 0.146600
1.455 0.146050
1.460 0.146480
1.465 0.148080
1.470 0.150710
1.475 0.154180
1.480 0.158320
1.485 0.163020
1.490 0.168200
1.495 0.173800
1.500 0.179800
1.505 0.186150
1.510 0.192740
1.515 0.199450
1.520 0.206170
1.525 0.212790
1.530 0.219260
1.535 0.225510
1.540 0.231500
1.545 0.237190
1.550 0.242700
1.555 0.248190
1.560 0.253810
1.565 0.259650
1.570 0.265550
1.575 0.271260
1.580 0.276550
1.585 0.281220
1.590 0.285390
1.595 0.289220
1.600 0.292850
1.605 0.296410
1.610 0.299910
1.615 0.303350
1.620 0.306740
1.625 0.310030
1.630 0.313120
1.635 0.315860
1.640 0.318080
1.645 0.319680
1.650 0.320820
1.655 0.321720
1.660 0.322570
1.665 0.323520
1.670 0.324480
1.675 0.325290
1.680 0.325790
1.685 0.325850
1.690 0.325460
1.695 0.324620
1.700 0.323320
1.705 0.321560
1.710 0.319490
1.715 0.317250
1.720 0.315010
1.725 0.312850
1.730 0.310590
1.735 0.307990
1.740 0.304800
1.745 0.300850
1.750 0.296440
1.755 0.291940
1.760 0.287740
1.765 0.284170
1.770 0.281280
1.775 0.279100
1.780 0.277680
1.785 0.277020
1.790 0.276830
1.795 0.276770
1.800 0.276500
1.805 0.275750
1.810 0.274550
1.815 0.273030
1.820 0.271270
1.825 0.269290
1.830 0.266770
1.835 0.263340
1.840 0.258530
1.845 0.251890
1.850 0.242960
1.855 0.231230
1.860 0.216050
1.865 0.197110
1.870 0.175760
1.875 0.153690
1.880 0.132580
1.885 0.113820
1.890 0.097601
1.895 0.083926
1.900 0.072879
1.905 0.064519
1.910 0.058466
1.915 0.054296
1.920 0.051658
1.925 0.050254
1.930 0.049782
1.935 0.049966
1.940 0.050554
1.945 0.051362
1.950 0.052408
1.955 0.053770
1.960 0.055539
1.965 0.057762
1.970 0.060265
1.975 0.062825
1.980 0.065224
1.985 0.067319
1.990 0.069297
1.995 0.071424
2.000 0.073972
2.005 0.077121
2.010 0.080638
2.015 0.084196
2.020 0.087469
2.025 0.090221
2.030 0.092598
2.035 0.094833
2.040 0.097152
2.045 0.099737
2.050 0.102590
2.055 0.105680
2.060 0.108980
2.065 0.112460
2.070 0.116040
2.075 0.119640
2.080 0.123150
2.085 0.126520
2.090 0.129780
2.095 0.133000
2.100 0.136240
2.105 0.139530
2.110 0.142790
2.115 0.145920
2.120 0.148810
2.125 0.151360
2.130 0.153630
2.135 0.155690
2.140 0.157600
2.145 0.159410
2.150 0.161130
2.155 0.162760
2.160 0.164310
2.165 0.165760
2.170 0.167060
2.175 0.168170
2.180 0.169020
2.185 0.169580
2.190 0.169960
2.195 0.170350
2.200 0.170900
2.205 0.171710
2.210 0.172630
2.215 0.173420
2.220 0.173870
2.225 0.173790
2.230 0.173220
2.235 0.172240
2.240 0.170910
2.245 0.169290
2.250 0.167470
2.255 0.165530
2.260 0.163560
2.265 0.161630
2.270 0.159710
2.275 0.157750
2.280 0.155720
2.285 0.153570
2.290 0.151270
2.295 0.148790
2.300 0.146090
2.305 0.143160
2.310 0.140080
2.315 0.136950
2.320 0.133890
2.325 0.130990
2.330 0.128300
2.335 0.125890
2.340 0.123820
2.345 0.122120
2.350 0.120590
2.355 0.118980
2.360 0.117040
2.365 0.114600
2.370 0.111810
2.375 0.108930
2.380 0.106180
2.385 0.103740
2.390 0.101520
2.395 0.099361
2.400 0.097125
2.405 0.094708
2.410 0.092207
2.415 0.089766
2.420 0.087530
2.425 0.085587
2.430 0.083766
2.435 0.081835
2.440 0.079555
2.445 0.076773
2.450 0.073703
2.455 0.070647
2.460 0.067907
2.465 0.065728
2.470 0.064107
2.475 0.062994
2.480 0.062360
2.485 0.062159
2.490 0.062216
2.495 0.062328
2.500 0.062297
