0.350 0.034200
0.355 0.034453
0.360 0.034800
0.365 0.035163
0.370 0.035500
0.375 0.035793
0.380 0.036300
0.385 0.036810
0.390 0.037200
0.395 0.037698
0.400 0.038100
0.405 0.038600
0.410 0.039100
0.415 0.039503
0.420 0.040000
0.425 0.040613
0.430 0.041200
0.435 0.041804
0.440 0.042500
0.445 0.043151
0.450 0.043800
0.455 0.044421
0.460 0.044800
0.465 0.045154
0.470 0.045600
0.475 0.046002
0.480 0.046500
0.485 0.047302
0.490 0.048200
0.495 0.049011
0.500 0.049700
0.505 0.050440
0.510 0.051300
0.515 0.052291
0.520 0.053500
0.525 0.054943
0.530 0.056700
0.535 0.059083
0.540 0.062000
0.545 0.065859
0.550 0.070900
0.555 0.077275
0.560 0.085000
0.565 0.094370
0.570 0.104800
0.575 0.116250
0.580 0.127900
0.585 0.139370
0.590 0.149900
0.595 0.159120
0.600 0.166800
0.605 0.173120
0.610 0.178100
0.615 0.182010
0.620 0.185100
0.625 0.187700
0.630 0.189900
0.635 0.192110
0.640 0.194200
0.645 0.196290
0.650 0.198600
0.655 0.201090
0.660 0.203800
0.665 0.206750
0.670 0.209800
0.675 0.213300
0.680 0.216900
0.685 0.220800
0.690 0.224900
0.695 0.229130
0.700 0.233600
0.705 0.238250
0.710 0.242900
0.715 0.247510
0.720 0.251900
0.725 0.256250
0.730 0.260200
0.735 0.263850
0.740 0.267100
0.745 0.269760
0.750 0.271900
0.755 0.273510
0.760 0.274500
0.765 0.275160
0.770 0.275200
0.775 0.274890
0.780 0.274200
0.785 0.273200
0.790 0.271800
0.795 0.270250
0.800 0.268500
0.805 0.266650
0.810 0.264690
0.815 0.262680
0.820 0.260700
0.825 0.258810
0.830 0.257020
0.835 0.255380
0.840 0.253900
0.845 0.252620
0.850 0.251560
0.855 0.250740
0.860 0.250200
0.865 0.249970
0.870 0.250060
0.875 0.250500
0.880 0.251300
0.885 0.252500
0.890 0.254020
0.895 0.255780
0.900 0.257700
0.905 0.259740
0.910 0.261940
0.915 0.264370
0.920 0.267100
0.925 0.270210
0.930 0.273680
0.935 0.277480
0.940 0.281600
0.945 0.286030
0.950 0.290760
0.955 0.295780
0.960 0.301100
0.965 0.306730
0.970 0.312620
0.975 0.318720
0.980 0.325000
0.985 0.331420
0.990 0.337960
0.995 0.344590
1.000 0.351300
1.005 0.358060
1.010 0.364840
1.015 0.371600
1.020 0.378300
1.025 0.384900
1.030 0.391390
1.035 0.397760
1.040 0.404000
1.045 0.410100
1.050 0.416050
1.055 0.421850
1.060 0.427500
1.065 0.432980
1.070 0.438330
1.075 0.443560
1.080 0.448700
1.085 0.453760
1.090 0.458750
1.095 0.463630
1.100 0.468400
1.105 0.473040
1.110 0.477550
1.115 0.481940
1.120 0.486200
1.125 0.490330
1.130 0.494330
1.135 0.498190
1.140 0.501900
1.145 0.505450
1.150 0.508850
1.155 0.512130
1.160 0.515300
1.165 0.518370
1.170 0.521300
1.175 0.524060
1.180 0.526600
1.185 0.528870
1.190 0.530940
1.195 0.532860
1.200 0.534700
1.205 0.536500
1.210 0.538250
1.215 0.539920
1.220 0.541500
1.225 0.542950
1.230 0.544300
1.235 0.545580
1.240 0.546800
1.245 0.547980
1.250 0.549120
1.255 0.550200
1.260 0.551200
1.265 0.552110
1.270 0.552940
1.275 0.553700
1.280 0.554400
1.285 0.555050
1.290 0.555650
1.295 0.556200
1.300 0.556700
1.305 0.557150
1.310 0.557550
1.315 0.557900
1.320 0.558200
1.325 0.558450
1.330 0.558650
1.335 0.558800
1.340 0.558900
1.345 0.558960
1.350 0.558980
1.355 0.558990
1.360 0.559000
1.365 0.559000
1.370 0.558950
1.375 0.558740
1.380 0.558300
1.385 0.557560
1.390 0.556600
1.395 0.555520
1.400 0.554400
1.405 0.553350
1.410 0.552490
1.415 0.551990
1.420 0.552000
1.425 0.552640
1.430 0.553700
1.435 0.554900
1.440 0.556000
1.445 0.556780
1.450 0.557310
1.455 0.557680
1.460 0.558000
1.465 0.558350
1.470 0.558730
1.475 0.559120
1.480 0.559500
1.485 0.559860
1.490 0.560200
1.495 0.560510
1.500 0.560800
1.505 0.561060
1.510 0.561300
1.515 0.561510
1.520 0.561700
1.525 0.561860
1.530 0.562010
1.535 0.562150
1.540 0.562300
1.545 0.562470
1.550 0.562660
1.555 0.562870
1.560 0.563100
1.565 0.563340
1.570 0.563590
1.575 0.563850
1.580 0.564100
1.585 0.564340
1.590 0.564590
1.595 0.564840
1.600 0.565100
1.605 0.565380
1.610 0.565680
1.615 0.565990
1.620 0.566300
1.625 0.566610
1.630 0.566900
1.635 0.567170
1.640 0.567400
1.645 0.567580
1.650 0.567710
1.655 0.567790
1.660 0.567800
1.665 0.567760
1.670 0.567690
1.675 0.567660
1.680 0.567700
1.685 0.567860
1.690 0.568110
1.695 0.568400
1.700 0.568700
1.705 0.568960
1.710 0.569170
1.715 0.569290
1.720 0.569300
1.725 0.569180
1.730 0.568960
1.735 0.568660
1.740 0.568300
1.745 0.567920
1.750 0.567530
1.755 0.567180
1.760 0.566900
1.765 0.566710
1.770 0.566580
1.775 0.566490
1.780 0.566400
1.785 0.566300
1.790 0.566170
1.795 0.566000
1.800 0.565800
1.805 0.565550
1.810 0.565270
1.815 0.564950
1.820 0.564600
1.825 0.564220
1.830 0.563790
1.835 0.563290
1.840 0.562700
1.845 0.562010
1.850 0.561330
1.855 0.560810
1.860 0.560600
1.865 0.560640
1.870 0.560000
1.875 0.557510
1.880 0.551900
1.885 0.542390
1.890 0.530660
1.895 0.518930
1.900 0.509400
1.905 0.503810
1.910 0.501720
1.915 0.502260
1.920 0.504700
1.925 0.508390
1.930 0.512820
1.935 0.517510
1.940 0.522000
1.945 0.525920
1.950 0.529320
1.955 0.532310
1.960 0.535000
1.965 0.537480
1.970 0.539820
1.975 0.542110
1.980 0.544400
1.985 0.546750
1.990 0.549090
1.995 0.551330
2.000 0.553400
2.005 0.555210
2.010 0.556750
2.015 0.558020
2.020 0.559000
2.025 0.559690
2.030 0.560140
2.035 0.560420
2.040 0.560600
2.045 0.560720
2.050 0.560800
2.055 0.560850
2.060 0.560900
2.065 0.560950
2.070 0.561020
2.075 0.561130
2.080 0.561300
2.085 0.561560
2.090 0.561890
2.095 0.562310
2.100 0.562800
2.105 0.563360
2.110 0.563950
2.115 0.564520
2.120 0.565000
2.125 0.565350
2.130 0.565550
2.135 0.565580
2.140 0.565400
2.145 0.565000
2.150 0.564440
2.155 0.563820
2.160 0.563200
2.165 0.562660
2.170 0.562190
2.175 0.561770
2.180 0.561400
2.185 0.561060
2.190 0.560710
2.195 0.560340
2.200 0.559900
2.205 0.559380
2.210 0.558840
2.215 0.558350
2.220 0.558000
2.225 0.557850
2.230 0.557870
2.235 0.558030
2.240 0.558300
2.245 0.558650
2.250 0.559050
2.255 0.559500
2.260 0.559990
2.265 0.560490
2.270 0.560990
2.275 0.561480
2.280 0.561940
2.285 0.562340
2.290 0.562610
2.295 0.562690
2.300 0.562460
2.305 0.561890
2.310 0.561140
2.315 0.560410
2.320 0.559930
2.325 0.559830
2.330 0.559940
2.335 0.560010
2.340 0.559790
2.345 0.559090
2.350 0.558090
2.355 0.557020
2.360 0.556140
2.365 0.555580
2.370 0.555120
2.375 0.554420
2.380 0.553140
2.385 0.551050
2.390 0.548380
2.395 0.545480
2.400 0.542670
2.405 0.540200
2.410 0.537910
2.415 0.535560
2.420 0.532890
2.425 0.529750
2.430 0.526340
2.435 0.522970
2.440 0.519940
2.445 0.517460
2.450 0.515340
2.455 0.513310
2.460 0.511110
2.465 0.508560
2.470 0.505830
2.475 0.503210
2.480 0.500960
2.485 0.499280
2.490 0.498000
2.495 0.496880
2.500 0.495660
