0.350 0.004365
0.355 0.004801
0.360 0.005238
0.365 0.005674
0.370 0.006111
0.375 0.006547
0.380 0.006984
0.385 0.007420
0.390 0.007857
0.395 0.008293
0.400 0.008730
0.405 0.011863
0.410 0.016690
0.415 0.023680
0.420 0.031004
0.425 0.035950
0.430 0.043909
0.435 0.048130
0.440 0.056341
0.445 0.058167
0.450 0.066210
0.455 0.072456
0.460 0.073510
0.465 0.078291
0.470 0.081879
0.475 0.085132
0.480 0.089428
0.485 0.095216
0.490 0.100270
0.495 0.104940
0.500 0.107920
0.505 0.115360
0.510 0.122030
0.515 0.130090
0.520 0.135130
0.525 0.139290
0.530 0.147080
0.535 0.154320
0.540 0.161260
0.545 0.167640
0.550 0.173440
0.555 0.181630
0.560 0.196000
0.565 0.206000
0.570 0.208720
0.575 0.216850
0.580 0.219960
0.585 0.227140
0.590 0.232810
0.595 0.238030
0.600 0.238490
0.605 0.240940
0.610 0.246750
0.615 0.254270
0.620 0.260480
0.625 0.260960
0.630 0.268630
0.635 0.274970
0.640 0.272500
0.645 0.273710
0.650 0.280970
0.655 0.287680
0.660 0.285320
0.665 0.291420
0.670 0.293170
0.675 0.294480
0.680 0.301370
0.685 0.302450
0.690 0.306060
0.695 0.309670
0.700 0.312480
0.705 0.314940
0.710 0.320600
0.715 0.322800
0.720 0.327910
0.725 0.326580
0.730 0.330740
0.735 0.333150
0.740 0.338420
0.745 0.339520
0.750 0.344620
0.755 0.344480
0.760 0.344270
0.765 0.349410
0.770 0.350710
0.775 0.355320
0.780 0.356790
0.785 0.358060
0.790 0.359950
0.795 0.362700
0.800 0.360410
0.805 0.361250
0.810 0.360380
0.815 0.360730
0.820 0.362790
0.825 0.363990
0.830 0.364330
0.835 0.363720
0.840 0.364790
0.845 0.367650
0.850 0.366540
0.855 0.365860
0.860 0.367150
0.865 0.369690
0.870 0.368820
0.875 0.367450
0.880 0.370170
0.885 0.370610
0.890 0.370300
0.895 0.371510
0.900 0.374850
0.905 0.376240
0.910 0.376400
0.915 0.376090
0.920 0.376240
0.925 0.380380
0.930 0.381200
0.935 0.380710
0.940 0.385430
0.945 0.386610
0.950 0.387580
0.955 0.387850
0.960 0.387640
0.965 0.388830
0.970 0.388970
0.975 0.389100
0.980 0.393590
0.985 0.394080
0.990 0.393970
0.995 0.395500
1.000 0.399050
1.005 0.398570
1.010 0.400340
1.015 0.404140
1.020 0.404450
1.025 0.404410
1.030 0.404740
1.035 0.401810
1.040 0.403220
1.045 0.407070
1.050 0.408590
1.055 0.408730
1.060 0.410420
1.065 0.414290
1.070 0.415910
1.075 0.413270
1.080 0.412860
1.085 0.416330
1.090 0.418070
1.095 0.417610
1.100 0.419200
1.105 0.418610
1.110 0.420310
1.115 0.421750
1.120 0.424270
1.125 0.426020
1.130 0.425650
1.135 0.425600
1.140 0.426170
1.145 0.425730
1.150 0.426210
1.155 0.427080
1.160 0.428390
1.165 0.429840
1.170 0.430280
1.175 0.430520
1.180 0.433550
1.185 0.434170
1.190 0.435880
1.195 0.435620
1.200 0.436450
1.205 0.439190
1.210 0.440030
1.215 0.439710
1.220 0.444350
1.225 0.449270
1.230 0.451110
1.235 0.449970
1.240 0.445750
1.245 0.450100
1.250 0.450650
1.255 0.450610
1.260 0.452690
1.265 0.448260
1.270 0.446630
1.275 0.449340
1.280 0.453740
1.285 0.454290
1.290 0.455720
1.295 0.455480
1.300 0.455420
1.305 0.459230
1.310 0.462910
1.315 0.464480
1.320 0.463690
1.325 0.464080
1.330 0.464190
1.335 0.463790
1.340 0.463740
1.345 0.464380
1.350 0.465010
1.355 0.466560
1.360 0.463330
1.365 0.461980
1.370 0.460270
1.375 0.458370
1.380 0.455590
1.385 0.452910
1.390 0.453690
1.395 0.452580
1.400 0.447010
1.405 0.448380
1.410 0.449770
1.415 0.450780
1.420 0.455360
1.425 0.458370
1.430 0.459110
1.435 0.460020
1.440 0.460780
1.445 0.460520
1.450 0.460950
1.455 0.460630
1.460 0.461080
1.465 0.460820
1.470 0.460640
1.475 0.461570
1.480 0.467080
1.485 0.469220
1.490 0.471620
1.495 0.472990
1.500 0.467040
1.505 0.469670
1.510 0.472420
1.515 0.474980
1.520 0.479500
1.525 0.477640
1.530 0.476570
1.535 0.476840
1.540 0.480340
1.545 0.477800
1.550 0.477990
1.555 0.480180
1.560 0.480980
1.565 0.485790
1.570 0.486520
1.575 0.486320
1.580 0.485210
1.585 0.483010
1.590 0.481520
1.595 0.480990
1.600 0.481520
1.605 0.480640
1.610 0.479860
1.615 0.480450
1.620 0.486120
1.625 0.484420
1.630 0.486980
1.635 0.490740
1.640 0.488000
1.645 0.483940
1.650 0.483570
1.655 0.486390
1.660 0.488190
1.665 0.490010
1.670 0.486770
1.675 0.484660
1.680 0.487200
1.685 0.490130
1.690 0.490300
1.695 0.490160
1.700 0.489660
1.705 0.490030
1.710 0.490690
1.715 0.490300
1.720 0.491310
1.725 0.490650
1.730 0.489930
1.735 0.488270
1.740 0.488070
1.745 0.486760
1.750 0.487770
1.755 0.488350
1.760 0.485930
1.765 0.486860
1.770 0.487100
1.775 0.488050
1.780 0.491530
1.785 0.492190
1.790 0.490450
1.795 0.488330
1.800 0.488590
1.805 0.490450
1.810 0.490450
1.815 0.491250
1.820 0.489320
1.825 0.488080
1.830 0.487690
1.835 0.488500
1.840 0.489480
1.845 0.488600
1.850 0.488990
1.855 0.488720
1.860 0.488640
1.865 0.480800
1.870 0.475250
1.875 0.469370
1.880 0.462950
1.885 0.454520
1.890 0.444890
1.895 0.433440
1.900 0.418910
1.905 0.412030
1.910 0.411330
1.915 0.411230
1.920 0.410400
1.925 0.417050
1.930 0.419890
1.935 0.422850
1.940 0.428650
1.945 0.430220
1.950 0.432390
1.955 0.432660
1.960 0.432640
1.965 0.434670
1.970 0.437040
1.975 0.439710
1.980 0.442490
1.985 0.447810
1.990 0.451840
1.995 0.455300
2.000 0.457200
2.005 0.455620
2.010 0.455900
2.015 0.457400
2.020 0.460540
2.025 0.459100
2.030 0.459410
2.035 0.460170
2.040 0.463750
2.045 0.465050
2.050 0.465550
2.055 0.465870
2.060 0.467730
2.065 0.469100
2.070 0.468890
2.075 0.468920
2.080 0.469050
2.085 0.468310
2.090 0.469760
2.095 0.467880
2.100 0.469540
2.105 0.469180
2.110 0.469280
2.115 0.467630
2.120 0.469110
2.125 0.466480
2.130 0.468620
2.135 0.465520
2.140 0.466850
2.145 0.465190
2.150 0.465910
2.155 0.463560
2.160 0.462650
2.165 0.460130
2.170 0.458830
2.175 0.456640
2.180 0.453660
2.185 0.449510
2.190 0.447100
2.195 0.445230
2.200 0.441490
2.205 0.440240
2.210 0.440800
2.215 0.441960
2.220 0.445770
2.225 0.448420
2.230 0.448780
2.235 0.449750
2.240 0.449490
2.245 0.449600
2.250 0.448910
2.255 0.449350
2.260 0.449820
2.265 0.450420
2.270 0.450710
2.275 0.450440
2.280 0.449210
2.285 0.449030
2.290 0.448440
2.295 0.447790
2.300 0.445420
2.305 0.445140
2.310 0.442370
2.315 0.443450
2.320 0.442380
2.325 0.440610
2.330 0.439100
2.335 0.436960
2.340 0.435370
2.345 0.433070
2.350 0.432240
2.355 0.431540
2.360 0.431430
2.365 0.432180
2.370 0.430690
2.375 0.430350
2.380 0.428280
2.385 0.427950
2.390 0.426900
2.395 0.426060
2.400 0.422440
2.405 0.421400
2.410 0.419030
2.415 0.417250
2.420 0.415050
2.425 0.413200
2.430 0.410180
2.435 0.407230
2.440 0.405480
2.445 0.402230
2.450 0.400510
2.455 0.399410
2.460 0.396990
2.465 0.395610
2.470 0.394600
2.475 0.391650
2.480 0.390540
2.485 0.388830
2.490 0.387580
2.495 0.385150
2.500 0.384040
