0.350 0.961360
0.355 0.962190
0.360 0.963010
0.365 0.963840
0.370 0.964660
0.375 0.965490
0.380 0.966320
0.385 0.967140
0.390 0.967970
0.395 0.968790
0.400 0.969620
0.405 0.970160
0.410 0.969960
0.415 0.972870
0.420 0.973060
0.425 0.972250
0.430 0.974230
0.435 0.974660
0.440 0.976650
0.445 0.973280
0.450 0.977200
0.455 0.977090
0.460 0.979290
0.465 0.978640
0.470 0.979020
0.475 0.978490
0.480 0.977870
0.485 0.978070
0.490 0.978050
0.495 0.977210
0.500 0.978770
0.505 0.976100
0.510 0.976640
0.515 0.975900
0.520 0.975820
0.525 0.975510
0.530 0.974750
0.535 0.973720
0.540 0.972400
0.545 0.972400
0.550 0.972040
0.555 0.971300
0.560 0.970160
0.565 0.971960
0.570 0.971360
0.575 0.972560
0.580 0.970140
0.585 0.967980
0.590 0.968630
0.595 0.966850
0.600 0.965880
0.605 0.962770
0.610 0.961800
0.615 0.958480
0.620 0.957770
0.625 0.956840
0.630 0.953630
0.635 0.953180
0.640 0.949650
0.645 0.949280
0.650 0.947130
0.655 0.945670
0.660 0.943900
0.665 0.941430
0.670 0.940400
0.675 0.930470
0.680 0.937720
0.685 0.935540
0.690 0.934180
0.695 0.931490
0.700 0.929000
0.705 0.922630
0.710 0.922960
0.715 0.920150
0.720 0.916640
0.725 0.914550
0.730 0.913540
0.735 0.912240
0.740 0.907460
0.745 0.906530
0.750 0.903120
0.755 0.899000
0.760 0.895200
0.765 0.890630
0.770 0.885840
0.775 0.880800
0.780 0.876600
0.785 0.866180
0.790 0.867850
0.795 0.863830
0.800 0.860180
0.805 0.857900
0.810 0.855440
0.815 0.853630
0.820 0.852430
0.825 0.852500
0.830 0.853010
0.835 0.853360
0.840 0.852360
0.845 0.847800
0.850 0.841850
0.855 0.835530
0.860 0.828540
0.865 0.819910
0.870 0.810690
0.875 0.801530
0.880 0.793290
0.885 0.787510
0.890 0.782680
0.895 0.778100
0.900 0.773930
0.905 0.770740
0.910 0.767930
0.915 0.765190
0.920 0.762460
0.925 0.759700
0.930 0.756910
0.935 0.753890
0.940 0.749770
0.945 0.742740
0.950 0.734580
0.955 0.726100
0.960 0.716990
0.965 0.706330
0.970 0.695040
0.975 0.683460
0.980 0.670850
0.985 0.655650
0.990 0.639500
0.995 0.623470
1.000 0.608970
1.005 0.598580
1.010 0.589810
1.015 0.581610
1.020 0.574940
1.025 0.572100
1.030 0.570780
1.035 0.570080
1.040 0.571240
1.045 0.577120
1.050 0.584790
1.055 0.592710
1.060 0.600210
1.065 0.606460
1.070 0.612210
1.075 0.617690
1.080 0.622260
1.085 0.624490
1.090 0.625800
1.095 0.626840
1.100 0.627290
1.105 0.626260
1.110 0.624640
1.115 0.622690
1.120 0.619590
1.125 0.613530
1.130 0.606310
1.135 0.598750
1.140 0.590470
1.145 0.580420
1.150 0.569630
1.155 0.558410
1.160 0.545580
1.165 0.528600
1.170 0.510070
1.175 0.491420
1.180 0.473760
1.185 0.458770
1.190 0.444770
1.195 0.430720
1.200 0.415390
1.205 0.396670
1.210 0.376740
1.215 0.357120
1.220 0.340440
1.225 0.331510
1.230 0.325570
1.235 0.320270
1.240 0.315480
1.245 0.311790
1.250 0.308550
1.255 0.305530
1.260 0.303300
1.265 0.303090
1.270 0.303650
1.275 0.304360
1.280 0.305110
1.285 0.305910
1.290 0.306730
1.295 0.307560
1.300 0.308370
1.305 0.309160
1.310 0.309930
1.315 0.310680
1.320 0.311360
1.325 0.311830
1.330 0.312190
1.335 0.312440
1.340 0.312110
1.345 0.310290
1.350 0.307890
1.355 0.305340
1.360 0.302540
1.365 0.299130
1.370 0.295470
1.375 0.291650
1.380 0.287190
1.385 0.281050
1.390 0.274070
1.395 0.265810
1.400 0.251350
1.405 0.220810
1.410 0.184190
1.415 0.146980
1.420 0.112590
1.425 0.086092
1.430 0.062768
1.435 0.040800
1.440 0.023123
1.445 0.016366
1.450 0.013800
1.455 0.012039
1.460 0.010524
1.465 0.009289
1.470 0.008161
1.475 0.007085
1.480 0.006185
1.485 0.005735
1.490 0.005459
1.495 0.005231
1.500 0.005088
1.505 0.005150
1.510 0.005291
1.515 0.005447
1.520 0.005607
1.525 0.005769
1.530 0.005934
1.535 0.006109
1.540 0.006337
1.545 0.006703
1.550 0.007122
1.555 0.007555
1.560 0.008011
1.565 0.008523
1.570 0.009055
1.575 0.009587
1.580 0.010098
1.585 0.010551
1.590 0.010982
1.595 0.011414
1.600 0.011871
1.605 0.012397
1.610 0.012954
1.615 0.013538
1.620 0.014246
1.625 0.015274
1.630 0.016426
1.635 0.017609
1.640 0.018839
1.645 0.020180
1.650 0.021565
1.655 0.022969
1.660 0.024425
1.665 0.026017
1.670 0.027660
1.675 0.029310
1.680 0.030950
1.685 0.032558
1.690 0.034151
1.695 0.035727
1.700 0.037228
1.705 0.038533
1.710 0.039765
1.715 0.040992
1.720 0.042260
1.725 0.043645
1.730 0.045074
1.735 0.046510
1.740 0.047941
1.745 0.049354
1.750 0.050765
1.755 0.052196
1.760 0.053746
1.765 0.055604
1.770 0.057582
1.775 0.059594
1.780 0.061669
1.785 0.063900
1.790 0.066194
1.795 0.068516
1.800 0.070924
1.805 0.073555
1.810 0.076273
1.815 0.079022
1.820 0.081850
1.825 0.084873
1.830 0.087924
1.835 0.090729
1.840 0.092146
1.845 0.089934
1.850 0.086273
1.855 0.082024
1.860 0.075987
1.865 0.065419
1.870 0.053171
1.875 0.040916
1.880 0.030307
1.885 0.024138
1.890 0.019692
1.895 0.015657
1.900 0.012170
1.905 0.009962
1.910 0.008250
1.915 0.006674
1.920 0.005351
1.925 0.004643
1.930 0.004172
1.935 0.003752
1.940 0.003376
1.945 0.003095
1.950 0.002852
1.955 0.002621
1.960 0.002420
1.965 0.002295
1.970 0.002200
1.975 0.002113
1.980 0.002043
1.985 0.002016
1.990 0.002006
1.995 0.001999
2.000 0.001998
2.005 0.002009
2.010 0.002025
2.015 0.002043
2.020 0.002068
2.025 0.002109
2.030 0.002156
2.035 0.002206
2.040 0.002263
2.045 0.002339
2.050 0.002423
2.055 0.002510
2.060 0.002606
2.065 0.002724
2.070 0.002851
2.075 0.002985
2.080 0.003143
2.085 0.003365
2.090 0.003613
2.095 0.003877
2.100 0.004207
2.105 0.004705
2.110 0.005270
2.115 0.005860
2.120 0.006527
2.125 0.007386
2.130 0.008319
2.135 0.009273
2.140 0.010261
2.145 0.011333
2.150 0.012439
2.155 0.013557
2.160 0.014709
2.165 0.015947
2.170 0.017220
2.175 0.018512
2.180 0.019866
2.185 0.021383
2.190 0.022963
2.195 0.024564
2.200 0.026207
2.205 0.027958
2.210 0.029746
2.215 0.031518
2.220 0.033166
2.225 0.034486
2.230 0.035662
2.235 0.036718
2.240 0.037251
2.245 0.036666
2.250 0.036690
2.255 0.037000
2.260 0.036275
2.265 0.035790
2.270 0.034904
2.275 0.033502
2.280 0.031961
2.285 0.030802
2.290 0.029235
2.295 0.027871
2.300 0.026438
2.305 0.025119
2.310 0.024053
2.315 0.022841
2.320 0.022009
2.325 0.021242
2.330 0.020831
2.335 0.019999
2.340 0.019632
2.345 0.018902
2.350 0.018349
2.355 0.018069
2.360 0.017607
2.365 0.017494
2.370 0.017193
2.375 0.016909
2.380 0.016965
2.385 0.016809
2.390 0.016523
2.395 0.016362
2.400 0.016208
2.405 0.015886
2.410 0.016094
2.415 0.015981
2.420 0.015881
2.425 0.015684
2.430 0.015634
2.435 0.015533
2.440 0.015235
2.445 0.015066
2.450 0.014889
2.455 0.015069
2.460 0.014844
2.465 0.014882
2.470 0.014683
2.475 0.014695
2.480 0.014491
2.485 0.014571
2.490 0.014607
2.495 0.014330
2.500 0.013882
