0.350 0.060070
0.355 0.066077
0.360 0.072084
0.365 0.078091
0.370 0.084098
0.375 0.090105
0.380 0.096112
0.385 0.102120
0.390 0.108130
0.395 0.114130
0.400 0.120140
0.405 0.121770
0.410 0.123120
0.415 0.124640
0.420 0.126360
0.425 0.128070
0.430 0.129760
0.435 0.131510
0.440 0.133400
0.445 0.135470
0.450 0.137500
0.455 0.139300
0.460 0.141120
0.465 0.143470
0.470 0.146430
0.475 0.149330
0.480 0.151630
0.485 0.153440
0.490 0.154930
0.495 0.156330
0.500 0.157830
0.505 0.159280
0.510 0.160620
0.515 0.161840
0.520 0.162950
0.525 0.163950
0.530 0.164900
0.535 0.165840
0.540 0.166720
0.545 0.167710
0.550 0.168460
0.555 0.169230
0.560 0.170020
0.565 0.170780
0.570 0.171500
0.575 0.172230
0.580 0.172940
0.585 0.173590
0.590 0.174260
0.595 0.174930
0.600 0.175580
0.605 0.176180
0.610 0.176730
0.615 0.177260
0.620 0.177790
0.625 0.178340
0.630 0.178830
0.635 0.179230
0.640 0.179620
0.645 0.180000
0.650 0.180380
0.655 0.180770
0.660 0.181160
0.665 0.181540
0.670 0.181930
0.675 0.182370
0.680 0.182870
0.685 0.183480
0.690 0.184230
0.695 0.185010
0.700 0.185740
0.705 0.186400
0.710 0.187010
0.715 0.187550
0.720 0.188050
0.725 0.188500
0.730 0.188940
0.735 0.189350
0.740 0.189750
0.745 0.190140
0.750 0.190530
0.755 0.190910
0.760 0.191310
0.765 0.191700
0.770 0.192080
0.775 0.192430
0.780 0.192760
0.785 0.193070
0.790 0.193340
0.795 0.193570
0.800 0.193760
0.805 0.193920
0.810 0.194040
0.815 0.194110
0.820 0.194170
0.825 0.194200
0.830 0.194190
0.835 0.194160
0.840 0.194140
0.845 0.194090
0.850 0.194010
0.855 0.193940
0.860 0.193870
0.865 0.193780
0.870 0.193700
0.875 0.193620
0.880 0.193530
0.885 0.193460
0.890 0.193370
0.895 0.193290
0.900 0.193230
0.905 0.193180
0.910 0.193160
0.915 0.193140
0.920 0.193140
0.925 0.193150
0.930 0.193190
0.935 0.193220
0.940 0.193140
0.945 0.193000
0.950 0.193010
0.955 0.193040
0.960 0.193130
0.965 0.193180
0.970 0.193140
0.975 0.193080
0.980 0.193040
0.985 0.193010
0.990 0.193010
0.995 0.193000
1.000 0.193020
1.005 0.192990
1.010 0.192960
1.015 0.192970
1.020 0.192900
1.025 0.192810
1.030 0.192780
1.035 0.192780
1.040 0.192800
1.045 0.192770
1.050 0.192750
1.055 0.192710
1.060 0.192620
1.065 0.192580
1.070 0.192570
1.075 0.192560
1.080 0.192580
1.085 0.192590
1.090 0.192580
1.095 0.192600
1.100 0.192610
1.105 0.192590
1.110 0.192560
1.115 0.192520
1.120 0.192470
1.125 0.192360
1.130 0.192170
1.135 0.191950
1.140 0.191660
1.145 0.191340
1.150 0.191000
1.155 0.190620
1.160 0.190260
1.165 0.189940
1.170 0.189670
1.175 0.189420
1.180 0.189160
1.185 0.188950
1.190 0.188790
1.195 0.188680
1.200 0.188600
1.205 0.188560
1.210 0.188600
1.215 0.188730
1.220 0.188930
1.225 0.189210
1.230 0.189550
1.235 0.189890
1.240 0.190190
1.245 0.190450
1.250 0.190680
1.255 0.190860
1.260 0.191000
1.265 0.191080
1.270 0.191130
1.275 0.191200
1.280 0.191280
1.285 0.191390
1.290 0.191570
1.295 0.191760
1.300 0.191900
1.305 0.191960
1.310 0.191950
1.315 0.191910
1.320 0.191780
1.325 0.191570
1.330 0.191250
1.335 0.190780
1.340 0.190170
1.345 0.189390
1.350 0.188440
1.355 0.187390
1.360 0.186390
1.365 0.185520
1.370 0.184440
1.375 0.182380
1.380 0.179140
1.385 0.175800
1.390 0.173380
1.395 0.171960
1.400 0.171240
1.405 0.170750
1.410 0.169890
1.415 0.168390
1.420 0.166440
1.425 0.164470
1.430 0.162830
1.435 0.161650
1.440 0.160910
1.445 0.160490
1.450 0.160250
1.455 0.160140
1.460 0.160110
1.465 0.160160
1.470 0.160320
1.475 0.160570
1.480 0.160890
1.485 0.161250
1.490 0.161670
1.495 0.162140
1.500 0.162660
1.505 0.163230
1.510 0.163820
1.515 0.164420
1.520 0.164990
1.525 0.165500
1.530 0.165910
1.535 0.166230
1.540 0.166490
1.545 0.166710
1.550 0.166920
1.555 0.167140
1.560 0.167340
1.565 0.167500
1.570 0.167660
1.575 0.167860
1.580 0.168110
1.585 0.168430
1.590 0.168840
1.595 0.169330
1.600 0.169880
1.605 0.170440
1.610 0.170990
1.615 0.171490
1.620 0.171950
1.625 0.172350
1.630 0.172690
1.635 0.172990
1.640 0.173230
1.645 0.173390
1.650 0.173410
1.655 0.173260
1.660 0.172980
1.665 0.172550
1.670 0.171960
1.675 0.171230
1.680 0.170410
1.685 0.169550
1.690 0.168690
1.695 0.167920
1.700 0.167230
1.705 0.166600
1.710 0.165970
1.715 0.165260
1.720 0.164590
1.725 0.164140
1.730 0.163990
1.735 0.164110
1.740 0.164360
1.745 0.164520
1.750 0.164490
1.755 0.164350
1.760 0.164230
1.765 0.164170
1.770 0.164200
1.775 0.164350
1.780 0.164500
1.785 0.164560
1.790 0.164640
1.795 0.164740
1.800 0.164780
1.805 0.164750
1.810 0.164850
1.815 0.165000
1.820 0.165170
1.825 0.165380
1.830 0.165660
1.835 0.165960
1.840 0.166230
1.845 0.166450
1.850 0.166520
1.855 0.166390
1.860 0.166050
1.865 0.165490
1.870 0.164530
1.875 0.162840
1.880 0.160260
1.885 0.156770
1.890 0.152140
1.895 0.146680
1.900 0.141030
1.905 0.135950
1.910 0.131960
1.915 0.129280
1.920 0.127730
1.925 0.127150
1.930 0.127300
1.935 0.127950
1.940 0.128980
1.945 0.130150
1.950 0.131400
1.955 0.132640
1.960 0.133820
1.965 0.134950
1.970 0.136020
1.975 0.137030
1.980 0.138110
1.985 0.139200
1.990 0.140180
1.995 0.140960
2.000 0.141560
2.005 0.141880
2.010 0.141800
2.015 0.141360
2.020 0.140560
2.025 0.139480
2.030 0.138080
2.035 0.136520
2.040 0.134920
2.045 0.133390
2.050 0.131930
2.055 0.130590
2.060 0.129470
2.065 0.128460
2.070 0.127510
2.075 0.126650
2.080 0.125830
2.085 0.125100
2.090 0.124520
2.095 0.124150
2.100 0.123920
2.105 0.123840
2.110 0.123930
2.115 0.124200
2.120 0.124530
2.125 0.124820
2.130 0.125120
2.135 0.125550
2.140 0.126180
2.145 0.126840
2.150 0.127520
2.155 0.128070
2.160 0.128570
2.165 0.129030
2.170 0.129530
2.175 0.129950
2.180 0.130320
2.185 0.130630
2.190 0.130990
2.195 0.131310
2.200 0.131450
2.205 0.131610
2.210 0.131640
2.215 0.131330
2.220 0.130760
2.225 0.129720
2.230 0.128120
2.235 0.125980
2.240 0.123510
2.245 0.120970
2.250 0.118620
2.255 0.116560
2.260 0.114480
2.265 0.112300
2.270 0.110390
2.275 0.109100
2.280 0.108340
2.285 0.107720
2.290 0.106780
2.295 0.105510
2.300 0.103790
2.305 0.101750
2.310 0.099760
2.315 0.098221
2.320 0.097283
2.325 0.096878
2.330 0.097113
2.335 0.097787
2.340 0.098957
2.345 0.100600
2.350 0.102500
2.355 0.103940
2.360 0.104800
2.365 0.104980
2.370 0.104580
2.375 0.103940
2.380 0.103320
2.385 0.103100
2.390 0.102990
2.395 0.102810
2.400 0.102510
2.405 0.101900
2.410 0.100970
2.415 0.099978
2.420 0.099073
2.425 0.098089
2.430 0.096978
2.435 0.095665
2.440 0.094470
2.445 0.093140
2.450 0.091618
2.455 0.090329
2.460 0.089695
2.465 0.089105
2.470 0.087939
2.475 0.087125
2.480 0.085976
2.485 0.085243
2.490 0.084533
2.495 0.083607
2.500 0.084671
