0.350 0.010534
0.355 0.011587
0.360 0.012640
0.365 0.013694
0.370 0.014747
0.375 0.015800
0.380 0.016854
0.385 0.017907
0.390 0.018960
0.395 0.020014
0.400 0.021067
0.405 0.024556
0.410 0.028426
0.415 0.032358
0.420 0.033608
0.425 0.039512
0.430 0.042368
0.435 0.045717
0.440 0.050834
0.445 0.057319
0.450 0.055059
0.455 0.060478
0.460 0.060987
0.465 0.063736
0.470 0.066988
0.475 0.068581
0.480 0.070695
0.485 0.074846
0.490 0.077538
0.495 0.080408
0.500 0.084827
0.505 0.085210
0.510 0.088327
0.515 0.093300
0.520 0.095707
0.525 0.102690
0.530 0.101870
0.535 0.103240
0.540 0.108380
0.545 0.116020
0.550 0.117940
0.555 0.120220
0.560 0.128330
0.565 0.128150
0.570 0.136870
0.575 0.140110
0.580 0.144310
0.585 0.148060
0.590 0.149420
0.595 0.155850
0.600 0.155830
0.605 0.156340
0.610 0.157540
0.615 0.161350
0.620 0.169600
0.625 0.171680
0.630 0.173690
0.635 0.175770
0.640 0.180710
0.645 0.184270
0.650 0.189660
0.655 0.191250
0.660 0.194080
0.665 0.195880
0.670 0.198270
0.675 0.204950
0.680 0.210510
0.685 0.208630
0.690 0.213510
0.695 0.219240
0.700 0.221210
0.705 0.222460
0.710 0.226300
0.715 0.228780
0.720 0.235820
0.725 0.235840
0.730 0.242080
0.735 0.243420
0.740 0.247810
0.745 0.248580
0.750 0.253720
0.755 0.256000
0.760 0.254780
0.765 0.261090
0.770 0.263720
0.775 0.264790
0.780 0.266770
0.785 0.271860
0.790 0.271130
0.795 0.273320
0.800 0.280270
0.805 0.280490
0.810 0.283540
0.815 0.286470
0.820 0.286590
0.825 0.288120
0.830 0.289640
0.835 0.293580
0.840 0.294950
0.845 0.298680
0.850 0.298290
0.855 0.298150
0.860 0.299890
0.865 0.301760
0.870 0.302940
0.875 0.306930
0.880 0.308790
0.885 0.312850
0.890 0.312940
0.895 0.312180
0.900 0.315710
0.905 0.318740
0.910 0.319200
0.915 0.319850
0.920 0.324040
0.925 0.325010
0.930 0.328720
0.935 0.330770
0.940 0.331080
0.945 0.332270
0.950 0.336150
0.955 0.338210
0.960 0.338120
0.965 0.340500
0.970 0.341880
0.975 0.344250
0.980 0.345640
0.985 0.347100
0.990 0.347970
0.995 0.351740
1.000 0.351190
1.005 0.356840
1.010 0.358340
1.015 0.360990
1.020 0.362150
1.025 0.360060
1.030 0.360010
1.035 0.363180
1.040 0.367710
1.045 0.374280
1.050 0.366880
1.055 0.366780
1.060 0.371700
1.065 0.373240
1.070 0.371140
1.075 0.373060
1.080 0.374270
1.085 0.377440
1.090 0.381670
1.095 0.384090
1.100 0.380630
1.105 0.381530
1.110 0.382840
1.115 0.387500
1.120 0.383500
1.125 0.382280
1.130 0.386070
1.135 0.389280
1.140 0.390760
1.145 0.389110
1.150 0.396410
1.155 0.397930
1.160 0.398430
1.165 0.398470
1.170 0.399340
1.175 0.400060
1.180 0.400650
1.185 0.403130
1.190 0.404050
1.195 0.406650
1.200 0.407720
1.205 0.410280
1.210 0.409670
1.215 0.412610
1.220 0.407950
1.225 0.400930
1.230 0.407820
1.235 0.410780
1.240 0.411610
1.245 0.412320
1.250 0.412110
1.255 0.413690
1.260 0.411020
1.265 0.414430
1.270 0.421910
1.275 0.422050
1.280 0.424240
1.285 0.423820
1.290 0.423080
1.295 0.423630
1.300 0.422140
1.305 0.423380
1.310 0.424730
1.315 0.424060
1.320 0.424220
1.325 0.425070
1.330 0.427560
1.335 0.430820
1.340 0.432180
1.345 0.432440
1.350 0.428960
1.355 0.422100
1.360 0.428670
1.365 0.428410
1.370 0.426850
1.375 0.423380
1.380 0.420110
1.385 0.415820
1.390 0.414220
1.395 0.410420
1.400 0.408400
1.405 0.404270
1.410 0.408290
1.415 0.414450
1.420 0.417480
1.425 0.417260
1.430 0.420960
1.435 0.421790
1.440 0.422850
1.445 0.424510
1.450 0.426240
1.455 0.427580
1.460 0.426700
1.465 0.428620
1.470 0.429340
1.475 0.431190
1.480 0.432430
1.485 0.432260
1.490 0.433690
1.495 0.433750
1.500 0.432070
1.505 0.433420
1.510 0.436460
1.515 0.442600
1.520 0.442560
1.525 0.441670
1.530 0.442190
1.535 0.442610
1.540 0.449870
1.545 0.446380
1.550 0.443000
1.555 0.444460
1.560 0.443590
1.565 0.443470
1.570 0.446320
1.575 0.450910
1.580 0.452560
1.585 0.450960
1.590 0.447300
1.595 0.449950
1.600 0.453240
1.605 0.454130
1.610 0.457940
1.615 0.454300
1.620 0.456670
1.625 0.454530
1.630 0.455020
1.635 0.452770
1.640 0.456360
1.645 0.458100
1.650 0.456370
1.655 0.456920
1.660 0.454020
1.665 0.456590
1.670 0.456990
1.675 0.455820
1.680 0.457210
1.685 0.457370
1.690 0.456700
1.695 0.458910
1.700 0.455850
1.705 0.456610
1.710 0.459350
1.715 0.456410
1.720 0.456740
1.725 0.457240
1.730 0.456060
1.735 0.456160
1.740 0.460200
1.745 0.455580
1.750 0.456230
1.755 0.454670
1.760 0.457150
1.765 0.456930
1.770 0.455830
1.775 0.459890
1.780 0.460090
1.785 0.462750
1.790 0.465930
1.795 0.462530
1.800 0.461680
1.805 0.461350
1.810 0.461350
1.815 0.463810
1.820 0.463500
1.825 0.460740
1.830 0.456370
1.835 0.459590
1.840 0.460450
1.845 0.463150
1.850 0.459100
1.855 0.458890
1.860 0.455290
1.865 0.452190
1.870 0.445890
1.875 0.438690
1.880 0.424950
1.885 0.412420
1.890 0.397010
1.895 0.380610
1.900 0.370360
1.905 0.366750
1.910 0.366120
1.915 0.368830
1.920 0.372500
1.925 0.379040
1.930 0.383510
1.935 0.385600
1.940 0.389860
1.945 0.391870
1.950 0.395320
1.955 0.395510
1.960 0.399030
1.965 0.401740
1.970 0.403300
1.975 0.405430
1.980 0.408830
1.985 0.414260
1.990 0.417390
1.995 0.424020
2.000 0.425330
2.005 0.424230
2.010 0.425950
2.015 0.429860
2.020 0.433410
2.025 0.436590
2.030 0.437800
2.035 0.433410
2.040 0.436290
2.045 0.436650
2.050 0.435540
2.055 0.439000
2.060 0.438680
2.065 0.440060
2.070 0.442250
2.075 0.439170
2.080 0.439130
2.085 0.440100
2.090 0.440090
2.095 0.440740
2.100 0.441130
2.105 0.441040
2.110 0.441230
2.115 0.440950
2.120 0.441770
2.125 0.442090
2.130 0.441730
2.135 0.441520
2.140 0.440410
2.145 0.439940
2.150 0.437890
2.155 0.436510
2.160 0.434520
2.165 0.432420
2.170 0.430890
2.175 0.429000
2.180 0.425920
2.185 0.422490
2.190 0.418000
2.195 0.413860
2.200 0.410660
2.205 0.406120
2.210 0.406220
2.215 0.412600
2.220 0.417050
2.225 0.419950
2.230 0.422100
2.235 0.423090
2.240 0.423390
2.245 0.423750
2.250 0.423710
2.255 0.424520
2.260 0.424710
2.265 0.425500
2.270 0.425540
2.275 0.425350
2.280 0.424020
2.285 0.423090
2.290 0.420940
2.295 0.419540
2.300 0.418450
2.305 0.417070
2.310 0.415530
2.315 0.414620
2.320 0.413790
2.325 0.412070
2.330 0.410050
2.335 0.407960
2.340 0.405490
2.345 0.402990
2.350 0.401420
2.355 0.400980
2.360 0.400780
2.365 0.399700
2.370 0.398590
2.375 0.397020
2.380 0.395420
2.385 0.393800
2.390 0.392990
2.395 0.392260
2.400 0.391370
2.405 0.389530
2.410 0.387740
2.415 0.385560
2.420 0.382700
2.425 0.379980
2.430 0.376790
2.435 0.373840
2.440 0.371120
2.445 0.369100
2.450 0.367040
2.455 0.364950
2.460 0.363150
2.465 0.361070
2.470 0.359560
2.475 0.358060
2.480 0.356390
2.485 0.354170
2.490 0.352830
2.495 0.351350
2.500 0.350250
