0.350 0.018591
0.355 0.020450
0.360 0.022309
0.365 0.024168
0.370 0.026027
0.375 0.027886
0.380 0.029745
0.385 0.031604
0.390 0.033463
0.395 0.035322
0.400 0.037181
0.405 0.033772
0.410 0.034022
0.415 0.037186
0.420 0.038731
0.425 0.038217
0.430 0.038691
0.435 0.038777
0.440 0.039481
0.445 0.039154
0.450 0.040143
0.455 0.041209
0.460 0.040234
0.465 0.041080
0.470 0.039900
0.475 0.040027
0.480 0.040583
0.485 0.040334
0.490 0.041153
0.495 0.041291
0.500 0.042486
0.505 0.044349
0.510 0.046866
0.515 0.051834
0.520 0.057439
0.525 0.064810
0.530 0.071827
0.535 0.076210
0.540 0.079201
0.545 0.080869
0.550 0.082026
0.555 0.082802
0.560 0.081759
0.565 0.078944
0.570 0.074429
0.575 0.069940
0.580 0.066393
0.585 0.063809
0.590 0.062093
0.595 0.060571
0.600 0.059797
0.605 0.059485
0.610 0.057933
0.615 0.056347
0.620 0.054966
0.625 0.054296
0.630 0.053962
0.635 0.053179
0.640 0.051246
0.645 0.048802
0.650 0.046935
0.655 0.046239
0.660 0.045523
0.665 0.044747
0.670 0.044480
0.675 0.045106
0.680 0.046403
0.685 0.048945
0.690 0.054362
0.695 0.068074
0.700 0.093944
0.705 0.132100
0.710 0.178610
0.715 0.229520
0.720 0.279980
0.725 0.325730
0.730 0.363640
0.735 0.392940
0.740 0.414790
0.745 0.430530
0.750 0.441570
0.755 0.449370
0.760 0.454760
0.765 0.458740
0.770 0.461870
0.775 0.464680
0.780 0.467190
0.785 0.469730
0.790 0.472100
0.795 0.474640
0.800 0.477000
0.805 0.479350
0.810 0.481750
0.815 0.484400
0.820 0.486770
0.825 0.489220
0.830 0.491590
0.835 0.493870
0.840 0.496370
0.845 0.498780
0.850 0.501110
0.855 0.503260
0.860 0.505500
0.865 0.507450
0.870 0.509190
0.875 0.511130
0.880 0.512850
0.885 0.514300
0.890 0.516060
0.895 0.517520
0.900 0.519100
0.905 0.520500
0.910 0.521710
0.915 0.522770
0.920 0.524150
0.925 0.524960
0.930 0.525300
0.935 0.525400
0.940 0.525370
0.945 0.524800
0.950 0.523370
0.955 0.521290
0.960 0.519350
0.965 0.518800
0.970 0.519560
0.975 0.520630
0.980 0.522090
0.985 0.523660
0.990 0.526180
0.995 0.528960
1.000 0.530940
1.005 0.532650
1.010 0.535670
1.015 0.537780
1.020 0.539630
1.025 0.541620
1.030 0.544450
1.035 0.547510
1.040 0.549500
1.045 0.551360
1.050 0.552680
1.055 0.553810
1.060 0.556060
1.065 0.556800
1.070 0.559250
1.075 0.560420
1.080 0.561620
1.085 0.561690
1.090 0.562160
1.095 0.562310
1.100 0.563340
1.105 0.563550
1.110 0.561980
1.115 0.562030
1.120 0.561600
1.125 0.560120
1.130 0.557280
1.135 0.551950
1.140 0.544570
1.145 0.535910
1.150 0.528740
1.155 0.523340
1.160 0.520030
1.165 0.519450
1.170 0.519300
1.175 0.519750
1.180 0.520470
1.185 0.520790
1.190 0.521230
1.195 0.521940
1.200 0.523330
1.205 0.524730
1.210 0.526420
1.215 0.528670
1.220 0.530910
1.225 0.532910
1.230 0.535070
1.235 0.536930
1.240 0.538920
1.245 0.541080
1.250 0.542600
1.255 0.543590
1.260 0.544530
1.265 0.545320
1.270 0.545640
1.275 0.545720
1.280 0.545030
1.285 0.544090
1.290 0.542800
1.295 0.540900
1.300 0.538170
1.305 0.534540
1.310 0.529730
1.315 0.523850
1.320 0.516700
1.325 0.508480
1.330 0.499470
1.335 0.489730
1.340 0.479830
1.345 0.471030
1.350 0.461280
1.355 0.453060
1.360 0.442950
1.365 0.431370
1.370 0.415520
1.375 0.393980
1.380 0.365580
1.385 0.330160
1.390 0.291220
1.395 0.253340
1.400 0.219840
1.405 0.194090
1.410 0.175660
1.415 0.163890
1.420 0.156620
1.425 0.152240
1.430 0.150170
1.435 0.149570
1.440 0.149990
1.445 0.151150
1.450 0.152510
1.455 0.154190
1.460 0.157140
1.465 0.161280
1.470 0.166970
1.475 0.173580
1.480 0.181140
1.485 0.189330
1.490 0.197620
1.495 0.206450
1.500 0.215380
1.505 0.223920
1.510 0.232840
1.515 0.241760
1.520 0.250220
1.525 0.258850
1.530 0.267290
1.535 0.275400
1.540 0.282800
1.545 0.290330
1.550 0.297450
1.555 0.303980
1.560 0.310360
1.565 0.316770
1.570 0.322620
1.575 0.328190
1.580 0.333580
1.585 0.339090
1.590 0.343640
1.595 0.348460
1.600 0.353270
1.605 0.357750
1.610 0.361670
1.615 0.365260
1.620 0.368930
1.625 0.372180
1.630 0.374770
1.635 0.377360
1.640 0.380280
1.645 0.382260
1.650 0.383860
1.655 0.384260
1.660 0.384760
1.665 0.384470
1.670 0.384650
1.675 0.384130
1.680 0.383160
1.685 0.381810
1.690 0.379650
1.695 0.377590
1.700 0.375000
1.705 0.372540
1.710 0.369110
1.715 0.365750
1.720 0.362610
1.725 0.358870
1.730 0.354980
1.735 0.351500
1.740 0.347500
1.745 0.343510
1.750 0.339130
1.755 0.334300
1.760 0.329300
1.765 0.325470
1.770 0.321180
1.775 0.317840
1.780 0.315120
1.785 0.313400
1.790 0.311770
1.795 0.311370
1.800 0.310740
1.805 0.311850
1.810 0.311960
1.815 0.311580
1.820 0.310820
1.825 0.309410
1.830 0.307000
1.835 0.303540
1.840 0.297770
1.845 0.289630
1.850 0.278150
1.855 0.262390
1.860 0.242010
1.865 0.217100
1.870 0.187170
1.875 0.154990
1.880 0.124600
1.885 0.097992
1.890 0.077078
1.895 0.062450
1.900 0.053535
1.905 0.048515
1.910 0.045877
1.915 0.044556
1.920 0.044231
1.925 0.044241
1.930 0.044680
1.935 0.045429
1.940 0.046678
1.945 0.048072
1.950 0.049710
1.955 0.051531
1.960 0.053790
1.965 0.056186
1.970 0.058698
1.975 0.061510
1.980 0.064610
1.985 0.067845
1.990 0.071290
1.995 0.074731
2.000 0.078413
2.005 0.082161
2.010 0.085959
2.015 0.089654
2.020 0.093293
2.025 0.096870
2.030 0.100410
2.035 0.103770
2.040 0.107010
2.045 0.110150
2.050 0.113340
2.055 0.116380
2.060 0.119660
2.065 0.122940
2.070 0.126160
2.075 0.129370
2.080 0.132470
2.085 0.135590
2.090 0.138930
2.095 0.141850
2.100 0.144990
2.105 0.147870
2.110 0.150750
2.115 0.153680
2.120 0.156400
2.125 0.158970
2.130 0.161450
2.135 0.163690
2.140 0.165980
2.145 0.168070
2.150 0.170160
2.155 0.172320
2.160 0.174180
2.165 0.175950
2.170 0.177720
2.175 0.179510
2.180 0.181250
2.185 0.182970
2.190 0.184680
2.195 0.186170
2.200 0.187140
2.205 0.188290
2.210 0.188960
2.215 0.189310
2.220 0.189150
2.225 0.188600
2.230 0.187590
2.235 0.185730
2.240 0.183300
2.245 0.180290
2.250 0.177240
2.255 0.173580
2.260 0.169620
2.265 0.166080
2.270 0.162750
2.275 0.159810
2.280 0.157060
2.285 0.154860
2.290 0.151920
2.295 0.148890
2.300 0.145800
2.305 0.142660
2.310 0.139550
2.315 0.137540
2.320 0.135060
2.325 0.132610
2.330 0.129530
2.335 0.126330
2.340 0.123600
2.345 0.120520
2.350 0.117890
2.355 0.115360
2.360 0.113090
2.365 0.110320
2.370 0.107580
2.375 0.104720
2.380 0.102580
2.385 0.099649
2.390 0.097218
2.395 0.094262
2.400 0.092033
2.405 0.089193
2.410 0.087191
2.415 0.084652
2.420 0.081877
2.425 0.079897
2.430 0.077545
2.435 0.075472
2.440 0.072626
2.445 0.070285
2.450 0.069311
2.455 0.066667
2.460 0.064854
2.465 0.064059
2.470 0.062605
2.475 0.062017
2.480 0.059142
2.485 0.058616
2.490 0.059329
2.495 0.059519
2.500 0.057597
