0.350 0.025556
0.355 0.028112
0.360 0.030667
0.365 0.033223
0.370 0.035778
0.375 0.038334
0.380 0.040890
0.385 0.043445
0.390 0.046001
0.395 0.048556
0.400 0.051112
0.405 0.053307
0.410 0.051548
0.415 0.053445
0.420 0.053070
0.425 0.053717
0.430 0.054593
0.435 0.055199
0.440 0.055132
0.445 0.055084
0.450 0.054918
0.455 0.055971
0.460 0.055349
0.465 0.056278
0.470 0.055342
0.475 0.055941
0.480 0.055471
0.485 0.055549
0.490 0.055782
0.495 0.055894
0.500 0.056904
0.505 0.058476
0.510 0.061041
0.515 0.066143
0.520 0.073916
0.525 0.083870
0.530 0.093327
0.535 0.099753
0.540 0.103310
0.545 0.105610
0.550 0.107480
0.555 0.107760
0.560 0.105220
0.565 0.099762
0.570 0.092827
0.575 0.085599
0.580 0.080186
0.585 0.076245
0.590 0.072911
0.595 0.071326
0.600 0.070451
0.605 0.072038
0.610 0.069614
0.615 0.065801
0.620 0.063606
0.625 0.063452
0.630 0.062994
0.635 0.062163
0.640 0.060491
0.645 0.058678
0.650 0.057280
0.655 0.056335
0.660 0.055491
0.665 0.054649
0.670 0.054425
0.675 0.054806
0.680 0.056002
0.685 0.057844
0.690 0.061890
0.695 0.074702
0.700 0.104570
0.705 0.153470
0.710 0.214380
0.715 0.283880
0.720 0.357330
0.725 0.429760
0.730 0.494990
0.735 0.548680
0.740 0.590530
0.745 0.621090
0.750 0.642250
0.755 0.656210
0.760 0.664890
0.765 0.670500
0.770 0.674090
0.775 0.676650
0.780 0.678550
0.785 0.680040
0.790 0.681420
0.795 0.682860
0.800 0.684290
0.805 0.685660
0.810 0.687070
0.815 0.688560
0.820 0.690090
0.825 0.691660
0.830 0.693070
0.835 0.694710
0.840 0.696560
0.845 0.698280
0.850 0.699930
0.855 0.701540
0.860 0.703140
0.865 0.704330
0.870 0.705700
0.875 0.706910
0.880 0.707810
0.885 0.708890
0.890 0.709550
0.895 0.710490
0.900 0.711240
0.905 0.712110
0.910 0.712540
0.915 0.713310
0.920 0.713690
0.925 0.714160
0.930 0.713850
0.935 0.713470
0.940 0.712420
0.945 0.711310
0.950 0.709290
0.955 0.705640
0.960 0.702660
0.965 0.701150
0.970 0.700890
0.975 0.701400
0.980 0.702020
0.985 0.703870
0.990 0.705550
0.995 0.707480
1.000 0.710400
1.005 0.712840
1.010 0.714210
1.015 0.716040
1.020 0.720290
1.025 0.722750
1.030 0.725810
1.035 0.726290
1.040 0.728020
1.045 0.729720
1.050 0.731990
1.055 0.734260
1.060 0.735470
1.065 0.736500
1.070 0.738140
1.075 0.738740
1.080 0.738740
1.085 0.740040
1.090 0.739340
1.095 0.738220
1.100 0.740310
1.105 0.738400
1.110 0.738860
1.115 0.736860
1.120 0.735690
1.125 0.733690
1.130 0.729190
1.135 0.723450
1.140 0.713340
1.145 0.704200
1.150 0.694750
1.155 0.688160
1.160 0.683640
1.165 0.681000
1.170 0.679440
1.175 0.679380
1.180 0.678460
1.185 0.677970
1.190 0.677640
1.195 0.677480
1.200 0.678660
1.205 0.680120
1.210 0.682050
1.215 0.684750
1.220 0.687090
1.225 0.690560
1.230 0.692700
1.235 0.696580
1.240 0.698660
1.245 0.701330
1.250 0.703250
1.255 0.703690
1.260 0.704980
1.265 0.705990
1.270 0.706310
1.275 0.706530
1.280 0.705530
1.285 0.705370
1.290 0.703160
1.295 0.700600
1.300 0.697850
1.305 0.692800
1.310 0.686970
1.315 0.680820
1.320 0.672200
1.325 0.662830
1.330 0.651910
1.335 0.640000
1.340 0.628650
1.345 0.617530
1.350 0.606850
1.355 0.596070
1.360 0.584950
1.365 0.570560
1.370 0.552810
1.375 0.528470
1.380 0.494590
1.385 0.451540
1.390 0.402140
1.395 0.352820
1.400 0.307710
1.405 0.271490
1.410 0.244650
1.415 0.226450
1.420 0.214310
1.425 0.206970
1.430 0.203110
1.435 0.201360
1.440 0.201480
1.445 0.202470
1.450 0.204310
1.455 0.206590
1.460 0.210050
1.465 0.215100
1.470 0.222190
1.475 0.230760
1.480 0.239760
1.485 0.250080
1.490 0.260660
1.495 0.271460
1.500 0.282280
1.505 0.293420
1.510 0.304140
1.515 0.315130
1.520 0.325480
1.525 0.335480
1.530 0.345400
1.535 0.354670
1.540 0.364070
1.545 0.372400
1.550 0.380600
1.555 0.388630
1.560 0.395930
1.565 0.403060
1.570 0.409640
1.575 0.415840
1.580 0.421730
1.585 0.427640
1.590 0.433480
1.595 0.439060
1.600 0.444490
1.605 0.449810
1.610 0.455390
1.615 0.459910
1.620 0.464170
1.625 0.468500
1.630 0.472200
1.635 0.475080
1.640 0.477810
1.645 0.479390
1.650 0.479700
1.655 0.479560
1.660 0.478290
1.665 0.477770
1.670 0.476920
1.675 0.475690
1.680 0.473460
1.685 0.470180
1.690 0.466380
1.695 0.463060
1.700 0.458450
1.705 0.453750
1.710 0.449240
1.715 0.444250
1.720 0.439450
1.725 0.434850
1.730 0.431940
1.735 0.428680
1.740 0.425170
1.745 0.420530
1.750 0.416180
1.755 0.411810
1.760 0.407510
1.765 0.404140
1.770 0.400890
1.775 0.397710
1.780 0.395430
1.785 0.393480
1.790 0.392450
1.795 0.392450
1.800 0.392500
1.805 0.393440
1.810 0.393880
1.815 0.394160
1.820 0.393880
1.825 0.393050
1.830 0.391190
1.835 0.387670
1.840 0.382170
1.845 0.373780
1.850 0.361320
1.855 0.343710
1.860 0.320100
1.865 0.289630
1.870 0.251920
1.875 0.209850
1.880 0.168240
1.885 0.130400
1.890 0.099506
1.895 0.077514
1.900 0.064018
1.905 0.056113
1.910 0.052020
1.915 0.049979
1.920 0.049151
1.925 0.049100
1.930 0.049571
1.935 0.050638
1.940 0.052058
1.945 0.053874
1.950 0.056012
1.955 0.058446
1.960 0.061312
1.965 0.064443
1.970 0.067887
1.975 0.071671
1.980 0.075759
1.985 0.080268
1.990 0.084812
1.995 0.089606
2.000 0.094490
2.005 0.099538
2.010 0.104310
2.015 0.109130
2.020 0.113620
2.025 0.118060
2.030 0.122070
2.035 0.125960
2.040 0.129250
2.045 0.132440
2.050 0.135590
2.055 0.138930
2.060 0.142110
2.065 0.145600
2.070 0.149110
2.075 0.152440
2.080 0.155760
2.085 0.159000
2.090 0.162180
2.095 0.165080
2.100 0.168220
2.105 0.170990
2.110 0.173790
2.115 0.176460
2.120 0.178920
2.125 0.181180
2.130 0.183300
2.135 0.185340
2.140 0.187570
2.145 0.189850
2.150 0.192380
2.155 0.195090
2.160 0.197430
2.165 0.199750
2.170 0.202200
2.175 0.204690
2.180 0.207320
2.185 0.210080
2.190 0.212890
2.195 0.215620
2.200 0.217580
2.205 0.219570
2.210 0.221090
2.215 0.221850
2.220 0.221990
2.225 0.221280
2.230 0.219330
2.235 0.216500
2.240 0.212210
2.245 0.207180
2.250 0.201950
2.255 0.196160
2.260 0.190950
2.265 0.185890
2.270 0.181120
2.275 0.176690
2.280 0.172870
2.285 0.168940
2.290 0.164810
2.295 0.160870
2.300 0.156620
2.305 0.152880
2.310 0.150330
2.315 0.148620
2.320 0.146580
2.325 0.144350
2.330 0.140650
2.335 0.136830
2.340 0.133670
2.345 0.130030
2.350 0.127240
2.355 0.124840
2.360 0.122330
2.365 0.119520
2.370 0.117110
2.375 0.113850
2.380 0.111180
2.385 0.108180
2.390 0.104750
2.395 0.101180
2.400 0.098201
2.405 0.095406
2.410 0.091866
2.415 0.088813
2.420 0.085468
2.425 0.082490
2.430 0.080210
2.435 0.077167
2.440 0.072942
2.445 0.070643
2.450 0.068405
2.455 0.065602
2.460 0.063380
2.465 0.060616
2.470 0.059432
2.475 0.057835
2.480 0.054468
2.485 0.054211
2.490 0.054833
2.495 0.054741
2.500 0.056103
