0.350 0.017296
0.355 0.019025
0.360 0.020755
0.365 0.022484
0.370 0.024214
0.375 0.025943
0.380 0.027673
0.385 0.029402
0.390 0.031132
0.395 0.032861
0.400 0.034591
0.405 0.036365
0.410 0.034535
0.415 0.035463
0.420 0.034576
0.425 0.035643
0.430 0.036564
0.435 0.036155
0.440 0.037013
0.445 0.037165
0.450 0.038272
0.455 0.037076
0.460 0.038413
0.465 0.037976
0.470 0.038372
0.475 0.038283
0.480 0.038694
0.485 0.038211
0.490 0.038677
0.495 0.039305
0.500 0.040103
0.505 0.041485
0.510 0.044599
0.515 0.050183
0.520 0.058373
0.525 0.069515
0.530 0.080077
0.535 0.088216
0.540 0.092535
0.545 0.095410
0.550 0.097549
0.555 0.098300
0.560 0.095627
0.565 0.089860
0.570 0.081786
0.575 0.073697
0.580 0.067633
0.585 0.063364
0.590 0.060600
0.595 0.058939
0.600 0.057686
0.605 0.056669
0.610 0.054490
0.615 0.051711
0.620 0.049349
0.625 0.048086
0.630 0.047697
0.635 0.046930
0.640 0.045337
0.645 0.043016
0.650 0.041348
0.655 0.040384
0.660 0.039143
0.665 0.038267
0.670 0.038027
0.675 0.038547
0.680 0.039880
0.685 0.042022
0.690 0.047015
0.695 0.062704
0.700 0.097926
0.705 0.153910
0.710 0.224460
0.715 0.307080
0.720 0.397310
0.725 0.488650
0.730 0.572270
0.735 0.642090
0.740 0.696330
0.745 0.736030
0.750 0.762910
0.755 0.780460
0.760 0.791320
0.765 0.798220
0.770 0.802270
0.775 0.805220
0.780 0.807460
0.785 0.809430
0.790 0.810760
0.795 0.812390
0.800 0.813850
0.805 0.815270
0.810 0.816700
0.815 0.818370
0.820 0.819600
0.825 0.821100
0.830 0.822070
0.835 0.823060
0.840 0.824600
0.845 0.825990
0.850 0.827400
0.855 0.828450
0.860 0.830160
0.865 0.831330
0.870 0.832050
0.875 0.832990
0.880 0.833910
0.885 0.834420
0.890 0.835020
0.895 0.835490
0.900 0.836080
0.905 0.836620
0.910 0.836870
0.915 0.837220
0.920 0.837000
0.925 0.836170
0.930 0.834460
0.935 0.831810
0.940 0.828930
0.945 0.824820
0.950 0.818760
0.955 0.810970
0.960 0.804700
0.965 0.801330
0.970 0.801210
0.975 0.801700
0.980 0.803200
0.985 0.805930
0.990 0.808720
0.995 0.812390
1.000 0.816010
1.005 0.808450
1.010 0.812060
1.015 0.815960
1.020 0.820590
1.025 0.824250
1.030 0.826880
1.035 0.832420
1.040 0.834750
1.045 0.837360
1.050 0.840530
1.055 0.841840
1.060 0.844950
1.065 0.847170
1.070 0.846930
1.075 0.847930
1.080 0.846960
1.085 0.847300
1.090 0.847650
1.095 0.846030
1.100 0.844010
1.105 0.841820
1.110 0.840260
1.115 0.838740
1.120 0.834920
1.125 0.829860
1.130 0.822310
1.135 0.810440
1.140 0.793400
1.145 0.775440
1.150 0.759910
1.155 0.750120
1.160 0.743580
1.165 0.740070
1.170 0.740110
1.175 0.740060
1.180 0.739510
1.185 0.739940
1.190 0.739500
1.195 0.740600
1.200 0.742110
1.205 0.743870
1.210 0.746900
1.215 0.749500
1.220 0.752380
1.225 0.755260
1.230 0.758380
1.235 0.760890
1.240 0.764510
1.245 0.766180
1.250 0.767780
1.255 0.768720
1.260 0.770610
1.265 0.771250
1.270 0.770660
1.275 0.769590
1.280 0.767640
1.285 0.765000
1.290 0.761570
1.295 0.755520
1.300 0.748170
1.305 0.739640
1.310 0.728950
1.315 0.716490
1.320 0.702830
1.325 0.686770
1.330 0.670640
1.335 0.652990
1.340 0.636420
1.345 0.620790
1.350 0.606470
1.355 0.592070
1.360 0.576800
1.365 0.558100
1.370 0.532380
1.375 0.497790
1.380 0.451600
1.385 0.395710
1.390 0.336590
1.395 0.281850
1.400 0.236330
1.405 0.202590
1.410 0.179030
1.415 0.164270
1.420 0.154820
1.425 0.148890
1.430 0.145880
1.435 0.144280
1.440 0.144200
1.445 0.144820
1.450 0.146050
1.455 0.147930
1.460 0.151070
1.465 0.155980
1.470 0.162550
1.475 0.170890
1.480 0.180270
1.485 0.190750
1.490 0.201500
1.495 0.213090
1.500 0.224980
1.505 0.237100
1.510 0.249520
1.515 0.262220
1.520 0.274720
1.525 0.287270
1.530 0.299930
1.535 0.312010
1.540 0.324060
1.545 0.335730
1.550 0.347040
1.555 0.358130
1.560 0.368790
1.565 0.378660
1.570 0.388760
1.575 0.398360
1.580 0.406960
1.585 0.415430
1.590 0.423800
1.595 0.432080
1.600 0.439270
1.605 0.446460
1.610 0.452680
1.615 0.458480
1.620 0.464390
1.625 0.469300
1.630 0.474180
1.635 0.478740
1.640 0.482260
1.645 0.485270
1.650 0.487770
1.655 0.488880
1.660 0.489440
1.665 0.489330
1.670 0.488980
1.675 0.488750
1.680 0.487170
1.685 0.485560
1.690 0.482030
1.695 0.479040
1.700 0.475190
1.705 0.471200
1.710 0.466850
1.715 0.462370
1.720 0.457480
1.725 0.452130
1.730 0.447060
1.735 0.440760
1.740 0.434720
1.745 0.427600
1.750 0.419630
1.755 0.411260
1.760 0.403610
1.765 0.396050
1.770 0.389500
1.775 0.383440
1.780 0.379020
1.785 0.376170
1.790 0.374460
1.795 0.373880
1.800 0.373590
1.805 0.375120
1.810 0.375140
1.815 0.374630
1.820 0.373380
1.825 0.371000
1.830 0.367390
1.835 0.361420
1.840 0.352460
1.845 0.339970
1.850 0.322280
1.855 0.299140
1.860 0.269770
1.865 0.234580
1.870 0.194490
1.875 0.153380
1.880 0.116830
1.885 0.087276
1.890 0.065861
1.895 0.052223
1.900 0.044740
1.905 0.040867
1.910 0.038945
1.915 0.038041
1.920 0.037454
1.925 0.037428
1.930 0.037757
1.935 0.038101
1.940 0.038709
1.945 0.039598
1.950 0.040673
1.955 0.041841
1.960 0.043282
1.965 0.045046
1.970 0.046828
1.975 0.049097
1.980 0.051407
1.985 0.054114
1.990 0.057052
1.995 0.060111
2.000 0.063470
2.005 0.066930
2.010 0.070488
2.015 0.074212
2.020 0.078009
2.025 0.081711
2.030 0.085630
2.035 0.089420
2.040 0.093141
2.045 0.096940
2.050 0.100750
2.055 0.104880
2.060 0.109100
2.065 0.113350
2.070 0.117690
2.075 0.122200
2.080 0.126680
2.085 0.131030
2.090 0.135500
2.095 0.139720
2.100 0.143830
2.105 0.147970
2.110 0.152030
2.115 0.155810
2.120 0.159420
2.125 0.162840
2.130 0.166150
2.135 0.169090
2.140 0.171860
2.145 0.174420
2.150 0.176960
2.155 0.179220
2.160 0.181490
2.165 0.183550
2.170 0.185740
2.175 0.187890
2.180 0.189890
2.185 0.191860
2.190 0.193650
2.195 0.195190
2.200 0.196220
2.205 0.196940
2.210 0.197120
2.215 0.196880
2.220 0.196370
2.225 0.195290
2.230 0.193170
2.235 0.190580
2.240 0.187470
2.245 0.184370
2.250 0.181320
2.255 0.178060
2.260 0.174050
2.265 0.169690
2.270 0.165070
2.275 0.160910
2.280 0.156580
2.285 0.152390
2.290 0.148500
2.295 0.144760
2.300 0.140690
2.305 0.136900
2.310 0.133480
2.315 0.130490
2.320 0.127540
2.325 0.123830
2.330 0.120770
2.335 0.117060
2.340 0.113220
2.345 0.109850
2.350 0.106680
2.355 0.103450
2.360 0.100600
2.365 0.097611
2.370 0.094605
2.375 0.091789
2.380 0.089013
2.385 0.085772
2.390 0.082630
2.395 0.080059
2.400 0.077371
2.405 0.074470
2.410 0.072037
2.415 0.068701
2.420 0.066279
2.425 0.064361
2.430 0.061620
2.435 0.059814
2.440 0.057517
2.445 0.054963
2.450 0.053396
2.455 0.050461
2.460 0.048281
2.465 0.048172
2.470 0.046485
2.475 0.045888
2.480 0.044246
2.485 0.042385
2.490 0.043612
2.495 0.040220
2.500 0.043120
