0.350 0.005046
0.355 0.005551
0.360 0.006056
0.365 0.006560
0.370 0.007065
0.375 0.007570
0.380 0.008074
0.385 0.008579
0.390 0.009084
0.395 0.009588
0.400 0.010093
0.405 0.014117
0.410 0.020257
0.415 0.027246
0.420 0.031930
0.425 0.036876
0.430 0.043513
0.435 0.047738
0.440 0.054635
0.445 0.057784
0.450 0.064537
0.455 0.072084
0.460 0.075743
0.465 0.079217
0.470 0.081502
0.475 0.088662
0.480 0.091651
0.485 0.096142
0.490 0.099905
0.495 0.105870
0.500 0.108840
0.505 0.115000
0.510 0.119120
0.515 0.124580
0.520 0.130910
0.525 0.133820
0.530 0.141610
0.535 0.146270
0.540 0.153250
0.545 0.160910
0.550 0.165510
0.555 0.170070
0.560 0.185180
0.565 0.191390
0.570 0.195450
0.575 0.201910
0.580 0.206260
0.585 0.210810
0.590 0.213730
0.595 0.216400
0.600 0.222360
0.605 0.225140
0.610 0.227170
0.615 0.233320
0.620 0.236830
0.625 0.238770
0.630 0.247540
0.635 0.250040
0.640 0.249160
0.645 0.254090
0.650 0.255000
0.655 0.264060
0.660 0.263230
0.665 0.266720
0.670 0.268410
0.675 0.272380
0.680 0.276640
0.685 0.276650
0.690 0.282740
0.695 0.282540
0.700 0.290850
0.705 0.289640
0.710 0.296500
0.715 0.297570
0.720 0.297790
0.725 0.301520
0.730 0.306890
0.735 0.306800
0.740 0.308390
0.745 0.312080
0.750 0.315870
0.755 0.317100
0.760 0.318170
0.765 0.320840
0.770 0.322230
0.775 0.324310
0.780 0.327030
0.785 0.327170
0.790 0.330170
0.795 0.334220
0.800 0.333050
0.805 0.334020
0.810 0.331970
0.815 0.334000
0.820 0.334120
0.825 0.335920
0.830 0.335660
0.835 0.334850
0.840 0.336150
0.845 0.335800
0.850 0.334170
0.855 0.333550
0.860 0.332640
0.865 0.334480
0.870 0.334610
0.875 0.334040
0.880 0.333730
0.885 0.333710
0.890 0.330600
0.895 0.332550
0.900 0.335040
0.905 0.333990
0.910 0.334040
0.915 0.332690
0.920 0.334420
0.925 0.334770
0.930 0.335130
0.935 0.336200
0.940 0.337370
0.945 0.338070
0.950 0.338290
0.955 0.338600
0.960 0.337480
0.965 0.338410
0.970 0.340570
0.975 0.338820
0.980 0.341200
0.985 0.341730
0.990 0.342190
0.995 0.341530
1.000 0.343070
1.005 0.342360
1.010 0.345910
1.015 0.348240
1.020 0.349970
1.025 0.349780
1.030 0.348680
1.035 0.344240
1.040 0.345760
1.045 0.350120
1.050 0.354320
1.055 0.355060
1.060 0.354200
1.065 0.354990
1.070 0.355170
1.075 0.353550
1.080 0.351290
1.085 0.356030
1.090 0.358830
1.095 0.357660
1.100 0.359650
1.105 0.359590
1.110 0.361730
1.115 0.364070
1.120 0.364820
1.125 0.363860
1.130 0.363800
1.135 0.362790
1.140 0.358230
1.145 0.366270
1.150 0.369380
1.155 0.370880
1.160 0.372720
1.165 0.371930
1.170 0.374420
1.175 0.375050
1.180 0.375680
1.185 0.376340
1.190 0.378260
1.195 0.376050
1.200 0.377100
1.205 0.377810
1.210 0.374580
1.215 0.370300
1.220 0.376740
1.225 0.377940
1.230 0.380750
1.235 0.380490
1.240 0.375820
1.245 0.377870
1.250 0.377920
1.255 0.378230
1.260 0.379690
1.265 0.381670
1.270 0.386490
1.275 0.387720
1.280 0.387880
1.285 0.390000
1.290 0.390510
1.295 0.391290
1.300 0.390620
1.305 0.391720
1.310 0.391720
1.315 0.390040
1.320 0.389230
1.325 0.390540
1.330 0.392300
1.335 0.391490
1.340 0.389000
1.345 0.390460
1.350 0.389750
1.355 0.390840
1.360 0.388710
1.365 0.388960
1.370 0.387340
1.375 0.385470
1.380 0.383960
1.385 0.380230
1.390 0.380970
1.395 0.379310
1.400 0.379410
1.405 0.372800
1.410 0.375360
1.415 0.378150
1.420 0.380430
1.425 0.384090
1.430 0.383390
1.435 0.384580
1.440 0.386200
1.445 0.387110
1.450 0.387210
1.455 0.391190
1.460 0.390850
1.465 0.389700
1.470 0.390570
1.475 0.390780
1.480 0.394580
1.485 0.394760
1.490 0.393290
1.495 0.393900
1.500 0.395480
1.505 0.396910
1.510 0.397670
1.515 0.399310
1.520 0.400130
1.525 0.401310
1.530 0.401300
1.535 0.401700
1.540 0.401170
1.545 0.398330
1.550 0.400460
1.555 0.401130
1.560 0.404050
1.565 0.408260
1.570 0.411740
1.575 0.406790
1.580 0.403960
1.585 0.403840
1.590 0.405420
1.595 0.404710
1.600 0.402520
1.605 0.402080
1.610 0.399270
1.615 0.401000
1.620 0.408470
1.625 0.407200
1.630 0.408330
1.635 0.408300
1.640 0.407500
1.645 0.406570
1.650 0.406480
1.655 0.408480
1.660 0.408390
1.665 0.409190
1.670 0.407510
1.675 0.408600
1.680 0.408050
1.685 0.409510
1.690 0.410280
1.695 0.409370
1.700 0.410800
1.705 0.409200
1.710 0.410890
1.715 0.410940
1.720 0.412630
1.725 0.412010
1.730 0.412780
1.735 0.410350
1.740 0.411100
1.745 0.407860
1.750 0.410410
1.755 0.410050
1.760 0.411710
1.765 0.412620
1.770 0.414260
1.775 0.416260
1.780 0.415740
1.785 0.414800
1.790 0.411570
1.795 0.409230
1.800 0.410800
1.805 0.411380
1.810 0.411410
1.815 0.409330
1.820 0.410660
1.825 0.408600
1.830 0.409530
1.835 0.409010
1.840 0.409440
1.845 0.407000
1.850 0.408360
1.855 0.411480
1.860 0.406330
1.865 0.403310
1.870 0.398300
1.875 0.393130
1.880 0.388840
1.885 0.382580
1.890 0.373490
1.895 0.364020
1.900 0.354650
1.905 0.351950
1.910 0.353080
1.915 0.357570
1.920 0.358400
1.925 0.360860
1.930 0.365520
1.935 0.370770
1.940 0.372790
1.945 0.375540
1.950 0.378360
1.955 0.377720
1.960 0.377640
1.965 0.377850
1.970 0.380950
1.975 0.381430
1.980 0.382700
1.985 0.386640
1.990 0.391700
1.995 0.393170
2.000 0.393350
2.005 0.392980
2.010 0.394820
2.015 0.396050
2.020 0.396160
2.025 0.394220
2.030 0.394900
2.035 0.396830
2.040 0.398720
2.045 0.400110
2.050 0.400270
2.055 0.398590
2.060 0.398000
2.065 0.401120
2.070 0.401790
2.075 0.401120
2.080 0.402160
2.085 0.399530
2.090 0.400490
2.095 0.400350
2.100 0.399480
2.105 0.400140
2.110 0.400260
2.115 0.397840
2.120 0.398940
2.125 0.398510
2.130 0.401260
2.135 0.398760
2.140 0.399810
2.145 0.399030
2.150 0.397620
2.155 0.397440
2.160 0.395540
2.165 0.394300
2.170 0.393470
2.175 0.393540
2.180 0.391900
2.185 0.390590
2.190 0.388130
2.195 0.386660
2.200 0.383650
2.205 0.381320
2.210 0.382250
2.215 0.383320
2.220 0.386230
2.225 0.386220
2.230 0.387860
2.235 0.387210
2.240 0.387220
2.245 0.386690
2.250 0.387910
2.255 0.387790
2.260 0.388650
2.265 0.389460
2.270 0.388890
2.275 0.388090
2.280 0.387260
2.285 0.386740
2.290 0.385960
2.295 0.385430
2.300 0.385420
2.305 0.384450
2.310 0.385170
2.315 0.384760
2.320 0.384500
2.325 0.384420
2.330 0.382720
2.335 0.381760
2.340 0.380170
2.345 0.379290
2.350 0.379380
2.355 0.378830
2.360 0.380050
2.365 0.380140
2.370 0.379510
2.375 0.378870
2.380 0.377250
2.385 0.376580
2.390 0.376560
2.395 0.376760
2.400 0.376670
2.405 0.376740
2.410 0.374940
2.415 0.374320
2.420 0.373610
2.425 0.372140
2.430 0.370780
2.435 0.369310
2.440 0.369200
2.445 0.367700
2.450 0.366470
2.455 0.365470
2.460 0.364380
2.465 0.363030
2.470 0.362630
2.475 0.361620
2.480 0.360510
2.485 0.359500
2.490 0.359500
2.495 0.358460
2.500 0.356890
