0.350 0.016612
0.355 0.018273
0.360 0.019934
0.365 0.021596
0.370 0.023257
0.375 0.024918
0.380 0.026579
0.385 0.028240
0.390 0.029902
0.395 0.031563
0.400 0.033224
0.405 0.030146
0.410 0.033315
0.415 0.032072
0.420 0.034399
0.425 0.034151
0.430 0.034900
0.435 0.035004
0.440 0.036273
0.445 0.036164
0.450 0.037480
0.455 0.037594
0.460 0.037660
0.465 0.038040
0.470 0.038920
0.475 0.037909
0.480 0.038978
0.485 0.038660
0.490 0.039095
0.495 0.040220
0.500 0.041939
0.505 0.045925
0.510 0.052469
0.515 0.063664
0.520 0.080044
0.525 0.100330
0.530 0.119100
0.535 0.132160
0.540 0.140310
0.545 0.144630
0.550 0.148010
0.555 0.148670
0.560 0.143970
0.565 0.134420
0.570 0.121200
0.575 0.107990
0.580 0.097419
0.585 0.089802
0.590 0.084619
0.595 0.081226
0.600 0.079009
0.605 0.076737
0.610 0.072200
0.615 0.067443
0.620 0.063405
0.625 0.061029
0.630 0.060076
0.635 0.058668
0.640 0.054833
0.645 0.050034
0.650 0.046482
0.655 0.044630
0.660 0.042663
0.665 0.041087
0.670 0.040733
0.675 0.041892
0.680 0.044336
0.685 0.048350
0.690 0.058611
0.695 0.090729
0.700 0.151600
0.705 0.231170
0.710 0.317480
0.715 0.408390
0.720 0.501290
0.725 0.590340
0.730 0.668650
0.735 0.731850
0.740 0.779850
0.745 0.813580
0.750 0.835970
0.755 0.849800
0.760 0.857910
0.765 0.862790
0.770 0.865060
0.775 0.866900
0.780 0.868220
0.785 0.869390
0.790 0.870190
0.795 0.871230
0.800 0.872310
0.805 0.873260
0.810 0.874130
0.815 0.875180
0.820 0.875980
0.825 0.876870
0.830 0.877360
0.835 0.878150
0.840 0.879310
0.845 0.880440
0.850 0.881890
0.855 0.882640
0.860 0.883770
0.865 0.884760
0.870 0.885460
0.875 0.885550
0.880 0.886110
0.885 0.886240
0.890 0.886390
0.895 0.886630
0.900 0.886400
0.905 0.886560
0.910 0.886150
0.915 0.885780
0.920 0.884870
0.925 0.883180
0.930 0.880730
0.935 0.877130
0.940 0.872730
0.945 0.867210
0.950 0.859150
0.955 0.849120
0.960 0.841150
0.965 0.836050
0.970 0.834790
0.975 0.834780
0.980 0.835780
0.985 0.837960
0.990 0.840890
0.995 0.844580
1.000 0.848930
1.005 0.845310
1.010 0.852160
1.015 0.853140
1.020 0.859060
1.025 0.862270
1.030 0.867040
1.035 0.871590
1.040 0.874870
1.045 0.876550
1.050 0.881420
1.055 0.883960
1.060 0.884200
1.065 0.885630
1.070 0.885380
1.075 0.887670
1.080 0.888340
1.085 0.887740
1.090 0.886030
1.095 0.884580
1.100 0.882300
1.105 0.881420
1.110 0.878530
1.115 0.875380
1.120 0.871670
1.125 0.866520
1.130 0.855590
1.135 0.839790
1.140 0.820060
1.145 0.798620
1.150 0.779740
1.155 0.765640
1.160 0.758200
1.165 0.753230
1.170 0.750890
1.175 0.749750
1.180 0.747860
1.185 0.746860
1.190 0.746200
1.195 0.746220
1.200 0.746740
1.205 0.748320
1.210 0.750380
1.215 0.753900
1.220 0.756740
1.225 0.759630
1.230 0.763240
1.235 0.766020
1.240 0.768890
1.245 0.772180
1.250 0.773660
1.255 0.775170
1.260 0.776140
1.265 0.776400
1.270 0.776600
1.275 0.776330
1.280 0.773950
1.285 0.770490
1.290 0.765360
1.295 0.759710
1.300 0.752670
1.305 0.743590
1.310 0.732820
1.315 0.720220
1.320 0.705360
1.325 0.689130
1.330 0.670910
1.335 0.652860
1.340 0.635370
1.345 0.619620
1.350 0.603970
1.355 0.589630
1.360 0.573740
1.365 0.555710
1.370 0.531730
1.375 0.500500
1.380 0.459560
1.385 0.410390
1.390 0.358330
1.395 0.309370
1.400 0.267130
1.405 0.234690
1.410 0.211360
1.415 0.195520
1.420 0.184880
1.425 0.177410
1.430 0.173530
1.435 0.171290
1.440 0.170130
1.445 0.170110
1.450 0.171090
1.455 0.172640
1.460 0.175260
1.465 0.179510
1.470 0.185620
1.475 0.193040
1.480 0.201480
1.485 0.210260
1.490 0.219940
1.495 0.230230
1.500 0.240210
1.505 0.250780
1.510 0.261100
1.515 0.271600
1.520 0.282370
1.525 0.292790
1.530 0.302430
1.535 0.312430
1.540 0.322050
1.545 0.330920
1.550 0.339720
1.555 0.348600
1.560 0.356590
1.565 0.364760
1.570 0.372820
1.575 0.380060
1.580 0.387100
1.585 0.394550
1.590 0.401380
1.595 0.407780
1.600 0.414080
1.605 0.420270
1.610 0.425800
1.615 0.431280
1.620 0.436760
1.625 0.441770
1.630 0.446660
1.635 0.451070
1.640 0.454950
1.645 0.457670
1.650 0.460530
1.655 0.462630
1.660 0.464340
1.665 0.465150
1.670 0.465170
1.675 0.464360
1.680 0.462760
1.685 0.460040
1.690 0.457010
1.695 0.453460
1.700 0.450360
1.705 0.446170
1.710 0.441990
1.715 0.437770
1.720 0.433020
1.725 0.427900
1.730 0.422910
1.735 0.417810
1.740 0.412600
1.745 0.406760
1.750 0.400020
1.755 0.393350
1.760 0.386010
1.765 0.380440
1.770 0.374670
1.775 0.370740
1.780 0.367280
1.785 0.364290
1.790 0.363900
1.795 0.363350
1.800 0.364240
1.805 0.365390
1.810 0.366010
1.815 0.365830
1.820 0.365570
1.825 0.364160
1.830 0.361750
1.835 0.357590
1.840 0.350880
1.845 0.341290
1.850 0.326930
1.855 0.308020
1.860 0.283610
1.865 0.253920
1.870 0.218370
1.875 0.179860
1.880 0.142950
1.885 0.109740
1.890 0.082744
1.895 0.063314
1.900 0.050916
1.905 0.043695
1.910 0.039596
1.915 0.037434
1.920 0.036371
1.925 0.036028
1.930 0.036233
1.935 0.036906
1.940 0.038161
1.945 0.039702
1.950 0.041671
1.955 0.043743
1.960 0.046307
1.965 0.049132
1.970 0.052277
1.975 0.055676
1.980 0.059395
1.985 0.063393
1.990 0.067601
1.995 0.071752
2.000 0.076217
2.005 0.080643
2.010 0.085120
2.015 0.089448
2.020 0.093653
2.025 0.097935
2.030 0.101900
2.035 0.105740
2.040 0.109380
2.045 0.113070
2.050 0.116650
2.055 0.120030
2.060 0.123780
2.065 0.127450
2.070 0.131190
2.075 0.134880
2.080 0.138620
2.085 0.142320
2.090 0.146020
2.095 0.149620
2.100 0.153360
2.105 0.157020
2.110 0.160720
2.115 0.164390
2.120 0.168120
2.125 0.171820
2.130 0.175180
2.135 0.178460
2.140 0.181300
2.145 0.184260
2.150 0.187050
2.155 0.189610
2.160 0.191830
2.165 0.194230
2.170 0.196120
2.175 0.198420
2.180 0.200500
2.185 0.202780
2.190 0.204650
2.195 0.206760
2.200 0.208000
2.205 0.209530
2.210 0.210260
2.215 0.210720
2.220 0.210550
2.225 0.210000
2.230 0.208300
2.235 0.206350
2.240 0.203380
2.245 0.199780
2.250 0.195840
2.255 0.191280
2.260 0.186510
2.265 0.181780
2.270 0.177190
2.275 0.172790
2.280 0.168980
2.285 0.165490
2.290 0.162290
2.295 0.158830
2.300 0.154500
2.305 0.150390
2.310 0.146620
2.315 0.143650
2.320 0.140790
2.325 0.138020
2.330 0.134590
2.335 0.131290
2.340 0.127780
2.345 0.124390
2.350 0.121180
2.355 0.118200
2.360 0.115470
2.365 0.112350
2.370 0.109270
2.375 0.106540
2.380 0.103080
2.385 0.100360
2.390 0.097316
2.395 0.093870
2.400 0.090156
2.405 0.087344
2.410 0.083662
2.415 0.080565
2.420 0.077108
2.425 0.074080
2.430 0.070504
2.435 0.067736
2.440 0.064939
2.445 0.061475
2.450 0.058689
2.455 0.055481
2.460 0.053648
2.465 0.050958
2.470 0.050117
2.475 0.046923
2.480 0.046297
2.485 0.045509
2.490 0.044322
2.495 0.043993
2.500 0.040868
