0.350 0.014057
0.355 0.015463
0.360 0.016868
0.365 0.018274
0.370 0.019680
0.375 0.021086
0.380 0.022491
0.385 0.023897
0.390 0.025303
0.395 0.026708
0.400 0.028114
0.405 0.029318
0.410 0.025966
0.415 0.028768
0.420 0.030250
0.425 0.031123
0.430 0.032969
0.435 0.033588
0.440 0.036226
0.445 0.037012
0.450 0.037350
0.455 0.037703
0.460 0.038176
0.465 0.039069
0.470 0.038283
0.475 0.038022
0.480 0.037858
0.485 0.038137
0.490 0.038482
0.495 0.038896
0.500 0.040581
0.505 0.043136
0.510 0.047478
0.515 0.055144
0.520 0.065782
0.525 0.079457
0.530 0.092823
0.535 0.102710
0.540 0.108470
0.545 0.111800
0.550 0.114320
0.555 0.114720
0.560 0.111220
0.565 0.103650
0.570 0.093594
0.575 0.083220
0.580 0.075652
0.585 0.070166
0.590 0.066148
0.595 0.063824
0.600 0.062300
0.605 0.060879
0.610 0.057605
0.615 0.053648
0.620 0.050608
0.625 0.049016
0.630 0.048068
0.635 0.047011
0.640 0.044630
0.645 0.041831
0.650 0.039176
0.655 0.037601
0.660 0.035684
0.665 0.034174
0.670 0.033803
0.675 0.034641
0.680 0.036763
0.685 0.040364
0.690 0.047223
0.695 0.065580
0.700 0.103910
0.705 0.164900
0.710 0.242770
0.715 0.335570
0.720 0.438460
0.725 0.543850
0.730 0.641270
0.735 0.722930
0.740 0.786800
0.745 0.832610
0.750 0.863590
0.755 0.883250
0.760 0.895110
0.765 0.901970
0.770 0.905890
0.775 0.908420
0.780 0.910400
0.785 0.911710
0.790 0.913230
0.795 0.914580
0.800 0.915640
0.805 0.916700
0.810 0.918000
0.815 0.919400
0.820 0.920070
0.825 0.921210
0.830 0.922040
0.835 0.922640
0.840 0.923390
0.845 0.924460
0.850 0.925470
0.855 0.926510
0.860 0.927170
0.865 0.928100
0.870 0.928520
0.875 0.929140
0.880 0.929610
0.885 0.929730
0.890 0.929940
0.895 0.930010
0.900 0.930180
0.905 0.930440
0.910 0.930610
0.915 0.930390
0.920 0.930060
0.925 0.928990
0.930 0.926880
0.935 0.924220
0.940 0.921080
0.945 0.917160
0.950 0.910870
0.955 0.903240
0.960 0.896950
0.965 0.893390
0.970 0.892770
0.975 0.893150
0.980 0.894550
0.985 0.896720
0.990 0.899120
0.995 0.902220
1.000 0.905740
1.005 0.907660
1.010 0.911470
1.015 0.914150
1.020 0.917700
1.025 0.920670
1.030 0.924200
1.035 0.927100
1.040 0.928020
1.045 0.932560
1.050 0.933340
1.055 0.935060
1.060 0.935500
1.065 0.938610
1.070 0.939920
1.075 0.939860
1.080 0.940620
1.085 0.939980
1.090 0.937800
1.095 0.936250
1.100 0.935750
1.105 0.934240
1.110 0.930500
1.115 0.929210
1.120 0.924570
1.125 0.921140
1.130 0.912910
1.135 0.901150
1.140 0.885370
1.145 0.867810
1.150 0.853240
1.155 0.841280
1.160 0.836040
1.165 0.832340
1.170 0.831740
1.175 0.831440
1.180 0.830780
1.185 0.829790
1.190 0.828800
1.195 0.829420
1.200 0.831350
1.205 0.832830
1.210 0.835450
1.215 0.837730
1.220 0.840360
1.225 0.843620
1.230 0.846150
1.235 0.848160
1.240 0.850420
1.245 0.852400
1.250 0.854840
1.255 0.855800
1.260 0.856460
1.265 0.856390
1.270 0.856000
1.275 0.855170
1.280 0.853320
1.285 0.849390
1.290 0.846090
1.295 0.840410
1.300 0.833060
1.305 0.824960
1.310 0.814950
1.315 0.802770
1.320 0.788770
1.325 0.773290
1.330 0.755910
1.335 0.738260
1.340 0.721360
1.345 0.705890
1.350 0.690080
1.355 0.674560
1.360 0.658380
1.365 0.638400
1.370 0.610100
1.375 0.573060
1.380 0.522160
1.385 0.459150
1.390 0.391620
1.395 0.328290
1.400 0.274530
1.405 0.234160
1.410 0.206280
1.415 0.187970
1.420 0.176380
1.425 0.169420
1.430 0.165320
1.435 0.163830
1.440 0.163350
1.445 0.164180
1.450 0.165730
1.455 0.168220
1.460 0.171990
1.465 0.178260
1.470 0.186560
1.475 0.196790
1.480 0.207840
1.485 0.220290
1.490 0.233260
1.495 0.246940
1.500 0.261230
1.505 0.275510
1.510 0.290330
1.515 0.305010
1.520 0.319800
1.525 0.334300
1.530 0.348650
1.535 0.362720
1.540 0.376650
1.545 0.389970
1.550 0.403070
1.555 0.415540
1.560 0.427600
1.565 0.438950
1.570 0.449490
1.575 0.459930
1.580 0.469810
1.585 0.479790
1.590 0.488390
1.595 0.497380
1.600 0.505600
1.605 0.513020
1.610 0.520310
1.615 0.527000
1.620 0.532890
1.625 0.538580
1.630 0.544150
1.635 0.549190
1.640 0.553470
1.645 0.557330
1.650 0.560730
1.655 0.563290
1.660 0.564610
1.665 0.565250
1.670 0.565560
1.675 0.564440
1.680 0.561860
1.685 0.558960
1.690 0.554910
1.695 0.550950
1.700 0.547100
1.705 0.542460
1.710 0.537890
1.715 0.532010
1.720 0.526600
1.725 0.519870
1.730 0.514190
1.735 0.507120
1.740 0.500220
1.745 0.492430
1.750 0.484060
1.755 0.475060
1.760 0.466070
1.765 0.458290
1.770 0.450670
1.775 0.445280
1.780 0.440440
1.785 0.436320
1.790 0.434170
1.795 0.433890
1.800 0.433130
1.805 0.428330
1.810 0.428250
1.815 0.427570
1.820 0.426040
1.825 0.423790
1.830 0.419390
1.835 0.412860
1.840 0.402850
1.845 0.388670
1.850 0.368980
1.855 0.342550
1.860 0.308810
1.865 0.267810
1.870 0.220140
1.875 0.170540
1.880 0.125880
1.885 0.088861
1.890 0.061531
1.895 0.043859
1.900 0.033776
1.905 0.028326
1.910 0.025578
1.915 0.024339
1.920 0.023681
1.925 0.023560
1.930 0.023889
1.935 0.024443
1.940 0.025377
1.945 0.026520
1.950 0.028026
1.955 0.029878
1.960 0.031991
1.965 0.034271
1.970 0.036902
1.975 0.039899
1.980 0.043074
1.985 0.046633
1.990 0.050520
1.995 0.054538
2.000 0.058809
2.005 0.063164
2.010 0.067772
2.015 0.072443
2.020 0.077247
2.025 0.081952
2.030 0.086607
2.035 0.091256
2.040 0.095877
2.045 0.100370
2.050 0.105080
2.055 0.109830
2.060 0.115070
2.065 0.120430
2.070 0.125850
2.075 0.131400
2.080 0.136890
2.085 0.142370
2.090 0.147860
2.095 0.153190
2.100 0.158430
2.105 0.163710
2.110 0.168700
2.115 0.173600
2.120 0.178240
2.125 0.182840
2.130 0.186790
2.135 0.190530
2.140 0.193810
2.145 0.196800
2.150 0.199780
2.155 0.202390
2.160 0.204540
2.165 0.206750
2.170 0.209210
2.175 0.211560
2.180 0.214040
2.185 0.216440
2.190 0.219070
2.195 0.221270
2.200 0.222890
2.205 0.224140
2.210 0.225130
2.215 0.225500
2.220 0.225350
2.225 0.224640
2.230 0.223020
2.235 0.220390
2.240 0.217120
2.245 0.213040
2.250 0.208490
2.255 0.203240
2.260 0.197560
2.265 0.192070
2.270 0.186670
2.275 0.181950
2.280 0.177270
2.285 0.172570
2.290 0.168040
2.295 0.162950
2.300 0.158280
2.305 0.153290
2.310 0.148750
2.315 0.145140
2.320 0.141160
2.325 0.137570
2.330 0.133160
2.335 0.128440
2.340 0.124060
2.345 0.119410
2.350 0.115000
2.355 0.111020
2.360 0.107130
2.365 0.103480
2.370 0.099529
2.375 0.096088
2.380 0.092015
2.385 0.088372
2.390 0.084533
2.395 0.081046
2.400 0.077211
2.405 0.073636
2.410 0.070162
2.415 0.066372
2.420 0.063822
2.425 0.060186
2.430 0.057110
2.435 0.053624
2.440 0.050697
2.445 0.048275
2.450 0.045754
2.455 0.042940
2.460 0.040519
2.465 0.038260
2.470 0.038105
2.475 0.035179
2.480 0.033632
2.485 0.032183
2.490 0.031339
2.495 0.030951
2.500 0.029664
