0.350 0.004056
0.355 0.004461
0.360 0.004867
0.365 0.005272
0.370 0.005678
0.375 0.006083
0.380 0.006489
0.385 0.006894
0.390 0.007300
0.395 0.007705
0.400 0.008111
0.405 0.003188
0.410 0.003207
0.415 0.007972
0.420 0.004210
0.425 0.000454
0.430 0.004684
0.435 0.009374
0.440 0.014501
0.445 0.015822
0.450 0.018742
0.455 0.021625
0.460 0.024675
0.465 0.027449
0.470 0.030680
0.475 0.033593
0.480 0.035740
0.485 0.039924
0.490 0.042633
0.495 0.046782
0.500 0.051194
0.505 0.052903
0.510 0.057295
0.515 0.060994
0.520 0.064691
0.525 0.070390
0.530 0.072143
0.535 0.077363
0.540 0.079930
0.545 0.087574
0.550 0.089499
0.555 0.096838
0.560 0.105100
0.565 0.108670
0.570 0.114860
0.575 0.118270
0.580 0.119840
0.585 0.126280
0.590 0.133060
0.595 0.135380
0.600 0.133910
0.605 0.140690
0.610 0.140560
0.615 0.146990
0.620 0.151500
0.625 0.152150
0.630 0.155530
0.635 0.158800
0.640 0.167640
0.645 0.168630
0.650 0.172680
0.655 0.176930
0.660 0.178460
0.665 0.182680
0.670 0.183790
0.675 0.194350
0.680 0.201310
0.685 0.197880
0.690 0.204110
0.695 0.208700
0.700 0.211440
0.705 0.212720
0.710 0.218940
0.715 0.223900
0.720 0.228520
0.725 0.229610
0.730 0.234700
0.735 0.237200
0.740 0.242880
0.745 0.243410
0.750 0.247370
0.755 0.253430
0.760 0.254430
0.765 0.255960
0.770 0.261070
0.775 0.261930
0.780 0.268710
0.785 0.272870
0.790 0.270510
0.795 0.277770
0.800 0.277630
0.805 0.280270
0.810 0.283520
0.815 0.289220
0.820 0.288890
0.825 0.291610
0.830 0.290840
0.835 0.295880
0.840 0.294660
0.845 0.301600
0.850 0.300810
0.855 0.302110
0.860 0.303080
0.865 0.303620
0.870 0.306600
0.875 0.310270
0.880 0.309050
0.885 0.313330
0.890 0.314840
0.895 0.315430
0.900 0.319210
0.905 0.318350
0.910 0.322190
0.915 0.324570
0.920 0.327330
0.925 0.327080
0.930 0.330120
0.935 0.332410
0.940 0.334390
0.945 0.334040
0.950 0.336230
0.955 0.339560
0.960 0.341320
0.965 0.341350
0.970 0.343900
0.975 0.346890
0.980 0.349760
0.985 0.350560
0.990 0.350570
0.995 0.355880
1.000 0.356350
1.005 0.363370
1.010 0.360900
1.015 0.363090
1.020 0.364940
1.025 0.361860
1.030 0.362420
1.035 0.362220
1.040 0.370290
1.045 0.379610
1.050 0.374360
1.055 0.375350
1.060 0.379850
1.065 0.375460
1.070 0.376170
1.075 0.377970
1.080 0.377600
1.085 0.385900
1.090 0.386710
1.095 0.388520
1.100 0.385330
1.105 0.387170
1.110 0.388580
1.115 0.390990
1.120 0.391370
1.125 0.396220
1.130 0.396830
1.135 0.396220
1.140 0.399800
1.145 0.402240
1.150 0.406300
1.155 0.405650
1.160 0.407860
1.165 0.407210
1.170 0.411160
1.175 0.411540
1.180 0.412200
1.185 0.415300
1.190 0.415790
1.195 0.417070
1.200 0.417270
1.205 0.421180
1.210 0.418780
1.215 0.413210
1.220 0.411930
1.225 0.415840
1.230 0.420800
1.235 0.421710
1.240 0.423520
1.245 0.425640
1.250 0.425730
1.255 0.425340
1.260 0.424790
1.265 0.430120
1.270 0.434350
1.275 0.431950
1.280 0.434660
1.285 0.433170
1.290 0.433680
1.295 0.433190
1.300 0.431540
1.305 0.433910
1.310 0.435280
1.315 0.432780
1.320 0.430040
1.325 0.429900
1.330 0.434920
1.335 0.437640
1.340 0.443400
1.345 0.439220
1.350 0.438800
1.355 0.434660
1.360 0.439800
1.365 0.437240
1.370 0.435850
1.375 0.430140
1.380 0.427960
1.385 0.422730
1.390 0.420080
1.395 0.417170
1.400 0.413730
1.405 0.411650
1.410 0.412460
1.415 0.419930
1.420 0.424430
1.425 0.426300
1.430 0.429480
1.435 0.431150
1.440 0.432120
1.445 0.433290
1.450 0.434760
1.455 0.434680
1.460 0.435490
1.465 0.437550
1.470 0.437600
1.475 0.439760
1.480 0.442400
1.485 0.443110
1.490 0.444690
1.495 0.447120
1.500 0.445300
1.505 0.444870
1.510 0.449530
1.515 0.453930
1.520 0.455310
1.525 0.457290
1.530 0.460290
1.535 0.462260
1.540 0.462700
1.545 0.459240
1.550 0.457340
1.555 0.457290
1.560 0.458260
1.565 0.460800
1.570 0.465710
1.575 0.468320
1.580 0.469580
1.585 0.466730
1.590 0.465640
1.595 0.465200
1.600 0.470970
1.605 0.469760
1.610 0.471020
1.615 0.467820
1.620 0.467790
1.625 0.468780
1.630 0.471230
1.635 0.468350
1.640 0.469810
1.645 0.472370
1.650 0.474710
1.655 0.470930
1.660 0.468220
1.665 0.474620
1.670 0.473710
1.675 0.471830
1.680 0.471330
1.685 0.473590
1.690 0.475510
1.695 0.479540
1.700 0.475950
1.705 0.476580
1.710 0.481510
1.715 0.477240
1.720 0.479210
1.725 0.478360
1.730 0.477540
1.735 0.477990
1.740 0.479480
1.745 0.473580
1.750 0.475420
1.755 0.476090
1.760 0.478740
1.765 0.478090
1.770 0.476880
1.775 0.478960
1.780 0.477290
1.785 0.477010
1.790 0.480300
1.795 0.478440
1.800 0.478560
1.805 0.478140
1.810 0.479060
1.815 0.484930
1.820 0.481380
1.825 0.482950
1.830 0.482100
1.835 0.482100
1.840 0.482250
1.845 0.481020
1.850 0.479000
1.855 0.477950
1.860 0.477610
1.865 0.468950
1.870 0.459830
1.875 0.451510
1.880 0.437460
1.885 0.424800
1.890 0.406200
1.895 0.388340
1.900 0.374210
1.905 0.372570
1.910 0.376110
1.915 0.380470
1.920 0.381650
1.925 0.389510
1.930 0.398700
1.935 0.404360
1.940 0.409160
1.945 0.412170
1.950 0.414710
1.955 0.415200
1.960 0.417760
1.965 0.417650
1.970 0.419020
1.975 0.421410
1.980 0.427080
1.985 0.430660
1.990 0.434800
1.995 0.441110
2.000 0.441370
2.005 0.439780
2.010 0.440950
2.015 0.447470
2.020 0.450080
2.025 0.454840
2.030 0.452600
2.035 0.447180
2.040 0.455650
2.045 0.456330
2.050 0.455300
2.055 0.456070
2.060 0.457680
2.065 0.459280
2.070 0.457860
2.075 0.454820
2.080 0.455530
2.085 0.455920
2.090 0.455890
2.095 0.456110
2.100 0.455930
2.105 0.456020
2.110 0.455820
2.115 0.455600
2.120 0.456120
2.125 0.456610
2.130 0.456240
2.135 0.455910
2.140 0.454860
2.145 0.453940
2.150 0.451840
2.155 0.449500
2.160 0.447400
2.165 0.445300
2.170 0.442950
2.175 0.441260
2.180 0.439050
2.185 0.436010
2.190 0.431540
2.195 0.426960
2.200 0.422500
2.205 0.416530
2.210 0.415160
2.215 0.422500
2.220 0.426840
2.225 0.429910
2.230 0.431480
2.235 0.432130
2.240 0.432400
2.245 0.432810
2.250 0.433750
2.255 0.433950
2.260 0.435120
2.265 0.435630
2.270 0.435670
2.275 0.435340
2.280 0.434160
2.285 0.433910
2.290 0.432450
2.295 0.431120
2.300 0.429710
2.305 0.428490
2.310 0.426490
2.315 0.425650
2.320 0.424770
2.325 0.423130
2.330 0.421890
2.335 0.419550
2.340 0.417450
2.345 0.415230
2.350 0.413310
2.355 0.412830
2.360 0.412560
2.365 0.411900
2.370 0.410430
2.375 0.409060
2.380 0.406830
2.385 0.405630
2.390 0.405400
2.395 0.404220
2.400 0.403490
2.405 0.402250
2.410 0.400470
2.415 0.398530
2.420 0.395630
2.425 0.392930
2.430 0.389750
2.435 0.386630
2.440 0.383650
2.445 0.381020
2.450 0.379010
2.455 0.376590
2.460 0.374680
2.465 0.372890
2.470 0.370660
2.475 0.369220
2.480 0.367550
2.485 0.365130
2.490 0.363370
2.495 0.362010
2.500 0.361350
