0.350 0.022805
0.355 0.025085
0.360 0.027366
0.365 0.029646
0.370 0.031927
0.375 0.034207
0.380 0.036488
0.385 0.038769
0.390 0.041049
0.395 0.043329
0.400 0.045610
0.405 0.045910
0.410 0.046210
0.415 0.046515
0.420 0.046820
0.425 0.047121
0.430 0.047420
0.435 0.047720
0.440 0.048020
0.445 0.048320
0.450 0.048620
0.455 0.048925
0.460 0.049230
0.465 0.049530
0.470 0.049830
0.475 0.050135
0.480 0.050440
0.485 0.050771
0.490 0.051820
0.495 0.053719
0.500 0.056500
0.505 0.061388
0.510 0.069190
0.515 0.078860
0.520 0.088220
0.525 0.095732
0.530 0.101260
0.535 0.103710
0.540 0.104960
0.545 0.105130
0.550 0.104670
0.555 0.102430
0.560 0.098650
0.565 0.092645
0.570 0.085180
0.575 0.079794
0.580 0.074590
0.585 0.071010
0.590 0.068780
0.595 0.067634
0.600 0.067760
0.605 0.064092
0.610 0.060500
0.615 0.059083
0.620 0.057180
0.625 0.055985
0.630 0.055190
0.635 0.053140
0.640 0.050070
0.645 0.047232
0.650 0.045670
0.655 0.043960
0.660 0.041570
0.665 0.040382
0.670 0.040600
0.675 0.041307
0.680 0.043460
0.685 0.048735
0.690 0.057320
0.695 0.080225
0.700 0.111050
0.705 0.147140
0.710 0.188940
0.715 0.234310
0.720 0.282610
0.725 0.329450
0.730 0.372320
0.735 0.409880
0.740 0.439860
0.745 0.461220
0.750 0.475110
0.755 0.485770
0.760 0.491200
0.765 0.495190
0.770 0.498710
0.775 0.501410
0.780 0.503290
0.785 0.504650
0.790 0.505860
0.795 0.505950
0.800 0.507420
0.805 0.509040
0.810 0.509800
0.815 0.510130
0.820 0.510390
0.825 0.510910
0.830 0.511660
0.835 0.512560
0.840 0.513530
0.845 0.514490
0.850 0.515380
0.855 0.516150
0.860 0.516720
0.865 0.517050
0.870 0.517150
0.875 0.517080
0.880 0.516860
0.885 0.516520
0.890 0.516130
0.895 0.515750
0.900 0.515440
0.905 0.515240
0.910 0.515030
0.915 0.514640
0.920 0.513900
0.925 0.512640
0.930 0.510660
0.935 0.507730
0.940 0.503600
0.945 0.498170
0.950 0.492160
0.955 0.486460
0.960 0.481990
0.965 0.479450
0.970 0.478560
0.975 0.478840
0.980 0.479860
0.985 0.481270
0.990 0.483010
0.995 0.485070
1.000 0.487460
1.005 0.490190
1.010 0.493160
1.015 0.496280
1.020 0.499440
1.025 0.502570
1.030 0.505690
1.035 0.508850
1.040 0.512110
1.045 0.515460
1.050 0.518710
1.055 0.521570
1.060 0.523780
1.065 0.525110
1.070 0.525640
1.075 0.525520
1.080 0.524850
1.085 0.523740
1.090 0.522380
1.095 0.520950
1.100 0.519660
1.105 0.518480
1.110 0.516580
1.115 0.512890
1.120 0.506240
1.125 0.495930
1.130 0.483300
1.135 0.470140
1.140 0.458240
1.145 0.448970
1.150 0.442010
1.155 0.436660
1.160 0.432310
1.165 0.428500
1.170 0.425260
1.175 0.422790
1.180 0.421310
1.185 0.420970
1.190 0.421570
1.195 0.422830
1.200 0.424530
1.205 0.426460
1.210 0.428560
1.215 0.430800
1.220 0.433140
1.225 0.435560
1.230 0.437990
1.235 0.440360
1.240 0.442600
1.245 0.444620
1.250 0.446270
1.255 0.447410
1.260 0.447830
1.265 0.447390
1.270 0.446130
1.275 0.444110
1.280 0.441370
1.285 0.437890
1.290 0.433550
1.295 0.428150
1.300 0.421460
1.305 0.413330
1.310 0.404030
1.315 0.393950
1.320 0.383400
1.325 0.372720
1.330 0.362260
1.335 0.352430
1.340 0.343630
1.345 0.335960
1.350 0.328140
1.355 0.318540
1.360 0.305440
1.365 0.287590
1.370 0.265990
1.375 0.242060
1.380 0.217160
1.385 0.192560
1.390 0.169500
1.395 0.149210
1.400 0.133080
1.405 0.122090
1.410 0.115230
1.415 0.111100
1.420 0.108410
1.425 0.106150
1.430 0.104180
1.435 0.102580
1.440 0.101470
1.445 0.100950
1.450 0.101120
1.455 0.102090
1.460 0.104010
1.465 0.106970
1.470 0.110760
1.475 0.115100
1.480 0.119730
1.485 0.124450
1.490 0.129190
1.495 0.133900
1.500 0.138540
1.505 0.143090
1.510 0.147650
1.515 0.152340
1.520 0.157290
1.525 0.162590
1.530 0.168090
1.535 0.173590
1.540 0.178880
1.545 0.183800
1.550 0.188370
1.555 0.192630
1.560 0.196630
1.565 0.200390
1.570 0.204000
1.575 0.207520
1.580 0.211020
1.585 0.214570
1.590 0.218160
1.595 0.221810
1.600 0.225500
1.605 0.229220
1.610 0.232880
1.615 0.236370
1.620 0.239570
1.625 0.242390
1.630 0.244880
1.635 0.247070
1.640 0.249040
1.645 0.250810
1.650 0.252430
1.655 0.253910
1.660 0.255290
1.665 0.256580
1.670 0.257770
1.675 0.258840
1.680 0.259770
1.685 0.260490
1.690 0.260810
1.695 0.260500
1.700 0.259300
1.705 0.257080
1.710 0.254390
1.715 0.251940
1.720 0.250460
1.725 0.250390
1.730 0.250990
1.735 0.251260
1.740 0.250160
1.745 0.247030
1.750 0.242780
1.755 0.238680
1.760 0.236020
1.765 0.235680
1.770 0.236830
1.775 0.238240
1.780 0.238700
1.785 0.237270
1.790 0.234210
1.795 0.230050
1.800 0.225240
1.805 0.220030
1.810 0.213820
1.815 0.205770
1.820 0.194950
1.825 0.180730
1.830 0.163870
1.835 0.145440
1.840 0.126440
1.845 0.107800
1.850 0.090366
1.855 0.075001
1.860 0.062650
1.865 0.054004
1.870 0.048396
1.875 0.044907
1.880 0.042700
1.885 0.041108
1.890 0.039951
1.895 0.039179
1.900 0.038760
1.905 0.038672
1.910 0.038885
1.915 0.039381
1.920 0.040150
1.925 0.041181
1.930 0.042418
1.935 0.043802
1.940 0.045280
1.945 0.046818
1.950 0.048457
1.955 0.050258
1.960 0.052290
1.965 0.054594
1.970 0.057078
1.975 0.059619
1.980 0.062100
1.985 0.064433
1.990 0.066671
1.995 0.068896
2.000 0.071190
2.005 0.073607
2.010 0.076071
2.015 0.078478
2.020 0.080720
2.025 0.082710
2.030 0.084461
2.035 0.086004
2.040 0.087360
2.045 0.088572
2.050 0.089783
2.055 0.091163
2.060 0.092890
2.065 0.095067
2.070 0.097465
2.075 0.099773
2.080 0.101680
2.085 0.102970
2.090 0.103870
2.095 0.104710
2.100 0.105790
2.105 0.107360
2.110 0.109300
2.115 0.111410
2.120 0.113500
2.125 0.115400
2.130 0.117060
2.135 0.118470
2.140 0.119570
2.145 0.120370
2.150 0.121000
2.155 0.121640
2.160 0.122480
2.165 0.123630
2.170 0.124940
2.175 0.126210
2.180 0.127250
2.185 0.127870
2.190 0.128050
2.195 0.127780
2.200 0.127050
2.205 0.125860
2.210 0.124400
2.215 0.122920
2.220 0.121630
2.225 0.120700
2.230 0.119990
2.235 0.119270
2.240 0.118320
2.245 0.116990
2.250 0.115380
2.255 0.113640
2.260 0.111940
2.265 0.110380
2.270 0.108870
2.275 0.107280
2.280 0.105470
2.285 0.103350
2.290 0.101010
2.295 0.098566
2.300 0.096160
2.305 0.093890
2.310 0.091770
2.315 0.089796
2.320 0.087970
2.325 0.086283
2.330 0.084658
2.335 0.083005
2.340 0.081230
2.345 0.079263
2.350 0.077134
2.355 0.074891
2.360 0.072580
2.365 0.070242
2.370 0.067913
2.375 0.065630
2.380 0.063430
2.385 0.061342
2.390 0.059349
2.395 0.057422
2.400 0.055540
2.405 0.053692
2.410 0.051922
2.415 0.050289
2.420 0.048860
2.425 0.047685
2.430 0.046735
2.435 0.045968
2.440 0.045350
2.445 0.044853
2.450 0.044458
2.455 0.044154
2.460 0.043930
2.465 0.043770
2.470 0.043611
2.475 0.043380
2.480 0.043000
2.485 0.042422
2.490 0.041722
2.495 0.041007
2.500 0.040380
