0.350 0.027805
0.355 0.030585
0.360 0.033366
0.365 0.036146
0.370 0.038927
0.375 0.041707
0.380 0.044488
0.385 0.047268
0.390 0.050049
0.395 0.052830
0.400 0.055610
0.405 0.055916
0.410 0.056210
0.415 0.056515
0.420 0.056820
0.425 0.057121
0.430 0.057420
0.435 0.057720
0.440 0.058020
0.445 0.058320
0.450 0.058620
0.455 0.058925
0.460 0.059230
0.465 0.059530
0.470 0.059830
0.475 0.060135
0.480 0.060440
0.485 0.060771
0.490 0.061820
0.495 0.063765
0.500 0.065200
0.505 0.066818
0.510 0.069500
0.515 0.075955
0.520 0.083850
0.525 0.093204
0.530 0.101810
0.535 0.105630
0.540 0.106880
0.545 0.108920
0.550 0.109360
0.555 0.107260
0.560 0.101720
0.565 0.095337
0.570 0.088460
0.575 0.082314
0.580 0.077750
0.585 0.074860
0.590 0.073660
0.595 0.072715
0.600 0.071060
0.605 0.068277
0.610 0.065230
0.615 0.061832
0.620 0.061030
0.625 0.060928
0.630 0.059160
0.635 0.057221
0.640 0.054850
0.645 0.052393
0.650 0.051550
0.655 0.050171
0.660 0.048950
0.665 0.047693
0.670 0.047820
0.675 0.048422
0.680 0.050060
0.685 0.052179
0.690 0.059890
0.695 0.082226
0.700 0.113100
0.705 0.153530
0.710 0.199170
0.715 0.248490
0.720 0.301230
0.725 0.350250
0.730 0.393950
0.735 0.432930
0.740 0.463280
0.745 0.485980
0.750 0.501840
0.755 0.512250
0.760 0.518890
0.765 0.523250
0.770 0.527630
0.775 0.530520
0.780 0.531470
0.785 0.535430
0.790 0.538040
0.795 0.537120
0.800 0.539000
0.805 0.541380
0.810 0.543050
0.815 0.544210
0.820 0.545030
0.825 0.545670
0.830 0.546230
0.835 0.546820
0.840 0.547520
0.845 0.548400
0.850 0.549410
0.855 0.550460
0.860 0.551460
0.865 0.552340
0.870 0.553070
0.875 0.553620
0.880 0.553950
0.885 0.554050
0.890 0.554000
0.895 0.553900
0.900 0.553860
0.905 0.553930
0.910 0.554050
0.915 0.554080
0.920 0.553930
0.925 0.553450
0.930 0.552420
0.935 0.550610
0.940 0.547720
0.945 0.543640
0.950 0.539020
0.955 0.534650
0.960 0.531390
0.965 0.529850
0.970 0.529730
0.975 0.530560
0.980 0.531880
0.985 0.533350
0.990 0.534920
0.995 0.536650
1.000 0.538580
1.005 0.540740
1.010 0.543060
1.015 0.545420
1.020 0.547740
1.025 0.549950
1.030 0.552180
1.035 0.554610
1.040 0.557420
1.045 0.560690
1.050 0.564030
1.055 0.566940
1.060 0.568910
1.065 0.569560
1.070 0.569220
1.075 0.568340
1.080 0.567390
1.085 0.566690
1.090 0.566140
1.095 0.565550
1.100 0.564720
1.105 0.563380
1.110 0.561080
1.115 0.557270
1.120 0.551340
1.125 0.542950
1.130 0.533090
1.135 0.523050
1.140 0.514090
1.145 0.507210
1.150 0.502130
1.155 0.498330
1.160 0.495350
1.165 0.492840
1.170 0.490860
1.175 0.489620
1.180 0.489350
1.185 0.490170
1.190 0.491770
1.195 0.493710
1.200 0.495600
1.205 0.497130
1.210 0.498400
1.215 0.499630
1.220 0.501010
1.225 0.502680
1.230 0.504530
1.235 0.506380
1.240 0.508030
1.245 0.509340
1.250 0.510220
1.255 0.510620
1.260 0.510460
1.265 0.509670
1.270 0.508290
1.275 0.506400
1.280 0.504040
1.285 0.501190
1.290 0.497630
1.295 0.493060
1.300 0.487140
1.305 0.479660
1.310 0.470990
1.315 0.461650
1.320 0.452100
1.325 0.442760
1.330 0.433790
1.335 0.425310
1.340 0.417460
1.345 0.410120
1.350 0.402080
1.355 0.391800
1.360 0.377670
1.365 0.358500
1.370 0.335230
1.375 0.309200
1.380 0.281640
1.385 0.253790
1.390 0.227060
1.395 0.202960
1.400 0.183100
1.405 0.168700
1.410 0.158920
1.415 0.152510
1.420 0.148380
1.425 0.145640
1.430 0.143980
1.435 0.143220
1.440 0.143240
1.445 0.143970
1.450 0.145370
1.455 0.147470
1.460 0.150300
1.465 0.153890
1.470 0.158130
1.475 0.162890
1.480 0.168050
1.485 0.173530
1.490 0.179290
1.495 0.185290
1.500 0.191510
1.505 0.197930
1.510 0.204460
1.515 0.210980
1.520 0.217380
1.525 0.223580
1.530 0.229630
1.535 0.235590
1.540 0.241540
1.545 0.247490
1.550 0.253280
1.555 0.258700
1.560 0.263520
1.565 0.267590
1.570 0.271190
1.575 0.274680
1.580 0.278430
1.585 0.282690
1.590 0.287240
1.595 0.291750
1.600 0.295910
1.605 0.299450
1.610 0.302420
1.615 0.304930
1.620 0.307060
1.625 0.308900
1.630 0.310560
1.635 0.312140
1.640 0.313750
1.645 0.315460
1.650 0.317240
1.655 0.319010
1.660 0.320710
1.665 0.322260
1.670 0.323580
1.675 0.324580
1.680 0.325170
1.685 0.325240
1.690 0.324750
1.695 0.323660
1.700 0.321900
1.705 0.319470
1.710 0.316780
1.715 0.314310
1.720 0.312570
1.725 0.311870
1.730 0.311690
1.735 0.311300
1.740 0.309980
1.745 0.307250
1.750 0.303750
1.755 0.300400
1.760 0.298090
1.765 0.297460
1.770 0.297860
1.775 0.298360
1.780 0.298030
1.785 0.296150
1.790 0.292890
1.795 0.288590
1.800 0.283560
1.805 0.277880
1.810 0.270780
1.815 0.261230
1.820 0.248090
1.825 0.230570
1.830 0.209590
1.835 0.186440
1.840 0.162290
1.845 0.138290
1.850 0.115620
1.855 0.095510
1.860 0.079300
1.865 0.067981
1.870 0.060725
1.875 0.056365
1.880 0.053850
1.885 0.052331
1.890 0.051511
1.895 0.051247
1.900 0.051420
1.905 0.051941
1.910 0.052786
1.915 0.053960
1.920 0.055480
1.925 0.057348
1.930 0.059472
1.935 0.061741
1.940 0.064050
1.945 0.066336
1.950 0.068687
1.955 0.071236
1.960 0.074120
1.965 0.077425
1.970 0.080981
1.975 0.084561
1.980 0.087940
1.985 0.090954
1.990 0.093709
1.995 0.096373
2.000 0.099110
2.005 0.102030
2.010 0.105030
2.015 0.107950
2.020 0.110640
2.025 0.112980
2.030 0.115080
2.035 0.117090
2.040 0.119160
2.045 0.121400
2.050 0.123760
2.055 0.126110
2.060 0.128370
2.065 0.130460
2.070 0.132430
2.075 0.134390
2.080 0.136410
2.085 0.138560
2.090 0.140720
2.095 0.142780
2.100 0.144580
2.105 0.146030
2.110 0.147220
2.115 0.148290
2.120 0.149370
2.125 0.150580
2.130 0.151950
2.135 0.153470
2.140 0.155180
2.145 0.157070
2.150 0.159060
2.155 0.161050
2.160 0.162940
2.165 0.164650
2.170 0.166170
2.175 0.167490
2.180 0.168610
2.185 0.169510
2.190 0.170120
2.195 0.170360
2.200 0.170140
2.205 0.169380
2.210 0.168170
2.215 0.166610
2.220 0.164790
2.225 0.162830
2.230 0.160970
2.235 0.159520
2.240 0.158770
2.245 0.158900
2.250 0.159430
2.255 0.159750
2.260 0.159210
2.265 0.157360
2.270 0.154500
2.275 0.151070
2.280 0.147510
2.285 0.144160
2.290 0.140970
2.295 0.137840
2.300 0.134640
2.305 0.131300
2.310 0.127930
2.315 0.124690
2.320 0.121740
2.325 0.119190
2.330 0.116890
2.335 0.114630
2.340 0.112190
2.345 0.109430
2.350 0.106470
2.355 0.103480
2.360 0.100660
2.365 0.098130
2.370 0.095832
2.375 0.093662
2.380 0.091520
2.385 0.089317
2.390 0.087003
2.395 0.084531
2.400 0.081850
2.405 0.078956
2.410 0.076067
2.415 0.073459
2.420 0.071420
2.425 0.070122
2.430 0.069213
2.435 0.068222
2.440 0.066670
2.445 0.064269
2.450 0.061537
2.455 0.059187
2.460 0.057950
2.465 0.058317
2.470 0.059718
2.475 0.061340
2.480 0.062380
2.485 0.062246
2.490 0.061230
2.495 0.059827
2.500 0.058510
