0.350 0.256430
0.355 0.260290
0.360 0.261590
0.365 0.264000
0.370 0.265190
0.375 0.266750
0.380 0.267780
0.385 0.270690
0.390 0.273210
0.395 0.275980
0.400 0.279040
0.405 0.281760
0.410 0.284660
0.415 0.287390
0.420 0.289950
0.425 0.292940
0.430 0.295950
0.435 0.298780
0.440 0.301470
0.445 0.303620
0.450 0.306060
0.455 0.307320
0.460 0.309130
0.465 0.310250
0.470 0.311000
0.475 0.311970
0.480 0.312640
0.485 0.313200
0.490 0.314230
0.495 0.315250
0.500 0.316970
0.505 0.319150
0.510 0.322190
0.515 0.326030
0.520 0.330990
0.525 0.335910
0.530 0.340040
0.535 0.343050
0.540 0.344480
0.545 0.346090
0.550 0.346880
0.555 0.347740
0.560 0.347300
0.565 0.346250
0.570 0.344050
0.575 0.342020
0.580 0.340170
0.585 0.339430
0.590 0.337500
0.595 0.336050
0.600 0.335140
0.605 0.334030
0.610 0.332280
0.615 0.330340
0.620 0.329030
0.625 0.328040
0.630 0.327210
0.635 0.326670
0.640 0.325490
0.645 0.323840
0.650 0.321240
0.655 0.320580
0.660 0.318440
0.665 0.316590
0.670 0.315320
0.675 0.314560
0.680 0.313900
0.685 0.314110
0.690 0.317160
0.695 0.324680
0.700 0.336380
0.705 0.350970
0.710 0.367510
0.715 0.386030
0.720 0.406600
0.725 0.429790
0.730 0.450710
0.735 0.470040
0.740 0.486200
0.745 0.499510
0.750 0.507970
0.755 0.513170
0.760 0.515560
0.765 0.516670
0.770 0.516680
0.775 0.516040
0.780 0.514090
0.785 0.513770
0.790 0.513370
0.795 0.513000
0.800 0.513660
0.805 0.513610
0.810 0.515220
0.815 0.516070
0.820 0.516190
0.825 0.516080
0.830 0.514330
0.835 0.512110
0.840 0.510240
0.845 0.507860
0.850 0.504850
0.855 0.501440
0.860 0.497200
0.865 0.491990
0.870 0.486460
0.875 0.481480
0.880 0.476740
0.885 0.471770
0.890 0.466620
0.895 0.462170
0.900 0.458930
0.905 0.455980
0.910 0.452720
0.915 0.449900
0.920 0.447140
0.925 0.443170
0.930 0.437090
0.935 0.429540
0.940 0.420920
0.945 0.409350
0.950 0.394640
0.955 0.378700
0.960 0.365830
0.965 0.357160
0.970 0.350310
0.975 0.345790
0.980 0.341090
0.985 0.336980
0.990 0.333960
0.995 0.331670
1.000 0.331430
1.005 0.331790
1.010 0.331210
1.015 0.332960
1.020 0.335620
1.025 0.338520
1.030 0.342330
1.035 0.344470
1.040 0.348860
1.045 0.354250
1.050 0.359800
1.055 0.365910
1.060 0.369980
1.065 0.373850
1.070 0.377970
1.075 0.380820
1.080 0.382550
1.085 0.380220
1.090 0.379640
1.095 0.377310
1.100 0.373740
1.105 0.371530
1.110 0.367080
1.115 0.363220
1.120 0.358430
1.125 0.352210
1.130 0.343190
1.135 0.330060
1.140 0.313420
1.145 0.296560
1.150 0.282810
1.155 0.270910
1.160 0.262000
1.165 0.254370
1.170 0.248620
1.175 0.243080
1.180 0.239660
1.185 0.235650
1.190 0.230190
1.195 0.226730
1.200 0.224450
1.205 0.222540
1.210 0.222140
1.215 0.222100
1.220 0.223920
1.225 0.226470
1.230 0.228170
1.235 0.229640
1.240 0.231360
1.245 0.233090
1.250 0.234350
1.255 0.235740
1.260 0.235370
1.265 0.236300
1.270 0.237420
1.275 0.237550
1.280 0.236610
1.285 0.236720
1.290 0.236000
1.295 0.234110
1.300 0.231640
1.305 0.229290
1.310 0.225760
1.315 0.220640
1.320 0.216090
1.325 0.210500
1.330 0.202750
1.335 0.196170
1.340 0.190810
1.345 0.183630
1.350 0.178350
1.355 0.173400
1.360 0.167970
1.365 0.164240
1.370 0.159160
1.375 0.152860
1.380 0.142020
1.385 0.130170
1.390 0.116750
1.395 0.102610
1.400 0.089582
1.405 0.078743
1.410 0.070638
1.415 0.063630
1.420 0.058614
1.425 0.055064
1.430 0.052833
1.435 0.051284
1.440 0.048241
1.445 0.047865
1.450 0.047419
1.455 0.046665
1.460 0.047744
1.465 0.046481
1.470 0.047226
1.475 0.049343
1.480 0.050342
1.485 0.051526
1.490 0.052862
1.495 0.054165
1.500 0.055761
1.505 0.058207
1.510 0.060117
1.515 0.061703
1.520 0.064086
1.525 0.066270
1.530 0.067645
1.535 0.069235
1.540 0.071362
1.545 0.071966
1.550 0.073496
1.555 0.075584
1.560 0.077596
1.565 0.079218
1.570 0.080245
1.575 0.082225
1.580 0.083869
1.585 0.084729
1.590 0.085865
1.595 0.087109
1.600 0.088602
1.605 0.090293
1.610 0.091688
1.615 0.093141
1.620 0.094518
1.625 0.095451
1.630 0.096717
1.635 0.097530
1.640 0.097605
1.645 0.098644
1.650 0.099946
1.655 0.100460
1.660 0.100200
1.665 0.100010
1.670 0.100020
1.675 0.099805
1.680 0.099100
1.685 0.098022
1.690 0.096986
1.695 0.096244
1.700 0.095318
1.705 0.093576
1.710 0.091542
1.715 0.089927
1.720 0.088896
1.725 0.087366
1.730 0.085079
1.735 0.084642
1.740 0.085721
1.745 0.086058
1.750 0.085517
1.755 0.084721
1.760 0.084296
1.765 0.083577
1.770 0.082233
1.775 0.081884
1.780 0.082219
1.785 0.081954
1.790 0.082085
1.795 0.082523
1.800 0.082725
1.805 0.082334
1.810 0.082275
1.815 0.082742
1.820 0.083638
1.825 0.084267
1.830 0.083801
1.835 0.083516
1.840 0.083535
1.845 0.083159
1.850 0.081425
1.855 0.078840
1.860 0.075809
1.865 0.071303
1.870 0.064561
1.875 0.056502
1.880 0.049049
1.885 0.041884
1.890 0.034373
1.895 0.027722
1.900 0.023341
1.905 0.020775
1.910 0.019743
1.915 0.019021
1.920 0.017509
1.925 0.016171
1.930 0.016331
1.935 0.016543
1.940 0.015873
1.945 0.015684
1.950 0.017054
1.955 0.018424
1.960 0.017915
1.965 0.017065
1.970 0.017953
1.975 0.019441
1.980 0.019769
1.985 0.020184
1.990 0.021396
1.995 0.022727
2.000 0.023257
2.005 0.023447
2.010 0.023858
2.015 0.024422
2.020 0.025304
2.025 0.026432
2.030 0.027418
2.035 0.028053
2.040 0.028110
2.045 0.027959
2.050 0.028149
2.055 0.028618
2.060 0.029059
2.065 0.029675
2.070 0.030239
2.075 0.030933
2.080 0.031317
2.085 0.031784
2.090 0.032479
2.095 0.032807
2.100 0.032203
2.105 0.031777
2.110 0.032772
2.115 0.034006
2.120 0.034896
2.125 0.035706
2.130 0.036778
2.135 0.037774
2.140 0.038405
2.145 0.038421
2.150 0.037827
2.155 0.037389
2.160 0.037975
2.165 0.038926
2.170 0.039577
2.175 0.040167
2.180 0.041443
2.185 0.042294
2.190 0.041883
2.195 0.041674
2.200 0.042534
2.205 0.043539
2.210 0.043837
2.215 0.043626
2.220 0.044053
2.225 0.044602
2.230 0.044096
2.235 0.043481
2.240 0.043028
2.245 0.042267
2.250 0.040384
2.255 0.038511
2.260 0.038246
2.265 0.037393
2.270 0.035086
2.275 0.033421
2.280 0.033822
2.285 0.033995
2.290 0.031774
2.295 0.030162
2.300 0.031840
2.305 0.032814
2.310 0.029241
2.315 0.025638
2.320 0.027192
2.325 0.029770
2.330 0.028941
2.335 0.027128
2.340 0.026732
2.345 0.026688
2.350 0.025896
2.355 0.024616
2.360 0.023914
2.365 0.023711
2.370 0.023993
2.375 0.023714
2.380 0.023157
2.385 0.022533
2.390 0.022453
2.395 0.022151
2.400 0.021670
2.405 0.021191
2.410 0.020244
2.415 0.019736
2.420 0.019110
2.425 0.018477
2.430 0.018107
2.435 0.017692
2.440 0.017332
2.445 0.017054
2.450 0.016847
2.455 0.016734
2.460 0.016640
2.465 0.016644
2.470 0.017080
2.475 0.017759
2.480 0.018764
2.485 0.017191
2.490 0.016269
2.495 0.016720
2.500 0.017899
