0.350 0.058366
0.355 0.064203
0.360 0.070039
0.365 0.075876
0.370 0.081712
0.375 0.087549
0.380 0.093386
0.385 0.099222
0.390 0.105060
0.395 0.110890
0.400 0.116730
0.405 0.122300
0.410 0.123380
0.415 0.127760
0.420 0.131890
0.425 0.134720
0.430 0.137320
0.435 0.137770
0.440 0.142100
0.445 0.142940
0.450 0.146270
0.455 0.152600
0.460 0.151870
0.465 0.153010
0.470 0.153900
0.475 0.158550
0.480 0.160540
0.485 0.161300
0.490 0.166660
0.495 0.167250
0.500 0.167920
0.505 0.171900
0.510 0.173570
0.515 0.175980
0.520 0.177230
0.525 0.178150
0.530 0.182030
0.535 0.186420
0.540 0.192740
0.545 0.194010
0.550 0.199610
0.555 0.203140
0.560 0.211880
0.565 0.217640
0.570 0.220790
0.575 0.226960
0.580 0.228010
0.585 0.234050
0.590 0.236400
0.595 0.239720
0.600 0.241800
0.605 0.244430
0.610 0.248230
0.615 0.251330
0.620 0.254170
0.625 0.257020
0.630 0.260830
0.635 0.261000
0.640 0.264310
0.645 0.264730
0.650 0.267260
0.655 0.273830
0.660 0.271820
0.665 0.278890
0.670 0.278950
0.675 0.282160
0.680 0.284790
0.685 0.287210
0.690 0.289040
0.695 0.291480
0.700 0.293410
0.705 0.297730
0.710 0.301830
0.715 0.303510
0.720 0.305410
0.725 0.309650
0.730 0.311130
0.735 0.312190
0.740 0.317670
0.745 0.316920
0.750 0.319130
0.755 0.322300
0.760 0.324850
0.765 0.324980
0.770 0.328020
0.775 0.328540
0.780 0.331330
0.785 0.331910
0.790 0.336850
0.795 0.336330
0.800 0.339570
0.805 0.341660
0.810 0.343990
0.815 0.345000
0.820 0.346390
0.825 0.348170
0.830 0.350140
0.835 0.351770
0.840 0.353510
0.845 0.356400
0.850 0.357440
0.855 0.357910
0.860 0.357160
0.865 0.362850
0.870 0.362900
0.875 0.363500
0.880 0.365950
0.885 0.368330
0.890 0.367940
0.895 0.369850
0.900 0.373900
0.905 0.374410
0.910 0.375810
0.915 0.377110
0.920 0.379000
0.925 0.381870
0.930 0.383880
0.935 0.385490
0.940 0.388480
0.945 0.391380
0.950 0.390980
0.955 0.392430
0.960 0.392700
0.965 0.396000
0.970 0.396770
0.975 0.398570
0.980 0.401420
0.985 0.403510
0.990 0.402770
0.995 0.404920
1.000 0.407980
1.005 0.408030
1.010 0.409220
1.015 0.410430
1.020 0.410620
1.025 0.413680
1.030 0.416350
1.035 0.415920
1.040 0.416570
1.045 0.417950
1.050 0.419990
1.055 0.422850
1.060 0.422760
1.065 0.423630
1.070 0.423600
1.075 0.423280
1.080 0.422760
1.085 0.426120
1.090 0.429300
1.095 0.428470
1.100 0.429580
1.105 0.427460
1.110 0.429840
1.115 0.432850
1.120 0.434880
1.125 0.435110
1.130 0.435040
1.135 0.434350
1.140 0.436050
1.145 0.435450
1.150 0.438360
1.155 0.438700
1.160 0.441320
1.165 0.441410
1.170 0.442030
1.175 0.441730
1.180 0.443240
1.185 0.444000
1.190 0.446720
1.195 0.445260
1.200 0.446460
1.205 0.448390
1.210 0.448240
1.215 0.448880
1.220 0.450330
1.225 0.450790
1.230 0.450130
1.235 0.452940
1.240 0.452800
1.245 0.455950
1.250 0.456190
1.255 0.456410
1.260 0.460420
1.265 0.459650
1.270 0.460170
1.275 0.460020
1.280 0.461010
1.285 0.462380
1.290 0.462920
1.295 0.462040
1.300 0.463810
1.305 0.463090
1.310 0.462530
1.315 0.463380
1.320 0.462770
1.325 0.464320
1.330 0.464800
1.335 0.463590
1.340 0.464430
1.345 0.465290
1.350 0.464950
1.355 0.466540
1.360 0.465500
1.365 0.462710
1.370 0.461440
1.375 0.458500
1.380 0.455870
1.385 0.454040
1.390 0.452630
1.395 0.448250
1.400 0.446350
1.405 0.444460
1.410 0.446200
1.415 0.447210
1.420 0.451280
1.425 0.452620
1.430 0.453820
1.435 0.455530
1.440 0.456290
1.445 0.455410
1.450 0.456240
1.455 0.456850
1.460 0.458730
1.465 0.458560
1.470 0.457920
1.475 0.456840
1.480 0.459090
1.485 0.462320
1.490 0.464520
1.495 0.465150
1.500 0.464210
1.505 0.466580
1.510 0.469240
1.515 0.468350
1.520 0.470860
1.525 0.472210
1.530 0.472550
1.535 0.471800
1.540 0.473180
1.545 0.474650
1.550 0.475130
1.555 0.477600
1.560 0.479390
1.565 0.479410
1.570 0.481080
1.575 0.478220
1.580 0.478220
1.585 0.480690
1.590 0.479440
1.595 0.479050
1.600 0.479010
1.605 0.477670
1.610 0.476060
1.615 0.479200
1.620 0.481990
1.625 0.481510
1.630 0.481200
1.635 0.485460
1.640 0.484560
1.645 0.483910
1.650 0.484040
1.655 0.485280
1.660 0.485130
1.665 0.487330
1.670 0.483860
1.675 0.484410
1.680 0.485360
1.685 0.486570
1.690 0.485880
1.695 0.484760
1.700 0.485160
1.705 0.483650
1.710 0.485560
1.715 0.487180
1.720 0.487260
1.725 0.486530
1.730 0.486850
1.735 0.485220
1.740 0.486310
1.745 0.484170
1.750 0.486870
1.755 0.488060
1.760 0.487560
1.765 0.488020
1.770 0.487010
1.775 0.488600
1.780 0.487870
1.785 0.490430
1.790 0.489720
1.795 0.489190
1.800 0.490480
1.805 0.491660
1.810 0.490880
1.815 0.490650
1.820 0.488390
1.825 0.489400
1.830 0.487710
1.835 0.489320
1.840 0.490280
1.845 0.487630
1.850 0.487480
1.855 0.489660
1.860 0.485810
1.865 0.483660
1.870 0.475190
1.875 0.466980
1.880 0.460500
1.885 0.450380
1.890 0.436700
1.895 0.423720
1.900 0.414790
1.905 0.408060
1.910 0.407600
1.915 0.409690
1.920 0.413290
1.925 0.414160
1.930 0.415930
1.935 0.417920
1.940 0.423070
1.945 0.422430
1.950 0.425990
1.955 0.428730
1.960 0.430420
1.965 0.433080
1.970 0.434740
1.975 0.438020
1.980 0.442510
1.985 0.444520
1.990 0.449460
1.995 0.453870
2.000 0.456470
2.005 0.455840
2.010 0.457600
2.015 0.458520
2.020 0.462010
2.025 0.459910
2.030 0.459720
2.035 0.461530
2.040 0.461950
2.045 0.462530
2.050 0.464590
2.055 0.465790
2.060 0.467910
2.065 0.468920
2.070 0.468070
2.075 0.467070
2.080 0.467160
2.085 0.467140
2.090 0.467860
2.095 0.467360
2.100 0.468240
2.105 0.467880
2.110 0.467000
2.115 0.468140
2.120 0.468300
2.125 0.468020
2.130 0.467000
2.135 0.466460
2.140 0.467560
2.145 0.466700
2.150 0.465670
2.155 0.462500
2.160 0.461170
2.165 0.459470
2.170 0.457240
2.175 0.455560
2.180 0.453500
2.185 0.450100
2.190 0.448380
2.195 0.445710
2.200 0.443130
2.205 0.438950
2.210 0.438240
2.215 0.445360
2.220 0.450160
2.225 0.451850
2.230 0.452990
2.235 0.454300
2.240 0.454810
2.245 0.454590
2.250 0.453080
2.255 0.452550
2.260 0.452390
2.265 0.451640
2.270 0.451450
2.275 0.451350
2.280 0.451480
2.285 0.450080
2.290 0.449130
2.295 0.447650
2.300 0.445950
2.305 0.443950
2.310 0.443160
2.315 0.442420
2.320 0.441200
2.325 0.440370
2.330 0.439210
2.335 0.437000
2.340 0.435260
2.345 0.432580
2.350 0.431850
2.355 0.431520
2.360 0.431670
2.365 0.431970
2.370 0.430450
2.375 0.428310
2.380 0.427860
2.385 0.425630
2.390 0.424440
2.395 0.424730
2.400 0.424180
2.405 0.423340
2.410 0.421990
2.415 0.419590
2.420 0.418070
2.425 0.413990
2.430 0.411570
2.435 0.408830
2.440 0.405910
2.445 0.403490
2.450 0.400590
2.455 0.398420
2.460 0.396940
2.465 0.395130
2.470 0.392660
2.475 0.390860
2.480 0.389110
2.485 0.387150
2.490 0.386000
2.495 0.385500
2.500 0.383880
