0.350 0.147150
0.355 0.149040
0.360 0.153350
0.365 0.150820
0.370 0.149480
0.375 0.151760
0.380 0.152630
0.385 0.154620
0.390 0.159290
0.395 0.163450
0.400 0.168630
0.405 0.174330
0.410 0.178800
0.415 0.182210
0.420 0.185020
0.425 0.186970
0.430 0.188560
0.435 0.190660
0.440 0.192710
0.445 0.194480
0.450 0.196340
0.455 0.197740
0.460 0.199180
0.465 0.200400
0.470 0.201410
0.475 0.202400
0.480 0.203270
0.485 0.204290
0.490 0.205080
0.495 0.205840
0.500 0.206860
0.505 0.207700
0.510 0.208520
0.515 0.209380
0.520 0.210330
0.525 0.211240
0.530 0.212100
0.535 0.212790
0.540 0.213310
0.545 0.213680
0.550 0.213990
0.555 0.214240
0.560 0.214420
0.565 0.214530
0.570 0.214530
0.575 0.214380
0.580 0.213950
0.585 0.213260
0.590 0.212560
0.595 0.211680
0.600 0.209860
0.605 0.208490
0.610 0.208140
0.615 0.207870
0.620 0.207270
0.625 0.206850
0.630 0.206380
0.635 0.205920
0.640 0.205460
0.645 0.204970
0.650 0.204500
0.655 0.203890
0.660 0.202970
0.665 0.202410
0.670 0.202260
0.675 0.202080
0.680 0.201800
0.685 0.201240
0.690 0.200330
0.695 0.198830
0.700 0.196640
0.705 0.193800
0.710 0.190340
0.715 0.185920
0.720 0.180830
0.725 0.175120
0.730 0.167850
0.735 0.161000
0.740 0.157510
0.745 0.155680
0.750 0.154090
0.755 0.152380
0.760 0.150690
0.765 0.149140
0.770 0.147730
0.775 0.146430
0.780 0.145610
0.785 0.145140
0.790 0.145120
0.795 0.145430
0.800 0.145900
0.805 0.146420
0.810 0.146740
0.815 0.146690
0.820 0.145920
0.825 0.143460
0.830 0.139050
0.835 0.135460
0.840 0.133150
0.845 0.130900
0.850 0.128410
0.855 0.125480
0.860 0.122640
0.865 0.119660
0.870 0.116300
0.875 0.113010
0.880 0.109610
0.885 0.106290
0.890 0.103600
0.895 0.101140
0.900 0.099456
0.905 0.098075
0.910 0.096691
0.915 0.095041
0.920 0.092805
0.925 0.089496
0.930 0.085319
0.935 0.080914
0.940 0.075708
0.945 0.070232
0.950 0.063305
0.955 0.056841
0.960 0.052058
0.965 0.049107
0.970 0.046735
0.975 0.045683
0.980 0.043038
0.985 0.041461
0.990 0.040669
0.995 0.039844
1.000 0.038406
1.005 0.038191
1.010 0.038312
1.015 0.038413
1.020 0.039009
1.025 0.039800
1.030 0.040742
1.035 0.042078
1.040 0.043759
1.045 0.045557
1.050 0.047613
1.055 0.049783
1.060 0.051855
1.065 0.053682
1.070 0.055105
1.075 0.055996
1.080 0.056213
1.085 0.055854
1.090 0.055020
1.095 0.053853
1.100 0.052475
1.105 0.051036
1.110 0.049622
1.115 0.048064
1.120 0.046291
1.125 0.043960
1.130 0.040887
1.135 0.037131
1.140 0.033221
1.145 0.029733
1.150 0.027043
1.155 0.025052
1.160 0.023573
1.165 0.022373
1.170 0.021339
1.175 0.020434
1.180 0.019609
1.185 0.018864
1.190 0.018173
1.195 0.017602
1.200 0.017064
1.205 0.016613
1.210 0.016278
1.215 0.016012
1.220 0.015828
1.225 0.015625
1.230 0.015493
1.235 0.015402
1.240 0.015350
1.245 0.015322
1.250 0.015309
1.255 0.015332
1.260 0.015356
1.265 0.015434
1.270 0.015461
1.275 0.015515
1.280 0.015548
1.285 0.015488
1.290 0.015431
1.295 0.015271
1.300 0.015117
1.305 0.014923
1.310 0.014654
1.315 0.014382
1.320 0.014096
1.325 0.013752
1.330 0.013432
1.335 0.013130
1.340 0.012830
1.345 0.012605
1.350 0.012373
1.355 0.012155
1.360 0.011928
1.365 0.011748
1.370 0.011486
1.375 0.011150
1.380 0.010773
1.385 0.010378
1.390 0.010014
1.395 0.009749
1.400 0.009531
1.405 0.009394
1.410 0.009301
1.415 0.009219
1.420 0.009155
1.425 0.009101
1.430 0.009091
1.435 0.009055
1.440 0.009026
1.445 0.009027
1.450 0.009006
1.455 0.008975
1.460 0.008968
1.465 0.008935
1.470 0.008918
1.475 0.008923
1.480 0.008935
1.485 0.008942
1.490 0.008907
1.495 0.008948
1.500 0.008939
1.505 0.008929
1.510 0.008959
1.515 0.008956
1.520 0.008943
1.525 0.008965
1.530 0.008950
1.535 0.008953
1.540 0.008961
1.545 0.008995
1.550 0.008979
1.555 0.008973
1.560 0.008994
1.565 0.009006
1.570 0.009006
1.575 0.009007
1.580 0.009029
1.585 0.009027
1.590 0.009030
1.595 0.009041
1.600 0.009054
1.605 0.009062
1.610 0.009056
1.615 0.009090
1.620 0.009063
1.625 0.009080
1.630 0.009104
1.635 0.009085
1.640 0.009112
1.645 0.009119
1.650 0.009109
1.655 0.009120
1.660 0.009122
1.665 0.009127
1.670 0.009136
1.675 0.009139
1.680 0.009147
1.685 0.009153
1.690 0.009148
1.695 0.009172
1.700 0.009185
1.705 0.009167
1.710 0.009204
1.715 0.009215
1.720 0.009175
1.725 0.009190
1.730 0.009179
1.735 0.009154
1.740 0.009167
1.745 0.009175
1.750 0.009172
1.755 0.009160
1.760 0.009143
1.765 0.009133
1.770 0.009140
1.775 0.009147
1.780 0.009125
1.785 0.009177
1.790 0.009187
1.795 0.008949
1.800 0.008940
1.805 0.009301
1.810 0.009175
1.815 0.009272
1.820 0.009057
1.825 0.009113
1.830 0.009045
1.835 0.009139
1.840 0.009096
1.845 0.009085
1.850 0.008881
1.855 0.008977
1.860 0.009013
1.865 0.009071
1.870 0.009075
1.875 0.008884
1.880 0.008893
1.885 0.008790
1.890 0.008825
1.895 0.008675
1.900 0.008654
1.905 0.008640
1.910 0.008583
1.915 0.008393
1.920 0.008516
1.925 0.008590
1.930 0.008799
1.935 0.008652
1.940 0.008611
1.945 0.008627
1.950 0.008689
1.955 0.008508
1.960 0.008460
1.965 0.008414
1.970 0.008371
1.975 0.008370
1.980 0.008356
1.985 0.008375
1.990 0.008430
1.995 0.008348
2.000 0.008345
2.005 0.008367
2.010 0.008347
2.015 0.008354
2.020 0.008226
2.025 0.008430
2.030 0.008372
2.035 0.008304
2.040 0.008271
2.045 0.008446
2.050 0.008296
2.055 0.008497
2.060 0.008342
2.065 0.008349
2.070 0.008478
2.075 0.008416
2.080 0.008219
2.085 0.008148
2.090 0.008146
2.095 0.008352
2.100 0.008452
2.105 0.008449
2.110 0.008550
2.115 0.008290
2.120 0.008245
2.125 0.008017
2.130 0.008364
2.135 0.008282
2.140 0.008429
2.145 0.008337
2.150 0.008411
2.155 0.008304
2.160 0.008284
2.165 0.008530
2.170 0.008606
2.175 0.008472
2.180 0.008417
2.185 0.008613
2.190 0.008489
2.195 0.008418
2.200 0.008144
2.205 0.008240
2.210 0.008315
2.215 0.008310
2.220 0.008198
2.225 0.008055
2.230 0.008133
2.235 0.007941
2.240 0.007958
2.245 0.007713
2.250 0.007834
2.255 0.007868
2.260 0.007753
2.265 0.007849
2.270 0.007774
2.275 0.007477
2.280 0.007393
2.285 0.007693
2.290 0.007741
2.295 0.007495
2.300 0.007355
2.305 0.007673
2.310 0.007530
2.315 0.007418
2.320 0.007511
2.325 0.007396
2.330 0.007410
2.335 0.007293
2.340 0.007347
2.345 0.007069
2.350 0.007143
2.355 0.007150
2.360 0.007055
2.365 0.007637
2.370 0.007737
2.375 0.007607
2.380 0.007419
2.385 0.007533
2.390 0.007223
2.395 0.007514
2.400 0.007167
2.405 0.007534
2.410 0.007645
2.415 0.007343
2.420 0.007128
2.425 0.007026
2.430 0.007704
2.435 0.008241
2.440 0.008486
2.445 0.008286
2.450 0.008220
2.455 0.008145
2.460 0.008071
2.465 0.007996
2.470 0.007921
2.475 0.007847
2.480 0.007772
2.485 0.007697
2.490 0.007622
2.495 0.007548
2.500 0.007473
