0.350 0.817470
0.355 0.820290
0.360 0.820830
0.365 0.812340
0.370 0.813030
0.375 0.810980
0.380 0.806860
0.385 0.808050
0.390 0.808780
0.395 0.813180
0.400 0.820120
0.405 0.827360
0.410 0.829210
0.415 0.829600
0.420 0.831930
0.425 0.832320
0.430 0.833610
0.435 0.834490
0.440 0.834120
0.445 0.833030
0.450 0.832840
0.455 0.832820
0.460 0.832600
0.465 0.832880
0.470 0.832990
0.475 0.832740
0.480 0.833160
0.485 0.832480
0.490 0.832510
0.495 0.832150
0.500 0.832190
0.505 0.831930
0.510 0.831780
0.515 0.831730
0.520 0.831960
0.525 0.831900
0.530 0.832090
0.535 0.831950
0.540 0.832150
0.545 0.832320
0.550 0.832370
0.555 0.832430
0.560 0.832520
0.565 0.832540
0.570 0.832220
0.575 0.832200
0.580 0.832500
0.585 0.831460
0.590 0.831250
0.595 0.830750
0.600 0.829800
0.605 0.829290
0.610 0.828820
0.615 0.828230
0.620 0.827420
0.625 0.826430
0.630 0.825280
0.635 0.824390
0.640 0.823470
0.645 0.822610
0.650 0.821670
0.655 0.820640
0.660 0.819780
0.665 0.819000
0.670 0.818420
0.675 0.817950
0.680 0.817490
0.685 0.817190
0.690 0.816960
0.695 0.816470
0.700 0.815870
0.705 0.814960
0.710 0.814160
0.715 0.813430
0.720 0.812860
0.725 0.812220
0.730 0.811450
0.735 0.810350
0.740 0.809070
0.745 0.807400
0.750 0.805100
0.755 0.802350
0.760 0.798820
0.765 0.794870
0.770 0.790750
0.775 0.786330
0.780 0.782280
0.785 0.778430
0.790 0.775530
0.795 0.773390
0.800 0.771950
0.805 0.771520
0.810 0.771830
0.815 0.772730
0.820 0.773600
0.825 0.774010
0.830 0.773880
0.835 0.773170
0.840 0.771660
0.845 0.768900
0.850 0.765140
0.855 0.759800
0.860 0.753600
0.865 0.746850
0.870 0.739700
0.875 0.732040
0.880 0.723880
0.885 0.716530
0.890 0.710170
0.895 0.705110
0.900 0.701190
0.905 0.698390
0.910 0.696770
0.915 0.694200
0.920 0.692460
0.925 0.690140
0.930 0.687100
0.935 0.683600
0.940 0.678780
0.945 0.671570
0.950 0.662160
0.955 0.651540
0.960 0.640250
0.965 0.629750
0.970 0.616720
0.975 0.602960
0.980 0.587840
0.985 0.573640
0.990 0.560060
0.995 0.545970
1.000 0.533880
1.005 0.524580
1.010 0.516240
1.015 0.510650
1.020 0.506060
1.025 0.504890
1.030 0.506520
1.035 0.509890
1.040 0.515590
1.045 0.523070
1.050 0.532820
1.055 0.543360
1.060 0.554090
1.065 0.564370
1.070 0.572790
1.075 0.579090
1.080 0.582960
1.085 0.584610
1.090 0.583770
1.095 0.581450
1.100 0.577790
1.105 0.573610
1.110 0.569310
1.115 0.564380
1.120 0.558800
1.125 0.552240
1.130 0.543160
1.135 0.531380
1.140 0.516250
1.145 0.499110
1.150 0.480970
1.155 0.462250
1.160 0.442950
1.165 0.423590
1.170 0.404290
1.175 0.385000
1.180 0.366520
1.185 0.348830
1.190 0.332420
1.195 0.317480
1.200 0.303850
1.205 0.291800
1.210 0.281220
1.215 0.272490
1.220 0.265130
1.225 0.259540
1.230 0.254870
1.235 0.251420
1.240 0.248710
1.245 0.246980
1.250 0.246060
1.255 0.245990
1.260 0.246530
1.265 0.247910
1.270 0.249710
1.275 0.251880
1.280 0.253520
1.285 0.254580
1.290 0.254820
1.295 0.254110
1.300 0.252850
1.305 0.250910
1.310 0.248540
1.315 0.245590
1.320 0.242050
1.325 0.237950
1.330 0.233380
1.335 0.228610
1.340 0.223660
1.345 0.218700
1.350 0.213900
1.355 0.209190
1.360 0.204130
1.365 0.198280
1.370 0.190910
1.375 0.180880
1.380 0.167500
1.385 0.150840
1.390 0.131930
1.395 0.112630
1.400 0.094896
1.405 0.079397
1.410 0.066314
1.415 0.055071
1.420 0.045493
1.425 0.037251
1.430 0.030376
1.435 0.024734
1.440 0.020060
1.445 0.016468
1.450 0.013713
1.455 0.011653
1.460 0.010162
1.465 0.009154
1.470 0.008356
1.475 0.007785
1.480 0.007541
1.485 0.007330
1.490 0.007219
1.495 0.007243
1.500 0.007347
1.505 0.007439
1.510 0.007580
1.515 0.007730
1.520 0.007928
1.525 0.008063
1.530 0.008286
1.535 0.008574
1.540 0.008889
1.545 0.009263
1.550 0.009655
1.555 0.010124
1.560 0.010630
1.565 0.011217
1.570 0.011830
1.575 0.012583
1.580 0.013307
1.585 0.014044
1.590 0.014876
1.595 0.015656
1.600 0.016392
1.605 0.017054
1.610 0.017687
1.615 0.018308
1.620 0.018844
1.625 0.019418
1.630 0.020035
1.635 0.020689
1.640 0.021420
1.645 0.022163
1.650 0.023035
1.655 0.023840
1.660 0.024625
1.665 0.025498
1.670 0.026440
1.675 0.027307
1.680 0.028154
1.685 0.029134
1.690 0.030054
1.695 0.031065
1.700 0.031979
1.705 0.032781
1.710 0.033665
1.715 0.034442
1.720 0.035143
1.725 0.035813
1.730 0.036392
1.735 0.036846
1.740 0.037313
1.745 0.037539
1.750 0.037663
1.755 0.037868
1.760 0.037913
1.765 0.038118
1.770 0.038353
1.775 0.038701
1.780 0.039463
1.785 0.040265
1.790 0.040635
1.795 0.039859
1.800 0.040826
1.805 0.041464
1.810 0.043019
1.815 0.043911
1.820 0.044289
1.825 0.044299
1.830 0.045091
1.835 0.044677
1.840 0.044321
1.845 0.043469
1.850 0.041085
1.855 0.038542
1.860 0.034741
1.865 0.030460
1.870 0.025970
1.875 0.021069
1.880 0.016859
1.885 0.013215
1.890 0.010722
1.895 0.008674
1.900 0.007188
1.905 0.006419
1.910 0.005702
1.915 0.004990
1.920 0.004624
1.925 0.004515
1.930 0.004286
1.935 0.004458
1.940 0.004569
1.945 0.004219
1.950 0.004449
1.955 0.004196
1.960 0.003984
1.965 0.004183
1.970 0.004120
1.975 0.004094
1.980 0.004115
1.985 0.004094
1.990 0.004240
1.995 0.004472
2.000 0.004169
2.005 0.004038
2.010 0.004252
2.015 0.004330
2.020 0.004122
2.025 0.004316
2.030 0.004218
2.035 0.004084
2.040 0.004421
2.045 0.003611
2.050 0.003967
2.055 0.003966
2.060 0.004040
2.065 0.004095
2.070 0.004748
2.075 0.004666
2.080 0.004593
2.085 0.004323
2.090 0.004549
2.095 0.004984
2.100 0.005173
2.105 0.005107
2.110 0.005456
2.115 0.005549
2.120 0.006214
2.125 0.006392
2.130 0.006779
2.135 0.007231
2.140 0.008007
2.145 0.008440
2.150 0.008486
2.155 0.009542
2.160 0.009983
2.165 0.010422
2.170 0.011609
2.175 0.012250
2.180 0.012878
2.185 0.013820
2.190 0.013825
2.195 0.014730
2.200 0.015287
2.205 0.015788
2.210 0.016347
2.215 0.017078
2.220 0.017535
2.225 0.017889
2.230 0.018012
2.235 0.018575
2.240 0.018866
2.245 0.018897
2.250 0.019180
2.255 0.018877
2.260 0.018546
2.265 0.018140
2.270 0.017725
2.275 0.016723
2.280 0.015891
2.285 0.015241
2.290 0.014376
2.295 0.013645
2.300 0.012733
2.305 0.011523
2.310 0.010773
2.315 0.010135
2.320 0.009535
2.325 0.008986
2.330 0.008128
2.335 0.007733
2.340 0.007783
2.345 0.007382
2.350 0.007384
2.355 0.006847
2.360 0.006492
2.365 0.006561
2.370 0.006193
2.375 0.006522
2.380 0.006148
2.385 0.006302
2.390 0.006101
2.395 0.005727
2.400 0.005270
2.405 0.004580
2.410 0.004546
2.415 0.004394
2.420 0.004402
2.425 0.004402
2.430 0.004401
2.435 0.004400
2.440 0.004400
2.445 0.004398
2.450 0.004397
2.455 0.004397
2.460 0.004396
2.465 0.004395
2.470 0.004394
2.475 0.004394
2.480 0.004393
2.485 0.004393
2.490 0.004393
2.495 0.004393
2.500 0.004393
