0.350 0.017331
0.355 0.019064
0.360 0.020797
0.365 0.022530
0.370 0.024263
0.375 0.025997
0.380 0.027730
0.385 0.029463
0.390 0.031196
0.395 0.032929
0.400 0.034662
0.405 0.035125
0.410 0.038523
0.415 0.035857
0.420 0.036132
0.425 0.037843
0.430 0.036783
0.435 0.035857
0.440 0.036002
0.445 0.035795
0.450 0.037021
0.455 0.036888
0.460 0.037478
0.465 0.038505
0.470 0.038175
0.475 0.038039
0.480 0.037820
0.485 0.038635
0.490 0.039077
0.495 0.041845
0.500 0.047036
0.505 0.056563
0.510 0.072691
0.515 0.097893
0.520 0.132360
0.525 0.169810
0.530 0.202410
0.535 0.224950
0.540 0.237410
0.545 0.244630
0.550 0.249950
0.555 0.251270
0.560 0.244640
0.565 0.229130
0.570 0.207210
0.575 0.184110
0.580 0.165320
0.585 0.151700
0.590 0.141720
0.595 0.134950
0.600 0.130170
0.605 0.125540
0.610 0.117370
0.615 0.107550
0.620 0.099329
0.625 0.094341
0.630 0.092181
0.635 0.088868
0.640 0.079531
0.645 0.066837
0.650 0.056717
0.655 0.052313
0.660 0.047616
0.665 0.042369
0.670 0.040218
0.675 0.041523
0.680 0.045350
0.685 0.053874
0.690 0.079454
0.695 0.146030
0.700 0.248670
0.705 0.361860
0.710 0.467700
0.715 0.564670
0.720 0.651950
0.725 0.726570
0.730 0.786580
0.735 0.832210
0.740 0.864620
0.745 0.886420
0.750 0.899550
0.755 0.906950
0.760 0.910870
0.765 0.912650
0.770 0.913220
0.775 0.913460
0.780 0.913930
0.785 0.914510
0.790 0.915270
0.795 0.915870
0.800 0.916440
0.805 0.917360
0.810 0.918540
0.815 0.919260
0.820 0.919960
0.825 0.920870
0.830 0.921570
0.835 0.922100
0.840 0.922860
0.845 0.923510
0.850 0.924110
0.855 0.924980
0.860 0.925660
0.865 0.925950
0.870 0.926320
0.875 0.926840
0.880 0.927260
0.885 0.927370
0.890 0.927540
0.895 0.927870
0.900 0.927990
0.905 0.928080
0.910 0.928120
0.915 0.928200
0.920 0.928190
0.925 0.927600
0.930 0.926990
0.935 0.925970
0.940 0.924520
0.945 0.922400
0.950 0.919820
0.955 0.916260
0.960 0.913120
0.965 0.911060
0.970 0.910970
0.975 0.911110
0.980 0.911910
0.985 0.912740
0.990 0.914470
0.995 0.916190
1.000 0.918310
1.005 0.922660
1.010 0.922220
1.015 0.924550
1.020 0.929610
1.025 0.929520
1.030 0.930880
1.035 0.933600
1.040 0.935260
1.045 0.936480
1.050 0.937660
1.055 0.938520
1.060 0.939960
1.065 0.941470
1.070 0.942050
1.075 0.942660
1.080 0.943120
1.085 0.942750
1.090 0.941560
1.095 0.940710
1.100 0.940710
1.105 0.939970
1.110 0.938890
1.115 0.938150
1.120 0.936230
1.125 0.933800
1.130 0.929420
1.135 0.922920
1.140 0.915480
1.145 0.906740
1.150 0.898680
1.155 0.892690
1.160 0.889250
1.165 0.886550
1.170 0.885790
1.175 0.886260
1.180 0.885440
1.185 0.885300
1.190 0.884910
1.195 0.884940
1.200 0.886240
1.205 0.886890
1.210 0.888180
1.215 0.890000
1.220 0.891920
1.225 0.893380
1.230 0.895010
1.235 0.897000
1.240 0.898430
1.245 0.900540
1.250 0.901290
1.255 0.902610
1.260 0.902770
1.265 0.903090
1.270 0.902380
1.275 0.902750
1.280 0.901080
1.285 0.900070
1.290 0.897500
1.295 0.895440
1.300 0.891700
1.305 0.886680
1.310 0.881240
1.315 0.874050
1.320 0.865850
1.325 0.856170
1.330 0.846400
1.335 0.834950
1.340 0.824660
1.345 0.814490
1.350 0.804780
1.355 0.794740
1.360 0.783460
1.365 0.769610
1.370 0.749650
1.375 0.723050
1.380 0.684620
1.385 0.634590
1.390 0.576390
1.395 0.517040
1.400 0.462600
1.405 0.418160
1.410 0.384930
1.415 0.362630
1.420 0.347840
1.425 0.338200
1.430 0.333130
1.435 0.331050
1.440 0.331140
1.445 0.332910
1.450 0.335490
1.455 0.338900
1.460 0.344570
1.465 0.352730
1.470 0.363720
1.475 0.376440
1.480 0.390280
1.485 0.405610
1.490 0.421180
1.495 0.436850
1.500 0.452280
1.505 0.467980
1.510 0.483320
1.515 0.498120
1.520 0.512790
1.525 0.526540
1.530 0.539280
1.535 0.552400
1.540 0.564320
1.545 0.575710
1.550 0.586680
1.555 0.597070
1.560 0.607060
1.565 0.616470
1.570 0.625520
1.575 0.633980
1.580 0.642510
1.585 0.650260
1.590 0.657760
1.595 0.664410
1.600 0.670970
1.605 0.677590
1.610 0.683990
1.615 0.689770
1.620 0.695420
1.625 0.699810
1.630 0.704910
1.635 0.708760
1.640 0.712830
1.645 0.716180
1.650 0.719010
1.655 0.720670
1.660 0.721120
1.665 0.721870
1.670 0.721790
1.675 0.720770
1.680 0.718890
1.685 0.715550
1.690 0.713160
1.695 0.709770
1.700 0.705920
1.705 0.702760
1.710 0.698410
1.715 0.694190
1.720 0.689230
1.725 0.684430
1.730 0.678830
1.735 0.674410
1.740 0.668810
1.745 0.662270
1.750 0.655000
1.755 0.647600
1.760 0.640610
1.765 0.633850
1.770 0.627960
1.775 0.622990
1.780 0.619350
1.785 0.616410
1.790 0.614850
1.795 0.614060
1.800 0.613910
1.805 0.609070
1.810 0.609000
1.815 0.608450
1.820 0.607360
1.825 0.605440
1.830 0.601920
1.835 0.596830
1.840 0.588600
1.845 0.576240
1.850 0.558770
1.855 0.534090
1.860 0.500820
1.865 0.457810
1.870 0.403710
1.875 0.342160
1.880 0.278290
1.885 0.217960
1.890 0.166520
1.895 0.127770
1.900 0.102060
1.905 0.086368
1.910 0.077626
1.915 0.073051
1.920 0.071068
1.925 0.070927
1.930 0.072200
1.935 0.074770
1.940 0.078470
1.945 0.082934
1.950 0.088174
1.955 0.094330
1.960 0.100950
1.965 0.108200
1.970 0.115960
1.975 0.124250
1.980 0.133030
1.985 0.142090
1.990 0.151530
1.995 0.161210
2.000 0.170800
2.005 0.180370
2.010 0.189870
2.015 0.198960
2.020 0.207860
2.025 0.216510
2.030 0.224610
2.035 0.232260
2.040 0.239590
2.045 0.246650
2.050 0.253440
2.055 0.260160
2.060 0.266870
2.065 0.273630
2.070 0.280490
2.075 0.287090
2.080 0.293780
2.085 0.300240
2.090 0.306700
2.095 0.313050
2.100 0.319490
2.105 0.325740
2.110 0.331980
2.115 0.338020
2.120 0.343870
2.125 0.349660
2.130 0.355080
2.135 0.360210
2.140 0.365000
2.145 0.369580
2.150 0.373960
2.155 0.378110
2.160 0.381600
2.165 0.385140
2.170 0.388400
2.175 0.391790
2.180 0.394860
2.185 0.398260
2.190 0.401080
2.195 0.403660
2.200 0.405460
2.205 0.406940
2.210 0.407520
2.215 0.407570
2.220 0.406720
2.225 0.404790
2.230 0.401640
2.235 0.397060
2.240 0.391870
2.245 0.386130
2.250 0.379950
2.255 0.373030
2.260 0.365910
2.265 0.358540
2.270 0.351380
2.275 0.344820
2.280 0.339310
2.285 0.333920
2.290 0.328160
2.295 0.322210
2.300 0.315650
2.305 0.308960
2.310 0.302920
2.315 0.297840
2.320 0.292740
2.325 0.287700
2.330 0.281960
2.335 0.276170
2.340 0.269850
2.345 0.263780
2.350 0.258050
2.355 0.252430
2.360 0.247060
2.365 0.241310
2.370 0.235530
2.375 0.229700
2.380 0.224010
2.385 0.218140
2.390 0.211810
2.395 0.205820
2.400 0.199270
2.405 0.192600
2.410 0.186210
2.415 0.180410
2.420 0.172530
2.425 0.166780
2.430 0.159660
2.435 0.152480
2.440 0.146550
2.445 0.139080
2.450 0.133180
2.455 0.127420
2.460 0.121430
2.465 0.115720
2.470 0.111890
2.475 0.108170
2.480 0.101810
2.485 0.101700
2.490 0.094755
2.495 0.095958
2.500 0.090489
