0.350 0.052600
0.355 0.052839
0.360 0.053200
0.365 0.053539
0.370 0.054000
0.375 0.054563
0.380 0.055100
0.385 0.055603
0.390 0.056200
0.395 0.056591
0.400 0.057100
0.405 0.057463
0.410 0.057800
0.415 0.058041
0.420 0.058400
0.425 0.058750
0.430 0.059100
0.435 0.059460
0.440 0.059700
0.445 0.059838
0.450 0.060000
0.455 0.060112
0.460 0.060200
0.465 0.060288
0.470 0.060400
0.475 0.060500
0.480 0.060600
0.485 0.060599
0.490 0.060600
0.495 0.060839
0.500 0.061200
0.505 0.061337
0.510 0.061500
0.515 0.061590
0.520 0.061800
0.525 0.061853
0.530 0.062000
0.535 0.062113
0.540 0.062200
0.545 0.062253
0.550 0.062400
0.555 0.062450
0.560 0.062500
0.565 0.062600
0.570 0.062700
0.575 0.062703
0.580 0.062800
0.585 0.062800
0.590 0.062800
0.595 0.062897
0.600 0.062900
0.605 0.062900
0.610 0.062900
0.615 0.062950
0.620 0.063000
0.625 0.063000
0.630 0.063000
0.635 0.062986
0.640 0.063000
0.645 0.063036
0.650 0.063100
0.655 0.063100
0.660 0.063100
0.665 0.063150
0.670 0.063200
0.675 0.063200
0.680 0.063200
0.685 0.063263
0.690 0.063300
0.695 0.063301
0.700 0.063300
0.705 0.063303
0.710 0.063400
0.715 0.063401
0.720 0.063400
0.725 0.063399
0.730 0.063400
0.735 0.063497
0.740 0.063500
0.745 0.063499
0.750 0.063500
0.755 0.063597
0.760 0.063600
0.765 0.063600
0.770 0.063600
0.775 0.063651
0.780 0.063700
0.785 0.063713
0.790 0.063700
0.795 0.063760
0.800 0.063700
0.805 0.063755
0.810 0.063751
0.815 0.063721
0.820 0.063700
0.825 0.063709
0.830 0.063731
0.835 0.063738
0.840 0.063700
0.845 0.063608
0.850 0.063532
0.855 0.063564
0.860 0.063800
0.865 0.064305
0.870 0.064988
0.875 0.065727
0.880 0.066400
0.885 0.066910
0.890 0.067253
0.895 0.067447
0.900 0.067500
0.905 0.067420
0.910 0.067220
0.915 0.066912
0.920 0.066500
0.925 0.065999
0.930 0.065458
0.935 0.064938
0.940 0.064500
0.945 0.064189
0.950 0.063989
0.955 0.063868
0.960 0.063800
0.965 0.063763
0.970 0.063751
0.975 0.063763
0.980 0.063800
0.985 0.063860
0.990 0.063936
0.995 0.064018
1.000 0.064100
1.005 0.064173
1.010 0.064233
1.015 0.064277
1.020 0.064300
1.025 0.064300
1.030 0.064290
1.035 0.064285
1.040 0.064300
1.045 0.064345
1.050 0.064406
1.055 0.064465
1.060 0.064500
1.065 0.064499
1.070 0.064471
1.075 0.064433
1.080 0.064400
1.085 0.064384
1.090 0.064383
1.095 0.064390
1.100 0.064400
1.105 0.064407
1.110 0.064411
1.115 0.064409
1.120 0.064400
1.125 0.064384
1.130 0.064361
1.135 0.064332
1.140 0.064300
1.145 0.064267
1.150 0.064246
1.155 0.064251
1.160 0.064300
1.165 0.064401
1.170 0.064525
1.175 0.064637
1.180 0.064700
1.185 0.064688
1.190 0.064626
1.195 0.064551
1.200 0.064500
1.205 0.064499
1.210 0.064532
1.215 0.064574
1.220 0.064600
1.225 0.064590
1.230 0.064549
1.235 0.064483
1.240 0.064400
1.245 0.064308
1.250 0.064219
1.255 0.064145
1.260 0.064100
1.265 0.064094
1.270 0.064118
1.275 0.064157
1.280 0.064200
1.285 0.064235
1.290 0.064263
1.295 0.064284
1.300 0.064300
1.305 0.064311
1.310 0.064317
1.315 0.064314
1.320 0.064300
1.325 0.064273
1.330 0.064231
1.335 0.064174
1.340 0.064100
1.345 0.064010
1.350 0.063917
1.355 0.063841
1.360 0.063800
1.365 0.063805
1.370 0.063840
1.375 0.063879
1.380 0.063900
1.385 0.063886
1.390 0.063850
1.395 0.063814
1.400 0.063800
1.405 0.063821
1.410 0.063861
1.415 0.063895
1.420 0.063900
1.425 0.063859
1.430 0.063793
1.435 0.063731
1.440 0.063700
1.445 0.063722
1.450 0.063779
1.455 0.063846
1.460 0.063900
1.465 0.063922
1.470 0.063919
1.475 0.063907
1.480 0.063900
1.485 0.063906
1.490 0.063918
1.495 0.063920
1.500 0.063900
1.505 0.063848
1.510 0.063772
1.515 0.063685
1.520 0.063600
1.525 0.063528
1.530 0.063480
1.535 0.063467
1.540 0.063500
1.545 0.063586
1.550 0.063701
1.555 0.063816
1.560 0.063900
1.565 0.063931
1.570 0.063926
1.575 0.063908
1.580 0.063900
1.585 0.063920
1.590 0.063955
1.595 0.063988
1.600 0.064000
1.605 0.063978
1.610 0.063930
1.615 0.063867
1.620 0.063800
1.625 0.063741
1.630 0.063698
1.635 0.063681
1.640 0.063700
1.645 0.063759
1.650 0.063834
1.655 0.063892
1.660 0.063900
1.665 0.063838
1.670 0.063738
1.675 0.063644
1.680 0.063600
1.685 0.063638
1.690 0.063728
1.695 0.063829
1.700 0.063900
1.705 0.063910
1.710 0.063877
1.715 0.063831
1.720 0.063800
1.725 0.063803
1.730 0.063823
1.735 0.063831
1.740 0.063800
1.745 0.063712
1.750 0.063593
1.755 0.063477
1.760 0.063400
1.765 0.063387
1.770 0.063418
1.775 0.063465
1.780 0.063500
1.785 0.063500
1.790 0.063475
1.795 0.063437
1.800 0.063400
1.805 0.063376
1.810 0.063368
1.815 0.063376
1.820 0.063400
1.825 0.063440
1.830 0.063482
1.835 0.063507
1.840 0.063500
1.845 0.063447
1.850 0.063365
1.855 0.063276
1.860 0.063200
1.865 0.063153
1.870 0.063119
1.875 0.063076
1.880 0.063000
1.885 0.062877
1.890 0.062731
1.895 0.062595
1.900 0.062500
1.905 0.062470
1.910 0.062482
1.915 0.062503
1.920 0.062500
1.925 0.062453
1.930 0.062393
1.935 0.062360
1.940 0.062400
1.945 0.062538
1.950 0.062728
1.955 0.062904
1.960 0.063000
1.965 0.062972
1.970 0.062868
1.975 0.062754
1.980 0.062700
1.985 0.062753
1.990 0.062875
1.995 0.063009
2.000 0.063100
2.005 0.063105
2.010 0.063049
2.015 0.062968
2.020 0.062900
2.025 0.062872
2.030 0.062875
2.035 0.062890
2.040 0.062900
2.045 0.062890
2.050 0.062855
2.055 0.062793
2.060 0.062700
2.065 0.062577
2.070 0.062448
2.075 0.062345
2.080 0.062300
2.085 0.062334
2.090 0.062421
2.095 0.062522
2.100 0.062600
2.105 0.062627
2.110 0.062610
2.115 0.062564
2.120 0.062500
2.125 0.062433
2.130 0.062381
2.135 0.062363
2.140 0.062400
2.145 0.062504
2.150 0.062646
2.155 0.062791
2.160 0.062900
2.165 0.062946
2.170 0.062935
2.175 0.062882
2.180 0.062800
2.185 0.062704
2.190 0.062619
2.195 0.062574
2.200 0.062600
2.205 0.062710
2.210 0.062837
2.215 0.062897
2.220 0.062800
2.225 0.062506
2.230 0.062178
2.235 0.062035
2.240 0.062300
2.245 0.063111
2.250 0.064217
2.255 0.065276
2.260 0.065943
2.265 0.065973
2.270 0.065549
2.275 0.064952
2.280 0.064455
2.285 0.064265
2.290 0.064314
2.295 0.064473
2.300 0.064619
2.305 0.064655
2.310 0.064585
2.315 0.064440
2.320 0.064244
2.325 0.064030
2.330 0.063859
2.335 0.063804
2.340 0.063942
2.345 0.064311
2.350 0.064773
2.355 0.065146
2.360 0.065247
2.365 0.064951
2.370 0.064408
2.375 0.063829
2.380 0.063423
2.385 0.063348
2.390 0.063543
2.395 0.063896
2.400 0.064306
2.405 0.064675
2.410 0.064931
2.415 0.065001
2.420 0.064805
2.425 0.064296
2.430 0.063593
2.435 0.062850
2.440 0.062221
2.445 0.061828
2.450 0.061658
2.455 0.061672
2.460 0.061836
2.465 0.062113
2.470 0.062414
2.475 0.062642
2.480 0.062694
2.485 0.062514
2.490 0.062243
2.495 0.062073
2.500 0.062198
