0.350 0.015825
0.355 0.017407
0.360 0.018990
0.365 0.020573
0.370 0.022155
0.375 0.023737
0.380 0.025320
0.385 0.026902
0.390 0.028485
0.395 0.030067
0.400 0.031650
0.405 0.033191
0.410 0.033871
0.415 0.036104
0.420 0.038174
0.425 0.040157
0.430 0.041600
0.435 0.043692
0.440 0.044535
0.445 0.045533
0.450 0.046145
0.455 0.046948
0.460 0.048420
0.465 0.049142
0.470 0.049471
0.475 0.048548
0.480 0.049286
0.485 0.048736
0.490 0.049402
0.495 0.050698
0.500 0.053305
0.505 0.056204
0.510 0.061537
0.515 0.069116
0.520 0.079185
0.525 0.089940
0.530 0.099539
0.535 0.106380
0.540 0.109520
0.545 0.112550
0.550 0.113910
0.555 0.114290
0.560 0.111850
0.565 0.108820
0.570 0.102030
0.575 0.096127
0.580 0.091713
0.585 0.088735
0.590 0.085879
0.595 0.085131
0.600 0.083413
0.605 0.082251
0.610 0.079106
0.615 0.076258
0.620 0.073841
0.625 0.073585
0.630 0.073319
0.635 0.073039
0.640 0.070673
0.645 0.066796
0.650 0.063519
0.655 0.061934
0.660 0.060375
0.665 0.057381
0.670 0.055007
0.675 0.054056
0.680 0.054124
0.685 0.055966
0.690 0.065874
0.695 0.086513
0.700 0.121510
0.705 0.161990
0.710 0.205710
0.715 0.252090
0.720 0.300060
0.725 0.348890
0.730 0.393590
0.735 0.431120
0.740 0.459490
0.745 0.483800
0.750 0.499620
0.755 0.510230
0.760 0.518020
0.765 0.523490
0.770 0.527510
0.775 0.529860
0.780 0.530550
0.785 0.533540
0.790 0.534600
0.795 0.535420
0.800 0.536820
0.805 0.537500
0.810 0.539150
0.815 0.539940
0.820 0.539710
0.825 0.541540
0.830 0.542790
0.835 0.541880
0.840 0.542630
0.845 0.543730
0.850 0.544400
0.855 0.545600
0.860 0.546620
0.865 0.546690
0.870 0.546690
0.875 0.547480
0.880 0.548620
0.885 0.549160
0.890 0.548790
0.895 0.548000
0.900 0.546960
0.905 0.545680
0.910 0.544340
0.915 0.544020
0.920 0.545090
0.925 0.545260
0.930 0.543170
0.935 0.540590
0.940 0.537650
0.945 0.532340
0.950 0.525070
0.955 0.517180
0.960 0.511090
0.965 0.507290
0.970 0.504440
0.975 0.501260
0.980 0.501550
0.985 0.503150
0.990 0.503950
0.995 0.505240
1.000 0.508700
1.005 0.513120
1.010 0.516410
1.015 0.519420
1.020 0.523210
1.025 0.528030
1.030 0.532250
1.035 0.534920
1.040 0.539130
1.045 0.542960
1.050 0.545080
1.055 0.547210
1.060 0.550270
1.065 0.552900
1.070 0.552610
1.075 0.553210
1.080 0.553320
1.085 0.554840
1.090 0.553740
1.095 0.551320
1.100 0.549960
1.105 0.549540
1.110 0.546780
1.115 0.545840
1.120 0.543510
1.125 0.537530
1.130 0.530190
1.135 0.517590
1.140 0.499890
1.145 0.479850
1.150 0.462170
1.155 0.446900
1.160 0.437270
1.165 0.431240
1.170 0.426580
1.175 0.421560
1.180 0.418430
1.185 0.414970
1.190 0.412080
1.195 0.409280
1.200 0.408090
1.205 0.407390
1.210 0.409460
1.215 0.412250
1.220 0.415140
1.225 0.421330
1.230 0.427200
1.235 0.429770
1.240 0.433540
1.245 0.436960
1.250 0.439820
1.255 0.442220
1.260 0.444150
1.265 0.445840
1.270 0.446590
1.275 0.446620
1.280 0.446360
1.285 0.445460
1.290 0.442930
1.295 0.438360
1.300 0.434140
1.305 0.428790
1.310 0.420900
1.315 0.411670
1.320 0.402320
1.325 0.391090
1.330 0.378410
1.335 0.364330
1.340 0.352450
1.345 0.341530
1.350 0.331140
1.355 0.321840
1.360 0.314010
1.365 0.304970
1.370 0.294890
1.375 0.279960
1.380 0.261720
1.385 0.238170
1.390 0.210460
1.395 0.183060
1.400 0.158890
1.405 0.140820
1.410 0.125580
1.415 0.113740
1.420 0.107510
1.425 0.102480
1.430 0.097686
1.435 0.094830
1.440 0.093512
1.445 0.091035
1.450 0.091423
1.455 0.092310
1.460 0.090893
1.465 0.091137
1.470 0.092831
1.475 0.094800
1.480 0.096864
1.485 0.099946
1.490 0.104160
1.495 0.107670
1.500 0.111140
1.505 0.116430
1.510 0.118040
1.515 0.123060
1.520 0.127250
1.525 0.131670
1.530 0.135340
1.535 0.139460
1.540 0.143470
1.545 0.145470
1.550 0.149740
1.555 0.155030
1.560 0.159000
1.565 0.162240
1.570 0.166070
1.575 0.168940
1.580 0.171470
1.585 0.174480
1.590 0.178020
1.595 0.181160
1.600 0.184420
1.605 0.188170
1.610 0.191200
1.615 0.193580
1.620 0.195850
1.625 0.198330
1.630 0.200120
1.635 0.201720
1.640 0.203790
1.645 0.205710
1.650 0.206760
1.655 0.207270
1.660 0.207940
1.665 0.207020
1.670 0.205130
1.675 0.203510
1.680 0.201930
1.685 0.200410
1.690 0.199070
1.695 0.197870
1.700 0.196010
1.705 0.192550
1.710 0.189920
1.715 0.188490
1.720 0.185290
1.725 0.181610
1.730 0.179350
1.735 0.177870
1.740 0.176880
1.745 0.176540
1.750 0.176930
1.755 0.177000
1.760 0.174040
1.765 0.169920
1.770 0.167380
1.775 0.167330
1.780 0.168760
1.785 0.169550
1.790 0.168890
1.795 0.167370
1.800 0.167160
1.805 0.167830
1.810 0.168360
1.815 0.168850
1.820 0.169550
1.825 0.170150
1.830 0.170230
1.835 0.169430
1.840 0.167260
1.845 0.164290
1.850 0.160750
1.855 0.155960
1.860 0.148700
1.865 0.138810
1.870 0.125660
1.875 0.110900
1.880 0.095850
1.885 0.081443
1.890 0.068758
1.895 0.058682
1.900 0.052587
1.905 0.048693
1.910 0.045740
1.915 0.043397
1.920 0.041769
1.925 0.040954
1.930 0.041228
1.935 0.041998
1.940 0.042778
1.945 0.043422
1.950 0.043797
1.955 0.043827
1.960 0.043501
1.965 0.043869
1.970 0.045973
1.975 0.048178
1.980 0.048860
1.985 0.048899
1.990 0.049250
1.995 0.050204
2.000 0.052013
2.005 0.054018
2.010 0.055602
2.015 0.056835
2.020 0.057804
2.025 0.058792
2.030 0.060041
2.035 0.061321
2.040 0.062366
2.045 0.063118
2.050 0.063514
2.055 0.063934
2.060 0.064741
2.065 0.065720
2.070 0.066661
2.075 0.067589
2.080 0.068600
2.085 0.069970
2.090 0.071947
2.095 0.073638
2.100 0.074089
2.105 0.073816
2.110 0.073380
2.115 0.073730
2.120 0.075769
2.125 0.078003
2.130 0.079028
2.135 0.079858
2.140 0.081490
2.145 0.082850
2.150 0.082871
2.155 0.083183
2.160 0.085380
2.165 0.087496
2.170 0.087573
2.175 0.087428
2.180 0.088896
2.185 0.090613
2.190 0.091150
2.195 0.091361
2.200 0.092116
2.205 0.092813
2.210 0.092802
2.215 0.092788
2.220 0.093385
2.225 0.093398
2.230 0.091541
2.235 0.089156
2.240 0.087558
2.245 0.086459
2.250 0.085441
2.255 0.083877
2.260 0.081275
2.265 0.079293
2.270 0.079519
2.275 0.079622
2.280 0.077265
2.285 0.074260
2.290 0.072448
2.295 0.071140
2.300 0.069504
2.305 0.067357
2.310 0.064720
2.315 0.063161
2.320 0.064195
2.325 0.065112
2.330 0.063250
2.335 0.060711
2.340 0.059630
2.345 0.059090
2.350 0.058033
2.355 0.056494
2.360 0.054654
2.365 0.053434
2.370 0.053775
2.375 0.054571
2.380 0.054761
2.385 0.054526
2.390 0.054066
2.395 0.053446
2.400 0.052602
2.405 0.051408
2.410 0.050057
2.415 0.048748
2.420 0.047710
2.425 0.046998
2.430 0.046408
2.435 0.045827
2.440 0.045147
2.445 0.044262
2.450 0.043271
2.455 0.042260
2.460 0.041296
2.465 0.040497
2.470 0.040061
2.475 0.039873
2.480 0.039779
2.485 0.039716
2.490 0.039656
2.495 0.039571
2.500 0.039423
