0.350 0.040727
0.355 0.044800
0.360 0.048872
0.365 0.052945
0.370 0.057018
0.375 0.061091
0.380 0.065163
0.385 0.069236
0.390 0.073309
0.395 0.077381
0.400 0.081454
0.405 0.081588
0.410 0.082156
0.415 0.082696
0.420 0.083670
0.425 0.084890
0.430 0.085594
0.435 0.085490
0.440 0.085420
0.445 0.085501
0.450 0.085810
0.455 0.085088
0.460 0.084504
0.465 0.084707
0.470 0.083881
0.475 0.083458
0.480 0.082912
0.485 0.081869
0.490 0.081399
0.495 0.082118
0.500 0.082437
0.505 0.083633
0.510 0.086397
0.515 0.090780
0.520 0.096919
0.525 0.102950
0.530 0.107740
0.535 0.110770
0.540 0.111600
0.545 0.111980
0.550 0.111500
0.555 0.110790
0.560 0.108890
0.565 0.105650
0.570 0.101050
0.575 0.095562
0.580 0.092514
0.585 0.089573
0.590 0.087208
0.595 0.085457
0.600 0.084654
0.605 0.083551
0.610 0.081093
0.615 0.078696
0.620 0.076821
0.625 0.074834
0.630 0.074237
0.635 0.073198
0.640 0.071369
0.645 0.068908
0.650 0.066386
0.655 0.065405
0.660 0.063792
0.665 0.061757
0.670 0.060065
0.675 0.059247
0.680 0.057667
0.685 0.058687
0.690 0.062756
0.695 0.073010
0.700 0.091208
0.705 0.112710
0.710 0.136350
0.715 0.162390
0.720 0.193010
0.725 0.226850
0.730 0.261450
0.735 0.294250
0.740 0.322830
0.745 0.346090
0.750 0.363660
0.755 0.375890
0.760 0.384310
0.765 0.389630
0.770 0.392560
0.775 0.395400
0.780 0.396600
0.785 0.397530
0.790 0.398700
0.795 0.399280
0.800 0.398200
0.805 0.398510
0.810 0.399750
0.815 0.398990
0.820 0.398920
0.825 0.398860
0.830 0.397650
0.835 0.396800
0.840 0.396910
0.845 0.397150
0.850 0.397130
0.855 0.397330
0.860 0.397720
0.865 0.398110
0.870 0.398280
0.875 0.397920
0.880 0.397320
0.885 0.396960
0.890 0.396870
0.895 0.396380
0.900 0.395190
0.905 0.394250
0.910 0.393920
0.915 0.392640
0.920 0.389600
0.925 0.386920
0.930 0.385330
0.935 0.381440
0.940 0.374610
0.945 0.368050
0.950 0.359920
0.955 0.348740
0.960 0.339900
0.965 0.334770
0.970 0.332160
0.975 0.331490
0.980 0.331430
0.985 0.331660
0.990 0.331820
0.995 0.333180
1.000 0.337080
1.005 0.339540
1.010 0.342220
1.015 0.345750
1.020 0.350170
1.025 0.355450
1.030 0.359610
1.035 0.361310
1.040 0.363050
1.045 0.366120
1.050 0.369900
1.055 0.371590
1.060 0.372810
1.065 0.374370
1.070 0.374980
1.075 0.374350
1.080 0.372250
1.085 0.371830
1.090 0.370290
1.095 0.368180
1.100 0.365260
1.105 0.362150
1.110 0.360940
1.115 0.358540
1.120 0.355150
1.125 0.350560
1.130 0.341980
1.135 0.329390
1.140 0.313010
1.145 0.295030
1.150 0.280390
1.155 0.269600
1.160 0.263340
1.165 0.258810
1.170 0.256890
1.175 0.255740
1.180 0.253660
1.185 0.252320
1.190 0.249710
1.195 0.249320
1.200 0.247440
1.205 0.248630
1.210 0.249100
1.215 0.249300
1.220 0.251160
1.225 0.252760
1.230 0.254760
1.235 0.256900
1.240 0.258430
1.245 0.259920
1.250 0.261250
1.255 0.261770
1.260 0.262290
1.265 0.263210
1.270 0.263060
1.275 0.262490
1.280 0.260830
1.285 0.260050
1.290 0.257580
1.295 0.254740
1.300 0.250070
1.305 0.244950
1.310 0.238790
1.315 0.233160
1.320 0.225050
1.325 0.216870
1.330 0.206560
1.335 0.197070
1.340 0.189490
1.345 0.183100
1.350 0.176060
1.355 0.169540
1.360 0.165930
1.365 0.159990
1.370 0.152690
1.375 0.142620
1.380 0.129400
1.385 0.113790
1.390 0.098644
1.395 0.080833
1.400 0.069118
1.405 0.060241
1.410 0.052415
1.415 0.048144
1.420 0.044826
1.425 0.042916
1.430 0.041431
1.435 0.039815
1.440 0.038733
1.445 0.038552
1.450 0.038383
1.455 0.037696
1.460 0.038817
1.465 0.038889
1.470 0.038997
1.475 0.041931
1.480 0.040911
1.485 0.043643
1.490 0.045363
1.495 0.046178
1.500 0.048263
1.505 0.051038
1.510 0.053338
1.515 0.056954
1.520 0.059244
1.525 0.059311
1.530 0.062657
1.535 0.065396
1.540 0.067822
1.545 0.070212
1.550 0.071878
1.555 0.074546
1.560 0.077487
1.565 0.079590
1.570 0.081839
1.575 0.083303
1.580 0.085330
1.585 0.087572
1.590 0.088516
1.595 0.090934
1.600 0.093801
1.605 0.095483
1.610 0.097295
1.615 0.098926
1.620 0.100500
1.625 0.102570
1.630 0.103760
1.635 0.103950
1.640 0.104590
1.645 0.107690
1.650 0.108410
1.655 0.107210
1.660 0.109110
1.665 0.109660
1.670 0.108550
1.675 0.107500
1.680 0.106790
1.685 0.107410
1.690 0.109660
1.695 0.110410
1.700 0.108550
1.705 0.104610
1.710 0.101870
1.715 0.101510
1.720 0.101330
1.725 0.099797
1.730 0.096878
1.735 0.096383
1.740 0.097254
1.745 0.095529
1.750 0.092327
1.755 0.089533
1.760 0.089052
1.765 0.087981
1.770 0.084392
1.775 0.083889
1.780 0.085069
1.785 0.082710
1.790 0.081282
1.795 0.082379
1.800 0.081823
1.805 0.080584
1.810 0.080927
1.815 0.081537
1.820 0.080967
1.825 0.080093
1.830 0.079798
1.835 0.079360
1.840 0.077932
1.845 0.075933
1.850 0.073615
1.855 0.070361
1.860 0.065251
1.865 0.058767
1.870 0.051138
1.875 0.042975
1.880 0.034783
1.885 0.027331
1.890 0.021570
1.895 0.017480
1.900 0.015402
1.905 0.014791
1.910 0.015399
1.915 0.016103
1.920 0.015970
1.925 0.015710
1.930 0.016004
1.935 0.016045
1.940 0.014998
1.945 0.013953
1.950 0.013998
1.955 0.014289
1.960 0.014049
1.965 0.014225
1.970 0.015783
1.975 0.017141
1.980 0.016733
1.985 0.016090
1.990 0.016728
1.995 0.017502
2.000 0.017234
2.005 0.016945
2.010 0.017680
2.015 0.018473
2.020 0.018385
2.025 0.018516
2.030 0.019996
2.035 0.021561
2.040 0.021931
2.045 0.021920
2.050 0.022343
2.055 0.022755
2.060 0.022712
2.065 0.023045
2.070 0.024579
2.075 0.025968
2.080 0.025918
2.085 0.025893
2.090 0.027308
2.095 0.028489
2.100 0.027782
2.105 0.027240
2.110 0.028932
2.115 0.030917
2.120 0.031198
2.125 0.030837
2.130 0.030978
2.135 0.031571
2.140 0.032561
2.145 0.034055
2.150 0.036123
2.155 0.037364
2.160 0.036355
2.165 0.034871
2.170 0.034753
2.175 0.036041
2.180 0.038694
2.185 0.040894
2.190 0.040836
2.195 0.039583
2.200 0.038155
2.205 0.037160
2.210 0.037183
2.215 0.038146
2.220 0.039887
2.225 0.040372
2.230 0.037719
2.235 0.035542
2.240 0.037298
2.245 0.039070
2.250 0.036961
2.255 0.034527
2.260 0.035344
2.265 0.036355
2.270 0.034300
2.275 0.031053
2.280 0.028726
2.285 0.028222
2.290 0.030268
2.295 0.031799
2.300 0.029816
2.305 0.026615
2.310 0.024584
2.315 0.024025
2.320 0.025174
2.325 0.026699
2.330 0.027382
2.335 0.027301
2.340 0.026549
2.345 0.025688
2.350 0.025126
2.355 0.024225
2.360 0.022482
2.365 0.021896
2.370 0.024368
2.375 0.026196
2.380 0.023652
2.385 0.019906
2.390 0.018711
2.395 0.019350
2.400 0.019895
2.405 0.019087
2.410 0.017549
2.415 0.015941
2.420 0.014823
2.425 0.014350
2.430 0.014146
2.435 0.014037
2.440 0.013942
2.445 0.013819
2.450 0.013679
2.455 0.013536
2.460 0.013401
2.465 0.013293
2.470 0.013245
2.475 0.013236
2.480 0.013239
2.485 0.013237
2.490 0.013209
2.495 0.013108
2.500 0.012847
