0.350 0.015600
0.355 0.017161
0.360 0.018721
0.365 0.020281
0.370 0.021841
0.375 0.023401
0.380 0.024961
0.385 0.026521
0.390 0.028081
0.395 0.029641
0.400 0.031201
0.405 0.025505
0.410 0.030484
0.415 0.028601
0.420 0.030553
0.425 0.029572
0.430 0.030928
0.435 0.031092
0.440 0.032130
0.445 0.031463
0.450 0.032798
0.455 0.032839
0.460 0.032636
0.465 0.032979
0.470 0.033704
0.475 0.032745
0.480 0.033793
0.485 0.033939
0.490 0.034454
0.495 0.035171
0.500 0.036510
0.505 0.040198
0.510 0.045839
0.515 0.056381
0.520 0.071528
0.525 0.090836
0.530 0.108610
0.535 0.121240
0.540 0.129610
0.545 0.134450
0.550 0.138680
0.555 0.140320
0.560 0.136590
0.565 0.127590
0.570 0.114530
0.575 0.101220
0.580 0.090831
0.585 0.083458
0.590 0.078590
0.595 0.075663
0.600 0.073725
0.605 0.071559
0.610 0.067089
0.615 0.062092
0.620 0.058166
0.625 0.055934
0.630 0.055112
0.635 0.054036
0.640 0.050820
0.645 0.046565
0.650 0.043297
0.655 0.041506
0.660 0.039689
0.665 0.038219
0.670 0.037904
0.675 0.038584
0.680 0.040085
0.685 0.042665
0.690 0.050425
0.695 0.078353
0.700 0.137750
0.705 0.222770
0.710 0.318910
0.715 0.419450
0.720 0.519060
0.725 0.611160
0.730 0.689940
0.735 0.752580
0.740 0.799930
0.745 0.833550
0.750 0.856640
0.755 0.871660
0.760 0.880820
0.765 0.886940
0.770 0.890230
0.775 0.892870
0.780 0.894760
0.785 0.896410
0.790 0.897610
0.795 0.899120
0.800 0.900590
0.805 0.901870
0.810 0.903270
0.815 0.904740
0.820 0.905930
0.825 0.907460
0.830 0.908850
0.835 0.910300
0.840 0.911750
0.845 0.913410
0.850 0.915040
0.855 0.916220
0.860 0.917670
0.865 0.918960
0.870 0.919990
0.875 0.920600
0.880 0.921540
0.885 0.922270
0.890 0.922890
0.895 0.923530
0.900 0.923990
0.905 0.924670
0.910 0.924800
0.915 0.925230
0.920 0.925390
0.925 0.925120
0.930 0.924400
0.935 0.923210
0.940 0.921740
0.945 0.919970
0.950 0.916520
0.955 0.912500
0.960 0.909090
0.965 0.906520
0.970 0.906700
0.975 0.907190
0.980 0.908040
0.985 0.909950
0.990 0.911800
0.995 0.913900
1.000 0.916330
1.005 0.912630
1.010 0.916400
1.015 0.915840
1.020 0.919210
1.025 0.920960
1.030 0.924460
1.035 0.926100
1.040 0.927730
1.045 0.929040
1.050 0.932630
1.055 0.934110
1.060 0.933940
1.065 0.934240
1.070 0.933660
1.075 0.936540
1.080 0.938050
1.085 0.938700
1.090 0.937130
1.095 0.936610
1.100 0.936110
1.105 0.935780
1.110 0.933190
1.115 0.931780
1.120 0.930320
1.125 0.928340
1.130 0.922500
1.135 0.915920
1.140 0.906460
1.145 0.896210
1.150 0.886330
1.155 0.879500
1.160 0.876760
1.165 0.874090
1.170 0.873530
1.175 0.874090
1.180 0.873260
1.185 0.873140
1.190 0.873180
1.195 0.874000
1.200 0.874910
1.205 0.876730
1.210 0.878320
1.215 0.880750
1.220 0.882070
1.225 0.883900
1.230 0.885900
1.235 0.887450
1.240 0.888910
1.245 0.891370
1.250 0.891330
1.255 0.892340
1.260 0.892800
1.265 0.892870
1.270 0.893370
1.275 0.894060
1.280 0.892270
1.285 0.889920
1.290 0.887310
1.295 0.883730
1.300 0.880420
1.305 0.874900
1.310 0.868670
1.315 0.860860
1.320 0.851530
1.325 0.841480
1.330 0.829770
1.335 0.817970
1.340 0.805800
1.345 0.794400
1.350 0.782870
1.355 0.772180
1.360 0.759560
1.365 0.745190
1.370 0.724650
1.375 0.696500
1.380 0.656670
1.385 0.605110
1.390 0.546940
1.395 0.487390
1.400 0.432660
1.405 0.388620
1.410 0.355860
1.415 0.333970
1.420 0.320250
1.425 0.312190
1.430 0.308230
1.435 0.307180
1.440 0.308310
1.445 0.310200
1.450 0.312890
1.455 0.316340
1.460 0.321500
1.465 0.329140
1.470 0.339700
1.475 0.351520
1.480 0.364710
1.485 0.378790
1.490 0.393350
1.495 0.408360
1.500 0.422760
1.505 0.437380
1.510 0.451460
1.515 0.465530
1.520 0.479220
1.525 0.492780
1.530 0.505500
1.535 0.517650
1.540 0.529550
1.545 0.540540
1.550 0.550750
1.555 0.561010
1.560 0.570520
1.565 0.579690
1.570 0.588900
1.575 0.596450
1.580 0.604100
1.585 0.611940
1.590 0.618710
1.595 0.625270
1.600 0.631580
1.605 0.637840
1.610 0.642990
1.615 0.647880
1.620 0.652910
1.625 0.657000
1.630 0.661010
1.635 0.664050
1.640 0.666540
1.645 0.667530
1.650 0.667710
1.655 0.667630
1.660 0.667290
1.665 0.666820
1.670 0.665930
1.675 0.664640
1.680 0.662460
1.685 0.660270
1.690 0.657220
1.695 0.653890
1.700 0.651460
1.705 0.647040
1.710 0.643000
1.715 0.639020
1.720 0.635140
1.725 0.630580
1.730 0.626520
1.735 0.621980
1.740 0.616940
1.745 0.611650
1.750 0.604540
1.755 0.597660
1.760 0.590270
1.765 0.584840
1.770 0.578620
1.775 0.574900
1.780 0.570630
1.785 0.567620
1.790 0.566030
1.795 0.565420
1.800 0.565560
1.805 0.576980
1.810 0.576880
1.815 0.576270
1.820 0.575070
1.825 0.573000
1.830 0.569700
1.835 0.564420
1.840 0.556200
1.845 0.544490
1.850 0.527010
1.855 0.503010
1.860 0.471030
1.865 0.430180
1.870 0.378800
1.875 0.320570
1.880 0.261440
1.885 0.205500
1.890 0.157770
1.895 0.121580
1.900 0.097741
1.905 0.083326
1.910 0.075518
1.915 0.071579
1.920 0.070443
1.925 0.070713
1.930 0.072339
1.935 0.074840
1.940 0.078383
1.945 0.082557
1.950 0.087465
1.955 0.092954
1.960 0.099025
1.965 0.105550
1.970 0.112610
1.975 0.120250
1.980 0.128120
1.985 0.136330
1.990 0.144850
1.995 0.153600
2.000 0.162330
2.005 0.171060
2.010 0.179710
2.015 0.187910
2.020 0.196040
2.025 0.203690
2.030 0.211080
2.035 0.217920
2.040 0.223950
2.045 0.229940
2.050 0.235720
2.055 0.241610
2.060 0.247560
2.065 0.253710
2.070 0.259770
2.075 0.265620
2.080 0.271290
2.085 0.276750
2.090 0.282110
2.095 0.286970
2.100 0.291770
2.105 0.296400
2.110 0.300740
2.115 0.304970
2.120 0.308600
2.125 0.312050
2.130 0.315330
2.135 0.318000
2.140 0.320770
2.145 0.323700
2.150 0.326590
2.155 0.329250
2.160 0.331750
2.165 0.334380
2.170 0.337090
2.175 0.340020
2.180 0.343080
2.185 0.346210
2.190 0.349350
2.195 0.352550
2.200 0.355130
2.205 0.357240
2.210 0.358740
2.215 0.359650
2.220 0.359810
2.225 0.359390
2.230 0.357510
2.235 0.354580
2.240 0.350210
2.245 0.345030
2.250 0.339150
2.255 0.332390
2.260 0.325600
2.265 0.318970
2.270 0.313400
2.275 0.308470
2.280 0.303710
2.285 0.298970
2.290 0.294000
2.295 0.288280
2.300 0.282360
2.305 0.276720
2.310 0.272080
2.315 0.267990
2.320 0.264470
2.325 0.259980
2.330 0.255210
2.335 0.250080
2.340 0.244400
2.345 0.239540
2.350 0.235230
2.355 0.230650
2.360 0.226140
2.365 0.221880
2.370 0.216830
2.375 0.212110
2.380 0.206930
2.385 0.201300
2.390 0.196080
2.395 0.190270
2.400 0.184270
2.405 0.178480
2.410 0.172680
2.415 0.166360
2.420 0.160130
2.425 0.154020
2.430 0.148850
2.435 0.142650
2.440 0.136170
2.445 0.130760
2.450 0.123910
2.455 0.120040
2.460 0.114120
2.465 0.109670
2.470 0.106170
2.475 0.102490
2.480 0.096876
2.485 0.095908
2.490 0.092972
2.495 0.090144
2.500 0.087598
