0.350 0.017114
0.355 0.018825
0.360 0.020537
0.365 0.022248
0.370 0.023960
0.375 0.025671
0.380 0.027382
0.385 0.029094
0.390 0.030805
0.395 0.032517
0.400 0.034228
0.405 0.033834
0.410 0.033844
0.415 0.033864
0.420 0.033865
0.425 0.034464
0.430 0.034529
0.435 0.035078
0.440 0.035507
0.445 0.035877
0.450 0.036460
0.455 0.036105
0.460 0.036488
0.465 0.036597
0.470 0.036655
0.475 0.036420
0.480 0.036095
0.485 0.035770
0.490 0.035646
0.495 0.036238
0.500 0.036687
0.505 0.037836
0.510 0.039961
0.515 0.043541
0.520 0.049335
0.525 0.057722
0.530 0.065451
0.535 0.071396
0.540 0.074568
0.545 0.075572
0.550 0.076614
0.555 0.076757
0.560 0.073776
0.565 0.069599
0.570 0.063165
0.575 0.056954
0.580 0.052694
0.585 0.049905
0.590 0.047677
0.595 0.046262
0.600 0.045735
0.605 0.044840
0.610 0.043291
0.615 0.041109
0.620 0.040000
0.625 0.038497
0.630 0.038226
0.635 0.038084
0.640 0.037504
0.645 0.035991
0.650 0.034932
0.655 0.034387
0.660 0.033956
0.665 0.031809
0.670 0.031507
0.675 0.031093
0.680 0.031316
0.685 0.031343
0.690 0.033682
0.695 0.041987
0.700 0.064209
0.705 0.100310
0.710 0.144240
0.715 0.193030
0.720 0.247410
0.725 0.302400
0.730 0.350640
0.735 0.390150
0.740 0.418780
0.745 0.439030
0.750 0.452580
0.755 0.461540
0.760 0.466640
0.765 0.470010
0.770 0.471950
0.775 0.473600
0.780 0.474970
0.785 0.474710
0.790 0.474910
0.795 0.475520
0.800 0.475510
0.805 0.476350
0.810 0.476240
0.815 0.476450
0.820 0.476210
0.825 0.476290
0.830 0.476890
0.835 0.476830
0.840 0.476210
0.845 0.476200
0.850 0.476690
0.855 0.475720
0.860 0.474190
0.865 0.473360
0.870 0.472830
0.875 0.472250
0.880 0.471730
0.885 0.471640
0.890 0.471900
0.895 0.471620
0.900 0.470300
0.905 0.468790
0.910 0.467630
0.915 0.466840
0.920 0.466430
0.925 0.466280
0.930 0.466150
0.935 0.465100
0.940 0.462820
0.945 0.460030
0.950 0.457750
0.955 0.456670
0.960 0.456090
0.965 0.455230
0.970 0.453940
0.975 0.453310
0.980 0.451640
0.985 0.450520
0.990 0.450200
0.995 0.450170
1.000 0.450920
1.005 0.450890
1.010 0.450730
1.015 0.450300
1.020 0.450810
1.025 0.452820
1.030 0.453410
1.035 0.452870
1.040 0.452800
1.045 0.451890
1.050 0.453630
1.055 0.453400
1.060 0.452680
1.065 0.453020
1.070 0.453110
1.075 0.453070
1.080 0.451600
1.085 0.451920
1.090 0.451100
1.095 0.451080
1.100 0.450240
1.105 0.449060
1.110 0.447980
1.115 0.448300
1.120 0.446990
1.125 0.445080
1.130 0.443360
1.135 0.440250
1.140 0.435800
1.145 0.430650
1.150 0.426480
1.155 0.422630
1.160 0.420030
1.165 0.418180
1.170 0.417110
1.175 0.414880
1.180 0.413610
1.185 0.413010
1.190 0.412050
1.195 0.410880
1.200 0.410190
1.205 0.409490
1.210 0.409120
1.215 0.410480
1.220 0.410890
1.225 0.412310
1.230 0.413510
1.235 0.413800
1.240 0.414820
1.245 0.415630
1.250 0.415690
1.255 0.416550
1.260 0.416630
1.265 0.415710
1.270 0.415280
1.275 0.415240
1.280 0.415270
1.285 0.414320
1.290 0.413230
1.295 0.412290
1.300 0.410640
1.305 0.409050
1.310 0.406030
1.315 0.404060
1.320 0.400130
1.325 0.394830
1.330 0.390170
1.335 0.384850
1.340 0.379220
1.345 0.373710
1.350 0.369370
1.355 0.364390
1.360 0.361240
1.365 0.357430
1.370 0.350930
1.375 0.340430
1.380 0.329950
1.385 0.308960
1.390 0.284610
1.395 0.258870
1.400 0.229990
1.405 0.203760
1.410 0.181430
1.415 0.165150
1.420 0.154450
1.425 0.146320
1.430 0.139590
1.435 0.134390
1.440 0.132020
1.445 0.130340
1.450 0.128410
1.455 0.128440
1.460 0.128750
1.465 0.130760
1.470 0.132650
1.475 0.136820
1.480 0.141970
1.485 0.146600
1.490 0.153450
1.495 0.159980
1.500 0.164540
1.505 0.169870
1.510 0.176210
1.515 0.182720
1.520 0.190430
1.525 0.196070
1.530 0.200880
1.535 0.207120
1.540 0.211080
1.545 0.218680
1.550 0.222510
1.555 0.226100
1.560 0.230900
1.565 0.234710
1.570 0.238330
1.575 0.242110
1.580 0.246150
1.585 0.249740
1.590 0.252150
1.595 0.255480
1.600 0.259260
1.605 0.262170
1.610 0.264270
1.615 0.266560
1.620 0.268720
1.625 0.270030
1.630 0.273150
1.635 0.275470
1.640 0.275090
1.645 0.276460
1.650 0.277210
1.655 0.276030
1.660 0.274400
1.665 0.273110
1.670 0.271960
1.675 0.270980
1.680 0.271190
1.685 0.270910
1.690 0.268800
1.695 0.267220
1.700 0.266700
1.705 0.266330
1.710 0.265020
1.715 0.262460
1.720 0.259400
1.725 0.256150
1.730 0.253270
1.735 0.252360
1.740 0.252230
1.745 0.250310
1.750 0.248370
1.755 0.246920
1.760 0.243890
1.765 0.240660
1.770 0.238910
1.775 0.237830
1.780 0.237830
1.785 0.239720
1.790 0.240010
1.795 0.238010
1.800 0.237630
1.805 0.238630
1.810 0.239630
1.815 0.240040
1.820 0.239460
1.825 0.239010
1.830 0.239690
1.835 0.240020
1.840 0.238310
1.845 0.234860
1.850 0.229640
1.855 0.222570
1.860 0.212770
1.865 0.199240
1.870 0.180060
1.875 0.157030
1.880 0.131200
1.885 0.104550
1.890 0.079037
1.895 0.057378
1.900 0.043064
1.905 0.034189
1.910 0.029856
1.915 0.027601
1.920 0.025894
1.925 0.024957
1.930 0.025360
1.935 0.026013
1.940 0.025921
1.945 0.025688
1.950 0.026001
1.955 0.026675
1.960 0.027621
1.965 0.029295
1.970 0.032204
1.975 0.034949
1.980 0.036289
1.985 0.038086
1.990 0.042233
1.995 0.046668
2.000 0.049278
2.005 0.050989
2.010 0.052810
2.015 0.055159
2.020 0.058289
2.025 0.061018
2.030 0.062368
2.035 0.064766
2.040 0.070472
2.045 0.075135
2.050 0.074389
2.055 0.072764
2.060 0.074785
2.065 0.078040
2.070 0.080016
2.075 0.081857
2.080 0.084882
2.085 0.087968
2.090 0.089942
2.095 0.091687
2.100 0.094045
2.105 0.096085
2.110 0.096880
2.115 0.098000
2.120 0.100970
2.125 0.103840
2.130 0.104700
2.135 0.105370
2.140 0.107690
2.145 0.109960
2.150 0.110500
2.155 0.111030
2.160 0.113250
2.165 0.115480
2.170 0.116010
2.175 0.116480
2.180 0.118600
2.185 0.121580
2.190 0.124520
2.195 0.126680
2.200 0.127380
2.205 0.127870
2.210 0.129320
2.215 0.130930
2.220 0.131740
2.225 0.131500
2.230 0.129990
2.235 0.128870
2.240 0.129510
2.245 0.129020
2.250 0.124360
2.255 0.118550
2.260 0.114610
2.265 0.112290
2.270 0.111230
2.275 0.110030
2.280 0.107450
2.285 0.104460
2.290 0.101940
2.295 0.098884
2.300 0.094314
2.305 0.090395
2.310 0.089332
2.315 0.088921
2.320 0.087004
2.325 0.084628
2.330 0.082915
2.335 0.081218
2.340 0.078759
2.345 0.075818
2.350 0.072767
2.355 0.070499
2.360 0.069919
2.365 0.069723
2.370 0.068636
2.375 0.066899
2.380 0.064782
2.385 0.062643
2.390 0.060826
2.395 0.059178
2.400 0.057361
2.405 0.055092
2.410 0.052603
2.415 0.050134
2.420 0.047931
2.425 0.046060
2.430 0.044328
2.435 0.042647
2.440 0.040979
2.445 0.039308
2.450 0.037639
2.455 0.035985
2.460 0.034376
2.465 0.032887
2.470 0.031653
2.475 0.030597
2.480 0.029614
2.485 0.028671
2.490 0.027777
2.495 0.026994
2.500 0.026442
