0.350 0.023521
0.355 0.025873
0.360 0.028225
0.365 0.030577
0.370 0.032929
0.375 0.035281
0.380 0.037634
0.385 0.039986
0.390 0.042338
0.395 0.044690
0.400 0.047042
0.405 0.049086
0.410 0.048970
0.415 0.049432
0.420 0.049256
0.425 0.050956
0.430 0.052773
0.435 0.052610
0.440 0.054045
0.445 0.054929
0.450 0.056318
0.455 0.056692
0.460 0.058070
0.465 0.058311
0.470 0.059123
0.475 0.059301
0.480 0.060337
0.485 0.060274
0.490 0.061124
0.495 0.062100
0.500 0.064101
0.505 0.067270
0.510 0.073516
0.515 0.083730
0.520 0.097998
0.525 0.115990
0.530 0.132540
0.535 0.144830
0.540 0.151930
0.545 0.156300
0.550 0.159810
0.555 0.161060
0.560 0.157300
0.565 0.148950
0.570 0.137330
0.575 0.125250
0.580 0.116080
0.585 0.109410
0.590 0.104910
0.595 0.102070
0.600 0.100030
0.605 0.098425
0.610 0.094809
0.615 0.089989
0.620 0.086196
0.625 0.084345
0.630 0.083577
0.635 0.082546
0.640 0.079315
0.645 0.074877
0.650 0.071618
0.655 0.070053
0.660 0.068262
0.665 0.066776
0.670 0.066363
0.675 0.066967
0.680 0.068590
0.685 0.071707
0.690 0.080735
0.695 0.109110
0.700 0.164320
0.705 0.239850
0.710 0.324750
0.715 0.416190
0.720 0.510810
0.725 0.602520
0.730 0.684200
0.735 0.751220
0.740 0.802710
0.745 0.840100
0.750 0.865350
0.755 0.882170
0.760 0.892810
0.765 0.899800
0.770 0.904260
0.775 0.907560
0.780 0.910320
0.785 0.912900
0.790 0.914910
0.795 0.917000
0.800 0.919150
0.805 0.920970
0.810 0.922870
0.815 0.925090
0.820 0.926660
0.825 0.928610
0.830 0.930170
0.835 0.931610
0.840 0.933390
0.845 0.935120
0.850 0.936800
0.855 0.938120
0.860 0.939960
0.865 0.941150
0.870 0.942130
0.875 0.943290
0.880 0.944300
0.885 0.944890
0.890 0.945650
0.895 0.946060
0.900 0.946580
0.905 0.947220
0.910 0.947430
0.915 0.947740
0.920 0.947630
0.925 0.946860
0.930 0.945590
0.935 0.943480
0.940 0.941060
0.945 0.937730
0.950 0.932930
0.955 0.926800
0.960 0.921460
0.965 0.918450
0.970 0.918090
0.975 0.918560
0.980 0.919350
0.985 0.921500
0.990 0.923470
0.995 0.925870
1.000 0.928960
1.005 0.921590
1.010 0.925110
1.015 0.927590
1.020 0.932090
1.025 0.935070
1.030 0.935800
1.035 0.942180
1.040 0.943980
1.045 0.946390
1.050 0.948890
1.055 0.949300
1.060 0.951810
1.065 0.954500
1.070 0.953950
1.075 0.954080
1.080 0.953120
1.085 0.954390
1.090 0.954300
1.095 0.951910
1.100 0.950880
1.105 0.948330
1.110 0.946440
1.115 0.946220
1.120 0.942240
1.125 0.938510
1.130 0.931880
1.135 0.921370
1.140 0.907860
1.145 0.893580
1.150 0.880280
1.155 0.871870
1.160 0.866170
1.165 0.863050
1.170 0.861940
1.175 0.861930
1.180 0.861260
1.185 0.860800
1.190 0.860440
1.195 0.861210
1.200 0.861990
1.205 0.863040
1.210 0.865150
1.215 0.867220
1.220 0.869920
1.225 0.871970
1.230 0.874910
1.235 0.877210
1.240 0.880120
1.245 0.881410
1.250 0.882430
1.255 0.883500
1.260 0.884820
1.265 0.884920
1.270 0.885070
1.275 0.883620
1.280 0.881830
1.285 0.880190
1.290 0.877110
1.295 0.871910
1.300 0.865950
1.305 0.858260
1.310 0.849100
1.315 0.838320
1.320 0.826630
1.325 0.812640
1.330 0.798570
1.335 0.783360
1.340 0.768590
1.345 0.754860
1.350 0.741490
1.355 0.728380
1.360 0.714740
1.365 0.697880
1.370 0.673700
1.375 0.641630
1.380 0.597740
1.385 0.542300
1.390 0.482770
1.395 0.424420
1.400 0.373830
1.405 0.334430
1.410 0.305490
1.415 0.286350
1.420 0.273750
1.425 0.265560
1.430 0.261380
1.435 0.258870
1.440 0.258450
1.445 0.258860
1.450 0.260400
1.455 0.262450
1.460 0.266430
1.465 0.272500
1.470 0.280530
1.475 0.290480
1.480 0.301520
1.485 0.313720
1.490 0.326390
1.495 0.339370
1.500 0.352310
1.505 0.365950
1.510 0.379320
1.515 0.393100
1.520 0.406300
1.525 0.419390
1.530 0.432260
1.535 0.444710
1.540 0.457250
1.545 0.468690
1.550 0.479810
1.555 0.490850
1.560 0.501010
1.565 0.510430
1.570 0.519770
1.575 0.529000
1.580 0.537510
1.585 0.545530
1.590 0.553590
1.595 0.561750
1.600 0.568860
1.605 0.575900
1.610 0.582190
1.615 0.587720
1.620 0.593490
1.625 0.598230
1.630 0.603250
1.635 0.607940
1.640 0.611250
1.645 0.614720
1.650 0.617150
1.655 0.618470
1.660 0.618640
1.665 0.618940
1.670 0.618470
1.675 0.618030
1.680 0.616580
1.685 0.614610
1.690 0.611220
1.695 0.608180
1.700 0.604120
1.705 0.600080
1.710 0.596050
1.715 0.591340
1.720 0.586070
1.725 0.580450
1.730 0.575240
1.735 0.569720
1.740 0.563750
1.745 0.557050
1.750 0.549430
1.755 0.541690
1.760 0.534800
1.765 0.527660
1.770 0.521040
1.775 0.515930
1.780 0.511750
1.785 0.508840
1.790 0.507690
1.795 0.506770
1.800 0.506730
1.805 0.515240
1.810 0.515140
1.815 0.514500
1.820 0.513220
1.825 0.510940
1.830 0.507520
1.835 0.501780
1.840 0.493260
1.845 0.480710
1.850 0.463090
1.855 0.438940
1.860 0.407520
1.865 0.368710
1.870 0.321920
1.875 0.271040
1.880 0.221860
1.885 0.177540
1.890 0.141340
1.895 0.115040
1.900 0.098507
1.905 0.088267
1.910 0.082756
1.915 0.079812
1.920 0.078483
1.925 0.078240
1.930 0.078931
1.935 0.080251
1.940 0.082159
1.945 0.084758
1.950 0.087737
1.955 0.091129
1.960 0.094952
1.965 0.099197
1.970 0.103850
1.975 0.108750
1.980 0.114070
1.985 0.119740
1.990 0.125470
1.995 0.131640
2.000 0.137810
2.005 0.144110
2.010 0.150480
2.015 0.156610
2.020 0.162860
2.025 0.168760
2.030 0.174560
2.035 0.180200
2.040 0.185600
2.045 0.190710
2.050 0.195850
2.055 0.201180
2.060 0.206740
2.065 0.212310
2.070 0.217970
2.075 0.223500
2.080 0.229130
2.085 0.234660
2.090 0.239940
2.095 0.245270
2.100 0.250260
2.105 0.255180
2.110 0.260030
2.115 0.264610
2.120 0.268930
2.125 0.273070
2.130 0.276980
2.135 0.280490
2.140 0.283820
2.145 0.286980
2.150 0.289970
2.155 0.292700
2.160 0.295440
2.165 0.298070
2.170 0.300640
2.175 0.303300
2.180 0.306140
2.185 0.309000
2.190 0.311540
2.195 0.314160
2.200 0.316180
2.205 0.317850
2.210 0.319230
2.215 0.319930
2.220 0.320240
2.225 0.319820
2.230 0.318160
2.235 0.315310
2.240 0.311460
2.245 0.306920
2.250 0.301900
2.255 0.296230
2.260 0.290170
2.265 0.284540
2.270 0.279350
2.275 0.274630
2.280 0.270310
2.285 0.266000
2.290 0.261350
2.295 0.256580
2.300 0.251430
2.305 0.246340
2.310 0.241600
2.315 0.238060
2.320 0.234130
2.325 0.229840
2.330 0.225040
2.335 0.220170
2.340 0.214580
2.345 0.210070
2.350 0.206060
2.355 0.201710
2.360 0.197290
2.365 0.193500
2.370 0.188790
2.375 0.183740
2.380 0.180160
2.385 0.175520
2.390 0.171160
2.395 0.166210
2.400 0.162230
2.405 0.157180
2.410 0.152360
2.415 0.148040
2.420 0.142910
2.425 0.138490
2.430 0.134020
2.435 0.129450
2.440 0.125520
2.445 0.121390
2.450 0.116580
2.455 0.112070
2.460 0.108290
2.465 0.104510
2.470 0.102170
2.475 0.098110
2.480 0.097567
2.485 0.095139
2.490 0.091467
2.495 0.094455
2.500 0.091580
