0.350 0.017443
0.355 0.019187
0.360 0.020932
0.365 0.022676
0.370 0.024420
0.375 0.026165
0.380 0.027909
0.385 0.029653
0.390 0.031397
0.395 0.033142
0.400 0.034886
0.405 0.039293
0.410 0.037614
0.415 0.035857
0.420 0.037685
0.425 0.037384
0.430 0.038535
0.435 0.039055
0.440 0.038569
0.445 0.038657
0.450 0.039158
0.455 0.040025
0.460 0.039851
0.465 0.039852
0.470 0.040242
0.475 0.040539
0.480 0.039890
0.485 0.040424
0.490 0.039949
0.495 0.040971
0.500 0.041895
0.505 0.044778
0.510 0.050126
0.515 0.058936
0.520 0.072573
0.525 0.089851
0.530 0.106770
0.535 0.118650
0.540 0.125790
0.545 0.129720
0.550 0.132840
0.555 0.133710
0.560 0.128700
0.565 0.119380
0.570 0.107350
0.575 0.094878
0.580 0.085130
0.585 0.078659
0.590 0.074272
0.595 0.071629
0.600 0.069875
0.605 0.067439
0.610 0.063600
0.615 0.059281
0.620 0.055866
0.625 0.053597
0.630 0.052716
0.635 0.051996
0.640 0.049791
0.645 0.046955
0.650 0.044387
0.655 0.042659
0.660 0.040760
0.665 0.039276
0.670 0.038930
0.675 0.039847
0.680 0.041554
0.685 0.044347
0.690 0.050693
0.695 0.072411
0.700 0.120060
0.705 0.190870
0.710 0.274200
0.715 0.366840
0.720 0.465270
0.725 0.563560
0.730 0.653580
0.735 0.728720
0.740 0.787270
0.745 0.829530
0.750 0.857980
0.755 0.875700
0.760 0.886410
0.765 0.892800
0.770 0.896380
0.775 0.898560
0.780 0.900020
0.785 0.901430
0.790 0.902590
0.795 0.903580
0.800 0.904950
0.805 0.905850
0.810 0.906950
0.815 0.908190
0.820 0.909140
0.825 0.910520
0.830 0.911380
0.835 0.912490
0.840 0.913830
0.845 0.915540
0.850 0.916800
0.855 0.918160
0.860 0.919280
0.865 0.920330
0.870 0.921420
0.875 0.922240
0.880 0.922680
0.885 0.923400
0.890 0.923650
0.895 0.923830
0.900 0.924320
0.905 0.924830
0.910 0.924760
0.915 0.924770
0.920 0.924580
0.925 0.923380
0.930 0.921370
0.935 0.918360
0.940 0.915220
0.945 0.910890
0.950 0.904330
0.955 0.895440
0.960 0.889020
0.965 0.885140
0.970 0.884870
0.975 0.885220
0.980 0.886390
0.985 0.888830
0.990 0.891730
0.995 0.895390
1.000 0.898830
1.005 0.895820
1.010 0.901230
1.015 0.903920
1.020 0.910280
1.025 0.913280
1.030 0.917850
1.035 0.921220
1.040 0.923480
1.045 0.927110
1.050 0.930410
1.055 0.930730
1.060 0.933640
1.065 0.932810
1.070 0.933650
1.075 0.934050
1.080 0.934290
1.085 0.934820
1.090 0.934890
1.095 0.932000
1.100 0.931280
1.105 0.929320
1.110 0.926580
1.115 0.924260
1.120 0.920260
1.125 0.914240
1.130 0.907280
1.135 0.893580
1.140 0.876310
1.145 0.856680
1.150 0.841700
1.155 0.829790
1.160 0.822370
1.165 0.818830
1.170 0.817410
1.175 0.816950
1.180 0.816440
1.185 0.816220
1.190 0.816150
1.195 0.815950
1.200 0.816770
1.205 0.819220
1.210 0.821630
1.215 0.824080
1.220 0.826910
1.225 0.829980
1.230 0.833060
1.235 0.835090
1.240 0.837270
1.245 0.840350
1.250 0.842410
1.255 0.843320
1.260 0.844860
1.265 0.844530
1.270 0.844540
1.275 0.844010
1.280 0.841680
1.285 0.837410
1.290 0.832840
1.295 0.827230
1.300 0.819700
1.305 0.810810
1.310 0.799710
1.315 0.786500
1.320 0.771030
1.325 0.753650
1.330 0.736350
1.335 0.718610
1.340 0.699910
1.345 0.683150
1.350 0.667690
1.355 0.653210
1.360 0.636440
1.365 0.616350
1.370 0.588960
1.375 0.551650
1.380 0.500630
1.385 0.439190
1.390 0.374100
1.395 0.312790
1.400 0.261390
1.405 0.222890
1.410 0.196110
1.415 0.178660
1.420 0.167360
1.425 0.160270
1.430 0.156530
1.435 0.154400
1.440 0.153720
1.445 0.154190
1.450 0.155200
1.455 0.157210
1.460 0.160780
1.465 0.166130
1.470 0.173640
1.475 0.182670
1.480 0.192770
1.485 0.204240
1.490 0.216300
1.495 0.229030
1.500 0.242270
1.505 0.255890
1.510 0.269570
1.515 0.283640
1.520 0.297170
1.525 0.311250
1.530 0.325080
1.535 0.338470
1.540 0.351420
1.545 0.364290
1.550 0.377010
1.555 0.389120
1.560 0.401000
1.565 0.411760
1.570 0.422530
1.575 0.432510
1.580 0.442390
1.585 0.451650
1.590 0.461070
1.595 0.469590
1.600 0.477690
1.605 0.485220
1.610 0.492610
1.615 0.499560
1.620 0.505340
1.625 0.510850
1.630 0.515400
1.635 0.520570
1.640 0.525290
1.645 0.529370
1.650 0.532380
1.655 0.535090
1.660 0.536340
1.665 0.537680
1.670 0.537940
1.675 0.536940
1.680 0.535030
1.685 0.532580
1.690 0.529190
1.695 0.526120
1.700 0.522220
1.705 0.517850
1.710 0.513160
1.715 0.507800
1.720 0.502560
1.725 0.496060
1.730 0.489570
1.735 0.483580
1.740 0.476550
1.745 0.468900
1.750 0.460450
1.755 0.451910
1.760 0.443680
1.765 0.435540
1.770 0.428930
1.775 0.422760
1.780 0.418430
1.785 0.415300
1.790 0.413560
1.795 0.412970
1.800 0.412630
1.805 0.413870
1.810 0.413840
1.815 0.413410
1.820 0.411990
1.825 0.409550
1.830 0.405730
1.835 0.399140
1.840 0.389320
1.845 0.375330
1.850 0.356350
1.855 0.330790
1.860 0.298490
1.865 0.259890
1.870 0.215000
1.875 0.168920
1.880 0.127970
1.885 0.094716
1.890 0.070640
1.895 0.055702
1.900 0.047602
1.905 0.043425
1.910 0.041516
1.915 0.040452
1.920 0.040254
1.925 0.040150
1.930 0.040364
1.935 0.040750
1.940 0.041346
1.945 0.042189
1.950 0.043282
1.955 0.044566
1.960 0.046178
1.965 0.048011
1.970 0.050009
1.975 0.052278
1.980 0.054808
1.985 0.057554
1.990 0.060876
1.995 0.064171
2.000 0.067768
2.005 0.071397
2.010 0.075411
2.015 0.079538
2.020 0.083748
2.025 0.087993
2.030 0.092249
2.035 0.096543
2.040 0.100820
2.045 0.105080
2.050 0.109400
2.055 0.113940
2.060 0.118670
2.065 0.123710
2.070 0.128680
2.075 0.133780
2.080 0.138880
2.085 0.143930
2.090 0.149000
2.095 0.154060
2.100 0.159060
2.105 0.163990
2.110 0.168940
2.115 0.173600
2.120 0.178100
2.125 0.182350
2.130 0.186400
2.135 0.190100
2.140 0.193420
2.145 0.196890
2.150 0.199890
2.155 0.202400
2.160 0.204780
2.165 0.207220
2.170 0.209520
2.175 0.211940
2.180 0.214310
2.185 0.216850
2.190 0.218990
2.195 0.221050
2.200 0.222540
2.205 0.223770
2.210 0.224650
2.215 0.225050
2.220 0.224980
2.225 0.224150
2.230 0.222570
2.235 0.220220
2.240 0.217010
2.245 0.213390
2.250 0.209320
2.255 0.204670
2.260 0.199870
2.265 0.195360
2.270 0.190910
2.275 0.186570
2.280 0.182510
2.285 0.178430
2.290 0.174220
2.295 0.169900
2.300 0.165420
2.305 0.161460
2.310 0.157390
2.315 0.153890
2.320 0.150450
2.325 0.146370
2.330 0.142390
2.335 0.138130
2.340 0.134240
2.345 0.129680
2.350 0.126130
2.355 0.122940
2.360 0.118970
2.365 0.115310
2.370 0.111830
2.375 0.108660
2.380 0.105470
2.385 0.101870
2.390 0.098265
2.395 0.095259
2.400 0.092538
2.405 0.089354
2.410 0.086383
2.415 0.083567
2.420 0.081015
2.425 0.077866
2.430 0.076024
2.435 0.073296
2.440 0.070227
2.445 0.069400
2.450 0.066604
2.455 0.063815
2.460 0.062565
2.465 0.060813
2.470 0.059284
2.475 0.059565
2.480 0.056200
2.485 0.058863
2.490 0.056123
2.495 0.055470
2.500 0.059815
