0.350 0.030597
0.355 0.033657
0.360 0.036716
0.365 0.039776
0.370 0.042836
0.375 0.045895
0.380 0.048955
0.385 0.052015
0.390 0.055075
0.395 0.058134
0.400 0.061194
0.405 0.065747
0.410 0.069417
0.415 0.074705
0.420 0.080376
0.425 0.088626
0.430 0.093933
0.435 0.102450
0.440 0.112770
0.445 0.116300
0.450 0.119520
0.455 0.127110
0.460 0.133280
0.465 0.138450
0.470 0.143170
0.475 0.144690
0.480 0.149080
0.485 0.155490
0.490 0.160590
0.495 0.167520
0.500 0.172040
0.505 0.178290
0.510 0.185640
0.515 0.192810
0.520 0.200250
0.525 0.208400
0.530 0.213940
0.535 0.219220
0.540 0.226920
0.545 0.236590
0.550 0.243340
0.555 0.247380
0.560 0.262850
0.565 0.267070
0.570 0.277570
0.575 0.283060
0.580 0.290090
0.585 0.297290
0.590 0.302330
0.595 0.303310
0.600 0.309990
0.605 0.315500
0.610 0.315970
0.615 0.318130
0.620 0.321210
0.625 0.321280
0.630 0.324590
0.635 0.328090
0.640 0.332450
0.645 0.335840
0.650 0.341890
0.655 0.340610
0.660 0.343260
0.665 0.342590
0.670 0.343630
0.675 0.355910
0.680 0.358580
0.685 0.352140
0.690 0.357600
0.695 0.363040
0.700 0.364040
0.705 0.365460
0.710 0.369820
0.715 0.374780
0.720 0.376010
0.725 0.376260
0.730 0.382970
0.735 0.382670
0.740 0.387380
0.745 0.386840
0.750 0.388540
0.755 0.392490
0.760 0.392670
0.765 0.397130
0.770 0.399840
0.775 0.399940
0.780 0.404060
0.785 0.404210
0.790 0.398140
0.795 0.406030
0.800 0.409090
0.805 0.404530
0.810 0.405610
0.815 0.408680
0.820 0.408110
0.825 0.408050
0.830 0.407140
0.835 0.408370
0.840 0.407390
0.845 0.412510
0.850 0.410620
0.855 0.408670
0.860 0.405670
0.865 0.404610
0.870 0.404110
0.875 0.406710
0.880 0.404620
0.885 0.405900
0.890 0.403230
0.895 0.403200
0.900 0.404740
0.905 0.405340
0.910 0.406430
0.915 0.405280
0.920 0.406690
0.925 0.407480
0.930 0.408880
0.935 0.408660
0.940 0.411420
0.945 0.412190
0.950 0.413190
0.955 0.415460
0.960 0.415890
0.965 0.412560
0.970 0.415410
0.975 0.418840
0.980 0.417090
0.985 0.421050
0.990 0.421740
0.995 0.422610
1.000 0.422420
1.005 0.427750
1.010 0.426810
1.015 0.426980
1.020 0.428660
1.025 0.432380
1.030 0.428890
1.035 0.429180
1.040 0.436160
1.045 0.439490
1.050 0.433100
1.055 0.436370
1.060 0.436460
1.065 0.435570
1.070 0.436640
1.075 0.434330
1.080 0.435230
1.085 0.440720
1.090 0.442370
1.095 0.444030
1.100 0.444220
1.105 0.444360
1.110 0.444600
1.115 0.444550
1.120 0.443330
1.125 0.445760
1.130 0.446360
1.135 0.447660
1.140 0.451770
1.145 0.452300
1.150 0.449180
1.155 0.447090
1.160 0.448490
1.165 0.449710
1.170 0.449390
1.175 0.452670
1.180 0.452830
1.185 0.455910
1.190 0.457100
1.195 0.457890
1.200 0.459010
1.205 0.462780
1.210 0.461850
1.215 0.467300
1.220 0.470440
1.225 0.470170
1.230 0.473750
1.235 0.473800
1.240 0.475350
1.245 0.476370
1.250 0.478610
1.255 0.480920
1.260 0.483200
1.265 0.487460
1.270 0.494330
1.275 0.491420
1.280 0.489720
1.285 0.490390
1.290 0.489260
1.295 0.490720
1.300 0.490580
1.305 0.494460
1.310 0.498810
1.315 0.497160
1.320 0.494270
1.325 0.494420
1.330 0.496860
1.335 0.498650
1.340 0.501220
1.345 0.501200
1.350 0.500970
1.355 0.496720
1.360 0.503530
1.365 0.505110
1.370 0.497960
1.375 0.492890
1.380 0.495000
1.385 0.492960
1.390 0.487420
1.395 0.482860
1.400 0.477260
1.405 0.469250
1.410 0.471030
1.415 0.479810
1.420 0.484400
1.425 0.487660
1.430 0.492260
1.435 0.495050
1.440 0.499720
1.445 0.502040
1.450 0.505150
1.455 0.508250
1.460 0.508080
1.465 0.513870
1.470 0.516130
1.475 0.520130
1.480 0.522550
1.485 0.526200
1.490 0.528770
1.495 0.531340
1.500 0.522310
1.505 0.521680
1.510 0.525800
1.515 0.532390
1.520 0.532970
1.525 0.533980
1.530 0.536800
1.535 0.539840
1.540 0.538310
1.545 0.534770
1.550 0.537860
1.555 0.538210
1.560 0.542060
1.565 0.542200
1.570 0.544240
1.575 0.545530
1.580 0.547270
1.585 0.545140
1.590 0.545320
1.595 0.544440
1.600 0.549440
1.605 0.549720
1.610 0.552700
1.615 0.549110
1.620 0.550140
1.625 0.551750
1.630 0.553510
1.635 0.552660
1.640 0.556590
1.645 0.555890
1.650 0.557620
1.655 0.559840
1.660 0.557810
1.665 0.560660
1.670 0.558970
1.675 0.558680
1.680 0.559790
1.685 0.559320
1.690 0.562020
1.695 0.565450
1.700 0.560050
1.705 0.561360
1.710 0.566170
1.715 0.562120
1.720 0.561480
1.725 0.561280
1.730 0.562800
1.735 0.566970
1.740 0.567920
1.745 0.564770
1.750 0.567080
1.755 0.566690
1.760 0.569460
1.765 0.571080
1.770 0.568770
1.775 0.571500
1.780 0.567800
1.785 0.567500
1.790 0.570660
1.795 0.568570
1.800 0.568710
1.805 0.568740
1.810 0.571560
1.815 0.572570
1.820 0.571510
1.825 0.570710
1.830 0.570570
1.835 0.572140
1.840 0.570060
1.845 0.568610
1.850 0.566110
1.855 0.564920
1.860 0.563900
1.865 0.554660
1.870 0.544330
1.875 0.532210
1.880 0.516070
1.885 0.501450
1.890 0.478530
1.895 0.457450
1.900 0.443040
1.905 0.442400
1.910 0.445520
1.915 0.450380
1.920 0.453670
1.925 0.462750
1.930 0.471880
1.935 0.477600
1.940 0.481010
1.945 0.485170
1.950 0.489410
1.955 0.492340
1.960 0.497440
1.965 0.495180
1.970 0.499080
1.975 0.501730
1.980 0.507390
1.985 0.514280
1.990 0.515300
1.995 0.521800
2.000 0.523560
2.005 0.525700
2.010 0.529290
2.015 0.534750
2.020 0.535930
2.025 0.541170
2.030 0.540010
2.035 0.538120
2.040 0.543200
2.045 0.542860
2.050 0.540000
2.055 0.543860
2.060 0.542910
2.065 0.545400
2.070 0.548030
2.075 0.548120
2.080 0.550750
2.085 0.551860
2.090 0.551490
2.095 0.551100
2.100 0.550980
2.105 0.550230
2.110 0.550220
2.115 0.549860
2.120 0.549910
2.125 0.549440
2.130 0.549550
2.135 0.548810
2.140 0.547310
2.145 0.546290
2.150 0.542970
2.155 0.539710
2.160 0.536700
2.165 0.533890
2.170 0.531580
2.175 0.528980
2.180 0.525750
2.185 0.521310
2.190 0.516740
2.195 0.511540
2.200 0.505640
2.205 0.498150
2.210 0.496280
2.215 0.504240
2.220 0.510250
2.225 0.512770
2.230 0.513700
2.235 0.513760
2.240 0.512750
2.245 0.511790
2.250 0.511960
2.255 0.512600
2.260 0.514160
2.265 0.514720
2.270 0.513830
2.275 0.511300
2.280 0.507730
2.285 0.502500
2.290 0.496980
2.295 0.492780
2.300 0.489720
2.305 0.487020
2.310 0.484220
2.315 0.482130
2.320 0.481410
2.325 0.480060
2.330 0.478150
2.335 0.476360
2.340 0.474360
2.345 0.473120
2.350 0.472070
2.355 0.472130
2.360 0.472320
2.365 0.471990
2.370 0.470780
2.375 0.468400
2.380 0.464650
2.385 0.461980
2.390 0.460550
2.395 0.459800
2.400 0.459630
2.405 0.458540
2.410 0.457420
2.415 0.455950
2.420 0.454120
2.425 0.452010
2.430 0.449640
2.435 0.446150
2.440 0.443660
2.445 0.441510
2.450 0.439670
2.455 0.438120
2.460 0.436390
2.465 0.434610
2.470 0.432360
2.475 0.430780
2.480 0.428830
2.485 0.426470
2.490 0.424800
2.495 0.423000
2.500 0.421290
