0.350 0.009529
0.355 0.010481
0.360 0.011434
0.365 0.012387
0.370 0.013340
0.375 0.014293
0.380 0.015246
0.385 0.016198
0.390 0.017151
0.395 0.018104
0.400 0.019057
0.405 0.020437
0.410 0.024106
0.415 0.022441
0.420 0.023723
0.425 0.025832
0.430 0.024808
0.435 0.024151
0.440 0.024616
0.445 0.024345
0.450 0.025412
0.455 0.025115
0.460 0.025768
0.465 0.026346
0.470 0.026097
0.475 0.026205
0.480 0.026287
0.485 0.026824
0.490 0.026343
0.495 0.028051
0.500 0.030382
0.505 0.034656
0.510 0.041846
0.515 0.053366
0.520 0.070432
0.525 0.089700
0.530 0.107200
0.535 0.119400
0.540 0.125640
0.545 0.129140
0.550 0.131870
0.555 0.132480
0.560 0.128090
0.565 0.118760
0.570 0.105970
0.575 0.092930
0.580 0.082745
0.585 0.075676
0.590 0.070553
0.595 0.067387
0.600 0.065328
0.605 0.063427
0.610 0.059491
0.615 0.054782
0.620 0.051180
0.625 0.048994
0.630 0.048072
0.635 0.046591
0.640 0.043032
0.645 0.038453
0.650 0.034801
0.655 0.033459
0.660 0.031938
0.665 0.030443
0.670 0.030360
0.675 0.032043
0.680 0.034980
0.685 0.039359
0.690 0.048738
0.695 0.075785
0.700 0.127000
0.705 0.199060
0.710 0.282730
0.715 0.375570
0.720 0.473650
0.725 0.570730
0.730 0.659020
0.735 0.732900
0.740 0.790230
0.745 0.831490
0.750 0.858790
0.755 0.875730
0.760 0.885670
0.765 0.891120
0.770 0.893860
0.775 0.895410
0.780 0.896720
0.785 0.897760
0.790 0.898850
0.795 0.899730
0.800 0.900390
0.805 0.901550
0.810 0.902810
0.815 0.903660
0.820 0.904480
0.825 0.905460
0.830 0.906230
0.835 0.906830
0.840 0.907750
0.845 0.908690
0.850 0.909610
0.855 0.910560
0.860 0.911500
0.865 0.911980
0.870 0.912460
0.875 0.913140
0.880 0.913540
0.885 0.913760
0.890 0.913880
0.895 0.914160
0.900 0.914320
0.905 0.914190
0.910 0.914210
0.915 0.914210
0.920 0.913900
0.925 0.912840
0.930 0.911680
0.935 0.909880
0.940 0.907260
0.945 0.904210
0.950 0.899570
0.955 0.893750
0.960 0.888660
0.965 0.885390
0.970 0.885060
0.975 0.885090
0.980 0.886300
0.985 0.887730
0.990 0.889890
0.995 0.892240
1.000 0.895110
1.005 0.901980
1.010 0.903010
1.015 0.905610
1.020 0.910030
1.025 0.911460
1.030 0.913830
1.035 0.916810
1.040 0.918900
1.045 0.921160
1.050 0.922940
1.055 0.923710
1.060 0.925320
1.065 0.927130
1.070 0.927740
1.075 0.927870
1.080 0.928530
1.085 0.928900
1.090 0.926310
1.095 0.925800
1.100 0.924270
1.105 0.923600
1.110 0.921510
1.115 0.919650
1.120 0.916190
1.125 0.912680
1.130 0.905160
1.135 0.895650
1.140 0.883550
1.145 0.870020
1.150 0.857510
1.155 0.848380
1.160 0.843680
1.165 0.840530
1.170 0.839400
1.175 0.840090
1.180 0.839780
1.185 0.839600
1.190 0.839180
1.195 0.838890
1.200 0.840690
1.205 0.841800
1.210 0.843760
1.215 0.846340
1.220 0.849210
1.225 0.851480
1.230 0.853730
1.235 0.856280
1.240 0.858430
1.245 0.860830
1.250 0.861770
1.255 0.863670
1.260 0.863760
1.265 0.863890
1.270 0.863250
1.275 0.863290
1.280 0.860760
1.285 0.859040
1.290 0.855260
1.295 0.851790
1.300 0.846260
1.305 0.839300
1.310 0.831300
1.315 0.821040
1.320 0.809660
1.325 0.795850
1.330 0.782110
1.335 0.766480
1.340 0.751850
1.345 0.737990
1.350 0.724360
1.355 0.710880
1.360 0.696610
1.365 0.678540
1.370 0.653770
1.375 0.621140
1.380 0.575820
1.385 0.519320
1.390 0.457370
1.395 0.397100
1.400 0.344710
1.405 0.304080
1.410 0.274280
1.415 0.255590
1.420 0.243780
1.425 0.236680
1.430 0.233160
1.435 0.231690
1.440 0.232040
1.445 0.233460
1.450 0.235030
1.455 0.238140
1.460 0.242230
1.465 0.248760
1.470 0.257340
1.475 0.268080
1.480 0.279810
1.485 0.292630
1.490 0.305720
1.495 0.319410
1.500 0.333140
1.505 0.347100
1.510 0.360900
1.515 0.374860
1.520 0.388450
1.525 0.401740
1.530 0.414490
1.535 0.427530
1.540 0.439300
1.545 0.451290
1.550 0.462590
1.555 0.473580
1.560 0.484050
1.565 0.493580
1.570 0.502600
1.575 0.511500
1.580 0.520040
1.585 0.528300
1.590 0.535860
1.595 0.543030
1.600 0.549590
1.605 0.556230
1.610 0.562560
1.615 0.567970
1.620 0.573510
1.625 0.577970
1.630 0.582600
1.635 0.586190
1.640 0.589320
1.645 0.591250
1.650 0.592240
1.655 0.592140
1.660 0.591880
1.665 0.592290
1.670 0.592870
1.675 0.592590
1.680 0.591860
1.685 0.589520
1.690 0.587430
1.695 0.583790
1.700 0.579250
1.705 0.574960
1.710 0.569610
1.715 0.564670
1.720 0.559520
1.725 0.554870
1.730 0.549370
1.735 0.544900
1.740 0.539110
1.745 0.531960
1.750 0.524670
1.755 0.517020
1.760 0.510050
1.765 0.503460
1.770 0.497550
1.775 0.492390
1.780 0.488070
1.785 0.484920
1.790 0.483160
1.795 0.481610
1.800 0.481010
1.805 0.478670
1.810 0.478340
1.815 0.477640
1.820 0.476340
1.825 0.474410
1.830 0.470650
1.835 0.465160
1.840 0.456610
1.845 0.444370
1.850 0.427110
1.855 0.403480
1.860 0.372250
1.865 0.333660
1.870 0.287070
1.875 0.236530
1.880 0.187060
1.885 0.142930
1.890 0.106940
1.895 0.080840
1.900 0.064165
1.905 0.054120
1.910 0.048654
1.915 0.045823
1.920 0.044992
1.925 0.045070
1.930 0.046057
1.935 0.047767
1.940 0.050022
1.945 0.052824
1.950 0.055898
1.955 0.059556
1.960 0.063534
1.965 0.067746
1.970 0.072475
1.975 0.077518
1.980 0.082889
1.985 0.088551
1.990 0.094415
1.995 0.100650
2.000 0.106990
2.005 0.113290
2.010 0.119600
2.015 0.125930
2.020 0.132120
2.025 0.138120
2.030 0.143830
2.035 0.149460
2.040 0.154710
2.045 0.159910
2.050 0.164940
2.055 0.170040
2.060 0.175330
2.065 0.180630
2.070 0.185830
2.075 0.191160
2.080 0.196240
2.085 0.201250
2.090 0.205880
2.095 0.210330
2.100 0.214550
2.105 0.218580
2.110 0.222330
2.115 0.225500
2.120 0.228570
2.125 0.231480
2.130 0.234080
2.135 0.236840
2.140 0.239400
2.145 0.242250
2.150 0.245100
2.155 0.247890
2.160 0.250320
2.165 0.252760
2.170 0.255180
2.175 0.257460
2.180 0.260000
2.185 0.262540
2.190 0.264650
2.195 0.266880
2.200 0.268750
2.205 0.270270
2.210 0.271540
2.215 0.272270
2.220 0.272600
2.225 0.272170
2.230 0.270500
2.235 0.267830
2.240 0.264320
2.245 0.260120
2.250 0.255560
2.255 0.251000
2.260 0.246190
2.265 0.241840
2.270 0.237520
2.275 0.233310
2.280 0.229510
2.285 0.225110
2.290 0.219990
2.295 0.214870
2.300 0.209590
2.305 0.205390
2.310 0.201530
2.315 0.198360
2.320 0.194360
2.325 0.189950
2.330 0.185090
2.335 0.180450
2.340 0.175860
2.345 0.170950
2.350 0.167450
2.355 0.163600
2.360 0.159490
2.365 0.155070
2.370 0.150870
2.375 0.146840
2.380 0.141800
2.385 0.137650
2.390 0.133430
2.395 0.128820
2.400 0.124390
2.405 0.120400
2.410 0.115770
2.415 0.111490
2.420 0.106490
2.425 0.102650
2.430 0.098162
2.435 0.093625
2.440 0.089433
2.445 0.085248
2.450 0.081477
2.455 0.077305
2.460 0.073670
2.465 0.069995
2.470 0.066778
2.475 0.065323
2.480 0.062205
2.485 0.060803
2.490 0.058761
2.495 0.056966
2.500 0.055412
