0.350 0.065800
0.355 0.069038
0.360 0.072900
0.365 0.077481
0.370 0.083000
0.375 0.089954
0.380 0.101200
0.385 0.115980
0.390 0.137100
0.395 0.163420
0.400 0.189000
0.405 0.208060
0.410 0.219200
0.415 0.225020
0.420 0.228800
0.425 0.231850
0.430 0.234800
0.435 0.237700
0.440 0.240500
0.445 0.243420
0.450 0.246000
0.455 0.247960
0.460 0.249300
0.465 0.250700
0.470 0.252100
0.475 0.253480
0.480 0.254900
0.485 0.256800
0.490 0.258600
0.495 0.259860
0.500 0.261000
0.505 0.262260
0.510 0.263700
0.515 0.265150
0.520 0.266600
0.525 0.268100
0.530 0.269600
0.535 0.271150
0.540 0.272800
0.545 0.274550
0.550 0.276400
0.555 0.278200
0.560 0.280100
0.565 0.281960
0.570 0.283500
0.575 0.285070
0.580 0.286200
0.585 0.287190
0.590 0.288000
0.595 0.288690
0.600 0.289300
0.605 0.289660
0.610 0.289900
0.615 0.290110
0.620 0.290200
0.625 0.290300
0.630 0.290300
0.635 0.290410
0.640 0.290400
0.645 0.290400
0.650 0.290400
0.655 0.290400
0.660 0.290400
0.665 0.290410
0.670 0.290300
0.675 0.290410
0.680 0.290300
0.685 0.290200
0.690 0.290200
0.695 0.290140
0.700 0.290200
0.705 0.290160
0.710 0.290100
0.715 0.290000
0.720 0.289800
0.725 0.289920
0.730 0.289700
0.735 0.289710
0.740 0.289600
0.745 0.289570
0.750 0.289300
0.755 0.289220
0.760 0.289000
0.765 0.288960
0.770 0.288700
0.775 0.288570
0.780 0.288500
0.785 0.288300
0.790 0.288200
0.795 0.287970
0.800 0.287800
0.805 0.287690
0.810 0.287390
0.815 0.287000
0.820 0.286600
0.825 0.286270
0.830 0.285990
0.835 0.285720
0.840 0.285400
0.845 0.285020
0.850 0.284630
0.855 0.284300
0.860 0.284100
0.865 0.284090
0.870 0.284220
0.875 0.284410
0.880 0.284600
0.885 0.284730
0.890 0.284780
0.895 0.284740
0.900 0.284600
0.905 0.284360
0.910 0.284020
0.915 0.283590
0.920 0.283100
0.925 0.282550
0.930 0.281960
0.935 0.281370
0.940 0.280800
0.945 0.280280
0.950 0.279800
0.955 0.279340
0.960 0.278900
0.965 0.278460
0.970 0.278030
0.975 0.277600
0.980 0.277200
0.985 0.276810
0.990 0.276440
0.995 0.276080
1.000 0.275700
1.005 0.275310
1.010 0.274910
1.015 0.274510
1.020 0.274100
1.025 0.273700
1.030 0.273290
1.035 0.272860
1.040 0.272400
1.045 0.271900
1.050 0.271390
1.055 0.270910
1.060 0.270500
1.065 0.270180
1.070 0.269910
1.075 0.269640
1.080 0.269300
1.085 0.268860
1.090 0.268360
1.095 0.267820
1.100 0.267300
1.105 0.266830
1.110 0.266400
1.115 0.265990
1.120 0.265600
1.125 0.265200
1.130 0.264790
1.135 0.264360
1.140 0.263900
1.145 0.263400
1.150 0.262900
1.155 0.262420
1.160 0.262000
1.165 0.261660
1.170 0.261380
1.175 0.261110
1.180 0.260800
1.185 0.260430
1.190 0.260010
1.195 0.259590
1.200 0.259200
1.205 0.258870
1.210 0.258590
1.215 0.258340
1.220 0.258100
1.225 0.257860
1.230 0.257600
1.235 0.257320
1.240 0.257000
1.245 0.256640
1.250 0.256250
1.255 0.255860
1.260 0.255500
1.265 0.255180
1.270 0.254880
1.275 0.254590
1.280 0.254300
1.285 0.253980
1.290 0.253640
1.295 0.253280
1.300 0.252900
1.305 0.252500
1.310 0.252110
1.315 0.251730
1.320 0.251400
1.325 0.251130
1.330 0.250890
1.335 0.250660
1.340 0.250400
1.345 0.250090
1.350 0.249740
1.355 0.249370
1.360 0.249000
1.365 0.248630
1.370 0.248210
1.375 0.247690
1.380 0.247000
1.385 0.246110
1.390 0.245080
1.395 0.244010
1.400 0.243000
1.405 0.242130
1.410 0.241460
1.415 0.241060
1.420 0.241000
1.425 0.241330
1.430 0.241890
1.435 0.242510
1.440 0.243000
1.445 0.243230
1.450 0.243240
1.455 0.243140
1.460 0.243000
1.465 0.242900
1.470 0.242840
1.475 0.242810
1.480 0.242800
1.485 0.242810
1.490 0.242810
1.495 0.242780
1.500 0.242700
1.505 0.242550
1.510 0.242360
1.515 0.242170
1.520 0.242000
1.525 0.241890
1.530 0.241810
1.535 0.241760
1.540 0.241700
1.545 0.241620
1.550 0.241510
1.555 0.241370
1.560 0.241200
1.565 0.240990
1.570 0.240780
1.575 0.240570
1.580 0.240400
1.585 0.240280
1.590 0.240190
1.595 0.240110
1.600 0.240000
1.605 0.239850
1.610 0.239660
1.615 0.239470
1.620 0.239300
1.625 0.239170
1.630 0.239080
1.635 0.239020
1.640 0.239000
1.645 0.239010
1.650 0.239020
1.655 0.238990
1.660 0.238900
1.665 0.238720
1.670 0.238470
1.675 0.238180
1.680 0.237900
1.685 0.237650
1.690 0.237430
1.695 0.237250
1.700 0.237100
1.705 0.236980
1.710 0.236880
1.715 0.236760
1.720 0.236600
1.725 0.236380
1.730 0.236110
1.735 0.235810
1.740 0.235500
1.745 0.235190
1.750 0.234890
1.755 0.234630
1.760 0.234400
1.765 0.234220
1.770 0.234080
1.775 0.233950
1.780 0.233800
1.785 0.233620
1.790 0.233420
1.795 0.233210
1.800 0.233000
1.805 0.232800
1.810 0.232620
1.815 0.232450
1.820 0.232300
1.825 0.232170
1.830 0.232040
1.835 0.231890
1.840 0.231700
1.845 0.231450
1.850 0.231160
1.855 0.230860
1.860 0.230600
1.865 0.230360
1.870 0.229980
1.875 0.229270
1.880 0.228000
1.885 0.226040
1.890 0.223600
1.895 0.220990
1.900 0.218500
1.905 0.216390
1.910 0.214790
1.915 0.213780
1.920 0.213500
1.925 0.214000
1.930 0.215030
1.935 0.216270
1.940 0.217400
1.945 0.218190
1.950 0.218690
1.955 0.219050
1.960 0.219400
1.965 0.219830
1.970 0.220320
1.975 0.220820
1.980 0.221300
1.985 0.221710
1.990 0.222060
1.995 0.222380
2.000 0.222700
2.005 0.223020
2.010 0.223320
2.015 0.223560
2.020 0.223700
2.025 0.223720
2.030 0.223630
2.035 0.223480
2.040 0.223300
2.045 0.223120
2.050 0.222930
2.055 0.222730
2.060 0.222500
2.065 0.222240
2.070 0.221970
2.075 0.221680
2.080 0.221400
2.085 0.221140
2.090 0.220890
2.095 0.220640
2.100 0.220400
2.105 0.220150
2.110 0.219900
2.115 0.219650
2.120 0.219400
2.125 0.219140
2.130 0.218840
2.135 0.218440
2.140 0.217900
2.145 0.217190
2.150 0.216360
2.155 0.215500
2.160 0.214700
2.165 0.214000
2.170 0.213360
2.175 0.212690
2.180 0.211900
2.185 0.210950
2.190 0.209940
2.195 0.209010
2.200 0.208300
2.205 0.207920
2.210 0.207860
2.215 0.208100
2.220 0.208600
2.225 0.209310
2.230 0.209930
2.235 0.210110
2.240 0.209500
2.245 0.207860
2.250 0.205580
2.255 0.203180
2.260 0.201180
2.265 0.199990
2.270 0.199420
2.275 0.199190
2.280 0.199020
2.285 0.198690
2.290 0.198160
2.295 0.197430
2.300 0.196520
2.305 0.195440
2.310 0.194320
2.315 0.193340
2.320 0.192650
2.325 0.192380
2.330 0.192380
2.335 0.192450
2.340 0.192400
2.345 0.192080
2.350 0.191590
2.355 0.191060
2.360 0.190610
2.365 0.190340
2.370 0.190160
2.375 0.189920
2.380 0.189490
2.385 0.188760
2.390 0.187870
2.395 0.186970
2.400 0.186230
2.405 0.185760
2.410 0.185460
2.415 0.185160
2.420 0.184680
2.425 0.183920
2.430 0.182950
2.435 0.181880
2.440 0.180840
2.445 0.179920
2.450 0.179100
2.455 0.178380
2.460 0.177700
2.465 0.177060
2.470 0.176470
2.475 0.175930
2.480 0.175460
2.485 0.175070
2.490 0.174710
2.495 0.174320
2.500 0.173840
