0.350 0.019500
0.355 0.019509
0.360 0.019400
0.365 0.019350
0.370 0.019300
0.375 0.019190
0.380 0.019200
0.385 0.019091
0.390 0.019100
0.395 0.019003
0.400 0.019000
0.405 0.018902
0.410 0.018900
0.415 0.018790
0.420 0.018800
0.425 0.018750
0.430 0.018700
0.435 0.018701
0.440 0.018700
0.445 0.018603
0.450 0.018600
0.455 0.018550
0.460 0.018500
0.465 0.018500
0.470 0.018500
0.475 0.018390
0.480 0.018400
0.485 0.018400
0.490 0.018400
0.495 0.018290
0.500 0.018300
0.505 0.018300
0.510 0.018300
0.515 0.018250
0.520 0.018200
0.525 0.018200
0.530 0.018200
0.535 0.018197
0.540 0.018100
0.545 0.018099
0.550 0.018100
0.555 0.018100
0.560 0.018100
0.565 0.018110
0.570 0.018000
0.575 0.018000
0.580 0.018000
0.585 0.018000
0.590 0.018000
0.595 0.017997
0.600 0.017900
0.605 0.017899
0.610 0.017900
0.615 0.017900
0.620 0.017900
0.625 0.017900
0.630 0.017900
0.635 0.017850
0.640 0.017800
0.645 0.017800
0.650 0.017800
0.655 0.017800
0.660 0.017800
0.665 0.017800
0.670 0.017800
0.675 0.017810
0.680 0.017700
0.685 0.017700
0.690 0.017700
0.695 0.017700
0.700 0.017700
0.705 0.017700
0.710 0.017700
0.715 0.017700
0.720 0.017700
0.725 0.017590
0.730 0.017600
0.735 0.017600
0.740 0.017600
0.745 0.017600
0.750 0.017600
0.755 0.017600
0.760 0.017600
0.765 0.017600
0.770 0.017600
0.775 0.017490
0.780 0.017500
0.785 0.017500
0.790 0.017500
0.795 0.017500
0.800 0.017500
0.805 0.017503
0.810 0.017507
0.815 0.017508
0.820 0.017500
0.825 0.017479
0.830 0.017451
0.835 0.017422
0.840 0.017400
0.845 0.017391
0.850 0.017391
0.855 0.017395
0.860 0.017400
0.865 0.017405
0.870 0.017409
0.875 0.017409
0.880 0.017400
0.885 0.017378
0.890 0.017350
0.895 0.017322
0.900 0.017300
0.905 0.017291
0.910 0.017291
0.915 0.017295
0.920 0.017300
0.925 0.017305
0.930 0.017309
0.935 0.017309
0.940 0.017300
0.945 0.017278
0.950 0.017250
0.955 0.017222
0.960 0.017200
0.965 0.017191
0.970 0.017191
0.975 0.017195
0.980 0.017200
0.985 0.017205
0.990 0.017209
0.995 0.017209
1.000 0.017200
1.005 0.017178
1.010 0.017150
1.015 0.017122
1.020 0.017100
1.025 0.017091
1.030 0.017091
1.035 0.017095
1.040 0.017100
1.045 0.017105
1.050 0.017109
1.055 0.017109
1.060 0.017100
1.065 0.017078
1.070 0.017050
1.075 0.017022
1.080 0.017000
1.085 0.016991
1.090 0.016991
1.095 0.016995
1.100 0.017000
1.105 0.017005
1.110 0.017009
1.115 0.017009
1.120 0.017000
1.125 0.016978
1.130 0.016950
1.135 0.016922
1.140 0.016900
1.145 0.016891
1.150 0.016891
1.155 0.016895
1.160 0.016900
1.165 0.016906
1.170 0.016910
1.175 0.016909
1.180 0.016900
1.185 0.016878
1.190 0.016848
1.195 0.016820
1.200 0.016800
1.205 0.016796
1.210 0.016800
1.215 0.016804
1.220 0.016800
1.225 0.016780
1.230 0.016752
1.235 0.016723
1.240 0.016700
1.245 0.016691
1.250 0.016690
1.255 0.016694
1.260 0.016700
1.265 0.016706
1.270 0.016710
1.275 0.016709
1.280 0.016700
1.285 0.016678
1.290 0.016648
1.295 0.016620
1.300 0.016600
1.305 0.016596
1.310 0.016600
1.315 0.016604
1.320 0.016600
1.325 0.016580
1.330 0.016552
1.335 0.016523
1.340 0.016500
1.345 0.016491
1.350 0.016490
1.355 0.016494
1.360 0.016500
1.365 0.016506
1.370 0.016510
1.375 0.016509
1.380 0.016500
1.385 0.016477
1.390 0.016448
1.395 0.016420
1.400 0.016400
1.405 0.016396
1.410 0.016400
1.415 0.016405
1.420 0.016400
1.425 0.016379
1.430 0.016350
1.435 0.016321
1.440 0.016300
1.445 0.016295
1.450 0.016300
1.455 0.016304
1.460 0.016300
1.465 0.016280
1.470 0.016252
1.475 0.016223
1.480 0.016200
1.485 0.016191
1.490 0.016190
1.495 0.016194
1.500 0.016200
1.505 0.016206
1.510 0.016210
1.515 0.016209
1.520 0.016200
1.525 0.016177
1.530 0.016148
1.535 0.016120
1.540 0.016100
1.545 0.016096
1.550 0.016100
1.555 0.016105
1.560 0.016100
1.565 0.016079
1.570 0.016050
1.575 0.016021
1.580 0.016000
1.585 0.015996
1.590 0.016000
1.595 0.016004
1.600 0.016000
1.605 0.015980
1.610 0.015950
1.615 0.015921
1.620 0.015900
1.625 0.015895
1.630 0.015898
1.635 0.015902
1.640 0.015900
1.645 0.015884
1.650 0.015860
1.655 0.015831
1.660 0.015800
1.665 0.015769
1.670 0.015741
1.675 0.015716
1.680 0.015700
1.685 0.015697
1.690 0.015700
1.695 0.015703
1.700 0.015700
1.705 0.015684
1.710 0.015659
1.715 0.015630
1.720 0.015600
1.725 0.015570
1.730 0.015541
1.735 0.015516
1.740 0.015500
1.745 0.015497
1.750 0.015500
1.755 0.015503
1.760 0.015500
1.765 0.015484
1.770 0.015459
1.775 0.015430
1.780 0.015400
1.785 0.015370
1.790 0.015341
1.795 0.015316
1.800 0.015300
1.805 0.015297
1.810 0.015300
1.815 0.015304
1.820 0.015300
1.825 0.015283
1.830 0.015258
1.835 0.015229
1.840 0.015200
1.845 0.015173
1.850 0.015149
1.855 0.015124
1.860 0.015100
1.865 0.015075
1.870 0.015050
1.875 0.015025
1.880 0.015000
1.885 0.014975
1.890 0.014950
1.895 0.014925
1.900 0.014900
1.905 0.014875
1.910 0.014850
1.915 0.014825
1.920 0.014800
1.925 0.014776
1.930 0.014752
1.935 0.014727
1.940 0.014700
1.945 0.014671
1.950 0.014642
1.955 0.014617
1.960 0.014600
1.965 0.014597
1.970 0.014601
1.975 0.014605
1.980 0.014600
1.985 0.014579
1.990 0.014550
1.995 0.014521
2.000 0.014500
2.005 0.014495
2.010 0.014499
2.015 0.014503
2.020 0.014500
2.025 0.014483
2.030 0.014458
2.035 0.014429
2.040 0.014400
2.045 0.014373
2.050 0.014348
2.055 0.014324
2.060 0.014300
2.065 0.014275
2.070 0.014251
2.075 0.014225
2.080 0.014200
2.085 0.014174
2.090 0.014148
2.095 0.014123
2.100 0.014100
2.105 0.014079
2.110 0.014058
2.115 0.014033
2.120 0.014000
2.125 0.013954
2.130 0.013900
2.135 0.013847
2.140 0.013800
2.145 0.013766
2.150 0.013741
2.155 0.013719
2.160 0.013700
2.165 0.013681
2.170 0.013659
2.175 0.013634
2.180 0.013600
2.185 0.013553
2.190 0.013499
2.195 0.013445
2.200 0.013400
2.205 0.013370
2.210 0.013349
2.215 0.013328
2.220 0.013300
2.225 0.013259
2.230 0.013209
2.235 0.013156
2.240 0.013100
2.245 0.013044
2.250 0.012991
2.255 0.012941
2.260 0.012900
2.265 0.012872
2.270 0.012850
2.275 0.012829
2.280 0.012800
2.285 0.012758
2.290 0.012708
2.295 0.012654
2.300 0.012600
2.305 0.012548
2.310 0.012499
2.315 0.012449
2.320 0.012400
2.325 0.012350
2.330 0.012300
2.335 0.012250
2.340 0.012200
2.345 0.012150
2.350 0.012100
2.355 0.012050
2.360 0.012000
2.365 0.011950
2.370 0.011900
2.375 0.011850
2.380 0.011800
2.385 0.011749
2.390 0.011698
2.395 0.011648
2.400 0.011600
2.405 0.011554
2.410 0.011508
2.415 0.011458
2.420 0.011400
2.425 0.011328
2.430 0.011249
2.435 0.011170
2.440 0.011100
2.445 0.011045
2.450 0.010999
2.455 0.010953
2.460 0.010900
2.465 0.010834
2.470 0.010758
2.475 0.010679
2.480 0.010600
2.485 0.010523
2.490 0.010447
2.495 0.010373
2.500 0.010300
