0.350 0.542970
0.355 0.547560
0.360 0.548370
0.365 0.552400
0.370 0.553190
0.375 0.554470
0.380 0.555430
0.385 0.558520
0.390 0.563210
0.395 0.567600
0.400 0.571620
0.405 0.576040
0.410 0.579650
0.415 0.582570
0.420 0.584950
0.425 0.587150
0.430 0.589100
0.435 0.590810
0.440 0.592930
0.445 0.594740
0.450 0.596460
0.455 0.597750
0.460 0.599110
0.465 0.600380
0.470 0.601480
0.475 0.602080
0.480 0.602960
0.485 0.603660
0.490 0.604490
0.495 0.605250
0.500 0.606080
0.505 0.606940
0.510 0.607870
0.515 0.608840
0.520 0.609900
0.525 0.610880
0.530 0.611570
0.535 0.612200
0.540 0.612840
0.545 0.613370
0.550 0.613720
0.555 0.614030
0.560 0.614420
0.565 0.614800
0.570 0.614950
0.575 0.615110
0.580 0.615400
0.585 0.615440
0.590 0.615240
0.595 0.614430
0.600 0.613700
0.605 0.613400
0.610 0.613000
0.615 0.612760
0.620 0.612140
0.625 0.611330
0.630 0.610680
0.635 0.609910
0.640 0.609190
0.645 0.608380
0.650 0.607480
0.655 0.606720
0.660 0.605750
0.665 0.605020
0.670 0.604460
0.675 0.603800
0.680 0.603050
0.685 0.602110
0.690 0.601070
0.695 0.599690
0.700 0.597660
0.705 0.595010
0.710 0.592580
0.715 0.589960
0.720 0.587180
0.725 0.584300
0.730 0.580760
0.735 0.576810
0.740 0.573770
0.745 0.571170
0.750 0.568180
0.755 0.564490
0.760 0.560220
0.765 0.555700
0.770 0.550950
0.775 0.546260
0.780 0.541750
0.785 0.537780
0.790 0.534670
0.795 0.532560
0.800 0.531350
0.805 0.530920
0.810 0.531120
0.815 0.531500
0.820 0.531790
0.825 0.531340
0.830 0.529290
0.835 0.526890
0.840 0.524230
0.845 0.520490
0.850 0.515600
0.855 0.509540
0.860 0.502550
0.865 0.495010
0.870 0.486540
0.875 0.477610
0.880 0.468620
0.885 0.460210
0.890 0.452800
0.895 0.446610
0.900 0.441810
0.905 0.438030
0.910 0.434860
0.915 0.432170
0.920 0.428840
0.925 0.424250
0.930 0.417560
0.935 0.409030
0.940 0.399060
0.945 0.386620
0.950 0.370010
0.955 0.350290
0.960 0.332320
0.965 0.319300
0.970 0.308150
0.975 0.297160
0.980 0.286160
0.985 0.275310
0.990 0.265820
0.995 0.256790
1.000 0.249180
1.005 0.243430
1.010 0.239450
1.015 0.237250
1.020 0.236430
1.025 0.237540
1.030 0.240350
1.035 0.245000
1.040 0.251290
1.045 0.259100
1.050 0.267940
1.055 0.277540
1.060 0.287160
1.065 0.296120
1.070 0.303490
1.075 0.308630
1.080 0.311510
1.085 0.311950
1.090 0.310430
1.095 0.307260
1.100 0.303100
1.105 0.298490
1.110 0.293550
1.115 0.288300
1.120 0.282190
1.125 0.274240
1.130 0.263210
1.135 0.248500
1.140 0.231270
1.145 0.213540
1.150 0.197250
1.155 0.182950
1.160 0.170440
1.165 0.159070
1.170 0.148440
1.175 0.138420
1.180 0.129170
1.185 0.120630
1.190 0.112860
1.195 0.106080
1.200 0.100220
1.205 0.095169
1.210 0.090871
1.215 0.087329
1.220 0.084320
1.225 0.081954
1.230 0.080140
1.235 0.078751
1.240 0.077788
1.245 0.077202
1.250 0.076936
1.255 0.077016
1.260 0.077402
1.265 0.078006
1.270 0.078840
1.275 0.079567
1.280 0.080106
1.285 0.080237
1.290 0.079955
1.295 0.079226
1.300 0.078166
1.305 0.076821
1.310 0.075138
1.315 0.073157
1.320 0.070880
1.325 0.068383
1.330 0.065782
1.335 0.063121
1.340 0.060571
1.345 0.058230
1.350 0.056029
1.355 0.053959
1.360 0.051784
1.365 0.049377
1.370 0.046321
1.375 0.042490
1.380 0.037756
1.385 0.032419
1.390 0.027197
1.395 0.022610
1.400 0.019054
1.405 0.016425
1.410 0.014508
1.415 0.013044
1.420 0.011808
1.425 0.010834
1.430 0.010046
1.435 0.009337
1.440 0.008732
1.445 0.008248
1.450 0.007806
1.455 0.007495
1.460 0.007212
1.465 0.007000
1.470 0.006816
1.475 0.006698
1.480 0.006642
1.485 0.006612
1.490 0.006576
1.495 0.006546
1.500 0.006564
1.505 0.006584
1.510 0.006651
1.515 0.006683
1.520 0.006703
1.525 0.006749
1.530 0.006802
1.535 0.006843
1.540 0.006880
1.545 0.006960
1.550 0.007034
1.555 0.007140
1.560 0.007250
1.565 0.007349
1.570 0.007433
1.575 0.007590
1.580 0.007698
1.585 0.007834
1.590 0.007967
1.595 0.008077
1.600 0.008191
1.605 0.008290
1.610 0.008423
1.615 0.008518
1.620 0.008590
1.625 0.008711
1.630 0.008798
1.635 0.008876
1.640 0.008985
1.645 0.009143
1.650 0.009275
1.655 0.009363
1.660 0.009533
1.665 0.009627
1.670 0.009801
1.675 0.009948
1.680 0.010057
1.685 0.010211
1.690 0.010361
1.695 0.010509
1.700 0.010664
1.705 0.010811
1.710 0.010936
1.715 0.011028
1.720 0.011156
1.725 0.011271
1.730 0.011350
1.735 0.011389
1.740 0.011390
1.745 0.011396
1.750 0.011423
1.755 0.011454
1.760 0.011452
1.765 0.011428
1.770 0.011508
1.775 0.011525
1.780 0.011601
1.785 0.011688
1.790 0.011268
1.795 0.009176
1.800 0.009258
1.805 0.009730
1.810 0.009449
1.815 0.009398
1.820 0.009764
1.825 0.009923
1.830 0.009798
1.835 0.009902
1.840 0.009700
1.845 0.009819
1.850 0.009675
1.855 0.009114
1.860 0.008814
1.865 0.008507
1.870 0.007944
1.875 0.007497
1.880 0.006917
1.885 0.006246
1.890 0.006021
1.895 0.005921
1.900 0.005623
1.905 0.005731
1.910 0.005459
1.915 0.005318
1.920 0.005165
1.925 0.005192
1.930 0.005394
1.935 0.005168
1.940 0.004982
1.945 0.004968
1.950 0.004896
1.955 0.004879
1.960 0.004776
1.965 0.004663
1.970 0.004723
1.975 0.004635
1.980 0.004674
1.985 0.004590
1.990 0.004648
1.995 0.004604
2.000 0.004441
2.005 0.004290
2.010 0.004414
2.015 0.004552
2.020 0.004566
2.025 0.004438
2.030 0.004466
2.035 0.004561
2.040 0.004497
2.045 0.004374
2.050 0.004308
2.055 0.004532
2.060 0.004700
2.065 0.004506
2.070 0.004596
2.075 0.004873
2.080 0.005081
2.085 0.005051
2.090 0.004897
2.095 0.004993
2.100 0.004933
2.105 0.005087
2.110 0.005361
2.115 0.005558
2.120 0.005301
2.125 0.005504
2.130 0.005832
2.135 0.005907
2.140 0.005673
2.145 0.005801
2.150 0.005840
2.155 0.005945
2.160 0.006106
2.165 0.006075
2.170 0.006001
2.175 0.006039
2.180 0.005948
2.185 0.005913
2.190 0.006021
2.195 0.006287
2.200 0.006093
2.205 0.006299
2.210 0.006381
2.215 0.006395
2.220 0.006389
2.225 0.006510
2.230 0.006501
2.235 0.006788
2.240 0.006486
2.245 0.006589
2.250 0.006194
2.255 0.006274
2.260 0.006618
2.265 0.006950
2.270 0.006631
2.275 0.006351
2.280 0.006145
2.285 0.006144
2.290 0.006036
2.295 0.005812
2.300 0.006130
2.305 0.005538
2.310 0.005107
2.315 0.005405
2.320 0.005388
2.325 0.004833
2.330 0.004455
2.335 0.004270
2.340 0.004170
2.345 0.005114
2.350 0.004849
2.355 0.005036
2.360 0.004217
2.365 0.004211
2.370 0.004038
2.375 0.003963
2.380 0.003710
2.385 0.004077
2.390 0.003336
2.395 0.003359
2.400 0.003831
2.405 0.003417
2.410 0.003869
2.415 0.003831
2.420 0.003744
2.425 0.002831
2.430 0.002407
2.435 0.002972
2.440 0.003050
2.445 0.003743
2.450 0.003848
2.455 0.003813
2.460 0.003778
2.465 0.003743
2.470 0.003708
2.475 0.003673
2.480 0.003638
2.485 0.003603
2.490 0.003568
2.495 0.003533
2.500 0.003498
