0.350 0.016179
0.355 0.017797
0.360 0.019415
0.365 0.021033
0.370 0.022651
0.375 0.024269
0.380 0.025886
0.385 0.027504
0.390 0.029122
0.395 0.030740
0.400 0.032358
0.405 0.035464
0.410 0.030028
0.415 0.030768
0.420 0.031234
0.425 0.030514
0.430 0.029947
0.435 0.030460
0.440 0.031921
0.445 0.032618
0.450 0.031548
0.455 0.031701
0.460 0.031583
0.465 0.032169
0.470 0.031750
0.475 0.031795
0.480 0.031612
0.485 0.032081
0.490 0.032054
0.495 0.032845
0.500 0.034506
0.505 0.037375
0.510 0.042272
0.515 0.050585
0.520 0.062017
0.525 0.075005
0.530 0.085947
0.535 0.093048
0.540 0.096671
0.545 0.098748
0.550 0.100610
0.555 0.101040
0.560 0.098433
0.565 0.092568
0.570 0.084264
0.575 0.075593
0.580 0.069025
0.585 0.064506
0.590 0.061120
0.595 0.059089
0.600 0.058015
0.605 0.056855
0.610 0.054265
0.615 0.051200
0.620 0.048787
0.625 0.047535
0.630 0.046749
0.635 0.045756
0.640 0.043181
0.645 0.040379
0.650 0.037927
0.655 0.036875
0.660 0.035878
0.665 0.035348
0.670 0.035478
0.675 0.036647
0.680 0.038974
0.685 0.042468
0.690 0.049089
0.695 0.068889
0.700 0.108590
0.705 0.166050
0.710 0.233690
0.715 0.308980
0.720 0.388800
0.725 0.467940
0.730 0.539970
0.735 0.600090
0.740 0.647380
0.745 0.681290
0.750 0.704390
0.755 0.719200
0.760 0.728330
0.765 0.733810
0.770 0.737080
0.775 0.739400
0.780 0.741420
0.785 0.742920
0.790 0.744600
0.795 0.746210
0.800 0.747550
0.805 0.748960
0.810 0.750520
0.815 0.752170
0.820 0.753310
0.825 0.754750
0.830 0.755990
0.835 0.757140
0.840 0.758280
0.845 0.759850
0.850 0.761180
0.855 0.762630
0.860 0.763680
0.865 0.764980
0.870 0.766000
0.875 0.766940
0.880 0.768030
0.885 0.768420
0.890 0.769050
0.895 0.769520
0.900 0.770040
0.905 0.770530
0.910 0.770950
0.915 0.771150
0.920 0.771240
0.925 0.770770
0.930 0.769780
0.935 0.768460
0.940 0.766500
0.945 0.763940
0.950 0.759600
0.955 0.753650
0.960 0.748590
0.965 0.745520
0.970 0.744460
0.975 0.744610
0.980 0.745440
0.985 0.747270
0.990 0.749540
0.995 0.752470
1.000 0.755900
1.005 0.760680
1.010 0.763000
1.015 0.765890
1.020 0.769420
1.025 0.772630
1.030 0.775700
1.035 0.778770
1.040 0.782680
1.045 0.785240
1.050 0.786390
1.055 0.788590
1.060 0.789260
1.065 0.791520
1.070 0.793350
1.075 0.794110
1.080 0.795670
1.085 0.794920
1.090 0.794300
1.095 0.793240
1.100 0.793570
1.105 0.793400
1.110 0.790320
1.115 0.789280
1.120 0.785140
1.125 0.781140
1.130 0.773760
1.135 0.763660
1.140 0.749570
1.145 0.734210
1.150 0.720310
1.155 0.708820
1.160 0.702710
1.165 0.698320
1.170 0.696760
1.175 0.695530
1.180 0.693590
1.185 0.692420
1.190 0.690120
1.195 0.689750
1.200 0.690190
1.205 0.690810
1.210 0.692720
1.215 0.696030
1.220 0.700120
1.225 0.704600
1.230 0.708510
1.235 0.712170
1.240 0.714990
1.245 0.718420
1.250 0.721050
1.255 0.722590
1.260 0.724390
1.265 0.725020
1.270 0.725360
1.275 0.725340
1.280 0.724270
1.285 0.722190
1.290 0.719620
1.295 0.715350
1.300 0.710150
1.305 0.703240
1.310 0.694880
1.315 0.684560
1.320 0.672730
1.325 0.659100
1.330 0.643110
1.335 0.627430
1.340 0.611690
1.345 0.596830
1.350 0.582460
1.355 0.568460
1.360 0.554140
1.365 0.537320
1.370 0.514490
1.375 0.485470
1.380 0.445150
1.385 0.396110
1.390 0.342840
1.395 0.292120
1.400 0.248570
1.405 0.214800
1.410 0.190480
1.415 0.174650
1.420 0.164090
1.425 0.157830
1.430 0.154040
1.435 0.151990
1.440 0.151590
1.445 0.152190
1.450 0.153320
1.455 0.154710
1.460 0.157740
1.465 0.162080
1.470 0.167880
1.475 0.175060
1.480 0.183130
1.485 0.191910
1.490 0.201330
1.495 0.210930
1.500 0.221210
1.505 0.231340
1.510 0.241690
1.515 0.251770
1.520 0.262130
1.525 0.271950
1.530 0.281740
1.535 0.290930
1.540 0.300350
1.545 0.309290
1.550 0.317900
1.555 0.326580
1.560 0.334590
1.565 0.342320
1.570 0.349560
1.575 0.356640
1.580 0.363590
1.585 0.370670
1.590 0.377080
1.595 0.384100
1.600 0.391020
1.605 0.397350
1.610 0.403480
1.615 0.409360
1.620 0.414400
1.625 0.419010
1.630 0.423850
1.635 0.427700
1.640 0.430710
1.645 0.432820
1.650 0.434000
1.655 0.434060
1.660 0.433380
1.665 0.432730
1.670 0.432280
1.675 0.431450
1.680 0.429630
1.685 0.427500
1.690 0.423680
1.695 0.419360
1.700 0.414580
1.705 0.408680
1.710 0.402580
1.715 0.396290
1.720 0.390860
1.725 0.386120
1.730 0.383010
1.735 0.380160
1.740 0.377000
1.745 0.371870
1.750 0.365700
1.755 0.359080
1.760 0.353920
1.765 0.349370
1.770 0.345150
1.775 0.342190
1.780 0.339520
1.785 0.337210
1.790 0.336450
1.795 0.336220
1.800 0.336360
1.805 0.333680
1.810 0.334300
1.815 0.334310
1.820 0.334170
1.825 0.333380
1.830 0.331360
1.835 0.328150
1.840 0.322490
1.845 0.313730
1.850 0.300980
1.855 0.283450
1.860 0.260380
1.865 0.231580
1.870 0.197240
1.875 0.160430
1.880 0.125540
1.885 0.095433
1.890 0.071722
1.895 0.055319
1.900 0.045439
1.905 0.039612
1.910 0.036539
1.915 0.035134
1.920 0.034335
1.925 0.034204
1.930 0.034407
1.935 0.035138
1.940 0.036097
1.945 0.037427
1.950 0.039011
1.955 0.040733
1.960 0.042708
1.965 0.044919
1.970 0.047393
1.975 0.050166
1.980 0.053159
1.985 0.056274
1.990 0.059749
1.995 0.063236
2.000 0.066735
2.005 0.070494
2.010 0.074102
2.015 0.077622
2.020 0.081178
2.025 0.084476
2.030 0.087728
2.035 0.090651
2.040 0.093471
2.045 0.096103
2.050 0.098643
2.055 0.101280
2.060 0.103800
2.065 0.106480
2.070 0.109060
2.075 0.111800
2.080 0.114400
2.085 0.116890
2.090 0.119550
2.095 0.122110
2.100 0.124670
2.105 0.127240
2.110 0.129630
2.115 0.132140
2.120 0.134490
2.125 0.136650
2.130 0.138880
2.135 0.141060
2.140 0.143380
2.145 0.145630
2.150 0.148030
2.155 0.150480
2.160 0.152730
2.165 0.155060
2.170 0.157270
2.175 0.159480
2.180 0.161440
2.185 0.163610
2.190 0.165530
2.195 0.167480
2.200 0.168890
2.205 0.170120
2.210 0.171130
2.215 0.171410
2.220 0.171230
2.225 0.170020
2.230 0.167810
2.235 0.164560
2.240 0.160700
2.245 0.156240
2.250 0.151610
2.255 0.146670
2.260 0.142040
2.265 0.137800
2.270 0.133810
2.275 0.130230
2.280 0.127610
2.285 0.124630
2.290 0.121550
2.295 0.117630
2.300 0.114000
2.305 0.110630
2.310 0.108630
2.315 0.107220
2.320 0.105720
2.325 0.103650
2.330 0.100920
2.335 0.097849
2.340 0.094704
2.345 0.092018
2.350 0.090013
2.355 0.088589
2.360 0.086335
2.365 0.084048
2.370 0.082170
2.375 0.079997
2.380 0.077216
2.385 0.075417
2.390 0.072842
2.395 0.070909
2.400 0.068862
2.405 0.066521
2.410 0.064413
2.415 0.061831
2.420 0.058985
2.425 0.057150
2.430 0.054568
2.435 0.052327
2.440 0.051123
2.445 0.048208
2.450 0.045739
2.455 0.043820
2.460 0.041936
2.465 0.040679
2.470 0.040605
2.475 0.039548
2.480 0.037513
2.485 0.036748
2.490 0.037134
2.495 0.036408
2.500 0.034864
