0.350 0.021800
0.355 0.022041
0.360 0.022400
0.365 0.022700
0.370 0.023000
0.375 0.023197
0.380 0.023300
0.385 0.023397
0.390 0.023400
0.395 0.023403
0.400 0.023500
0.405 0.023501
0.410 0.023500
0.415 0.023600
0.420 0.023700
0.425 0.023799
0.430 0.023900
0.435 0.024047
0.440 0.024100
0.445 0.024100
0.450 0.024100
0.455 0.024097
0.460 0.024000
0.465 0.023950
0.470 0.023900
0.475 0.023803
0.480 0.023800
0.485 0.023965
0.490 0.024200
0.495 0.024503
0.500 0.024900
0.505 0.025290
0.510 0.025800
0.515 0.026351
0.520 0.027000
0.525 0.027879
0.530 0.029000
0.535 0.030393
0.540 0.032100
0.545 0.034182
0.550 0.036700
0.555 0.039732
0.560 0.043200
0.565 0.047190
0.570 0.051400
0.575 0.055787
0.580 0.060200
0.585 0.064466
0.590 0.068300
0.595 0.071772
0.600 0.074500
0.605 0.076801
0.610 0.078600
0.615 0.079903
0.620 0.080800
0.625 0.081406
0.630 0.081700
0.635 0.081898
0.640 0.082000
0.645 0.082000
0.650 0.082000
0.655 0.081940
0.660 0.082000
0.665 0.082152
0.670 0.082400
0.675 0.082702
0.680 0.083100
0.685 0.083652
0.690 0.084300
0.695 0.085040
0.700 0.085900
0.705 0.086849
0.710 0.087800
0.715 0.088897
0.720 0.089900
0.725 0.091010
0.730 0.092000
0.735 0.092997
0.740 0.093900
0.745 0.094744
0.750 0.095400
0.755 0.096008
0.760 0.096400
0.765 0.096546
0.770 0.096500
0.775 0.096236
0.780 0.095900
0.785 0.095208
0.790 0.094300
0.795 0.093308
0.800 0.092100
0.805 0.090747
0.810 0.089235
0.815 0.087607
0.820 0.085900
0.825 0.084147
0.830 0.082369
0.835 0.080581
0.840 0.078800
0.845 0.077044
0.850 0.075338
0.855 0.073712
0.860 0.072200
0.865 0.070832
0.870 0.069608
0.875 0.068529
0.880 0.067600
0.885 0.066823
0.890 0.066159
0.895 0.065565
0.900 0.065000
0.905 0.064436
0.910 0.063892
0.915 0.063402
0.920 0.063000
0.925 0.062714
0.930 0.062532
0.935 0.062432
0.940 0.062400
0.945 0.062424
0.950 0.062499
0.955 0.062624
0.960 0.062800
0.965 0.063029
0.970 0.063308
0.975 0.063632
0.980 0.064000
0.985 0.064412
0.990 0.064865
0.995 0.065361
1.000 0.065900
1.005 0.066485
1.010 0.067113
1.015 0.067785
1.020 0.068500
1.025 0.069263
1.030 0.070078
1.035 0.070953
1.040 0.071900
1.045 0.072927
1.050 0.074025
1.055 0.075186
1.060 0.076400
1.065 0.077665
1.070 0.078983
1.075 0.080358
1.080 0.081800
1.085 0.083318
1.090 0.084917
1.095 0.086607
1.100 0.088400
1.105 0.090305
1.110 0.092304
1.115 0.094375
1.120 0.096500
1.125 0.098666
1.130 0.100870
1.135 0.103110
1.140 0.105400
1.145 0.107740
1.150 0.110120
1.155 0.112570
1.160 0.115100
1.165 0.117700
1.170 0.120340
1.175 0.122950
1.180 0.125500
1.185 0.127940
1.190 0.130290
1.195 0.132600
1.200 0.134900
1.205 0.137220
1.210 0.139540
1.215 0.141810
1.220 0.144000
1.225 0.146070
1.230 0.148040
1.235 0.149910
1.240 0.151700
1.245 0.153420
1.250 0.155060
1.255 0.156620
1.260 0.158100
1.265 0.159480
1.270 0.160770
1.275 0.161980
1.280 0.163100
1.285 0.164140
1.290 0.165090
1.295 0.165980
1.300 0.166800
1.305 0.167550
1.310 0.168240
1.315 0.168860
1.320 0.169400
1.325 0.169860
1.330 0.170260
1.335 0.170600
1.340 0.170900
1.345 0.171170
1.350 0.171400
1.355 0.171610
1.360 0.171800
1.365 0.171960
1.370 0.172070
1.375 0.172100
1.380 0.172000
1.385 0.171750
1.390 0.171350
1.395 0.170800
1.400 0.170100
1.405 0.169250
1.410 0.168310
1.415 0.167370
1.420 0.166500
1.425 0.165770
1.430 0.165180
1.435 0.164730
1.440 0.164400
1.445 0.164200
1.450 0.164100
1.455 0.164080
1.460 0.164100
1.465 0.164150
1.470 0.164220
1.475 0.164310
1.480 0.164400
1.485 0.164500
1.490 0.164600
1.495 0.164700
1.500 0.164800
1.505 0.164890
1.510 0.164970
1.515 0.165040
1.520 0.165100
1.525 0.165150
1.530 0.165190
1.535 0.165210
1.540 0.165200
1.545 0.165160
1.550 0.165090
1.555 0.165000
1.560 0.164900
1.565 0.164790
1.570 0.164660
1.575 0.164500
1.580 0.164300
1.585 0.164060
1.590 0.163780
1.595 0.163490
1.600 0.163200
1.605 0.162920
1.610 0.162640
1.615 0.162340
1.620 0.162000
1.625 0.161620
1.630 0.161210
1.635 0.160790
1.640 0.160400
1.645 0.160040
1.650 0.159700
1.655 0.159330
1.660 0.158900
1.665 0.158390
1.670 0.157830
1.675 0.157280
1.680 0.156800
1.685 0.156430
1.690 0.156130
1.695 0.155870
1.700 0.155600
1.705 0.155290
1.710 0.154940
1.715 0.154540
1.720 0.154100
1.725 0.153620
1.730 0.153100
1.735 0.152560
1.740 0.152000
1.745 0.151440
1.750 0.150880
1.755 0.150330
1.760 0.149800
1.765 0.149300
1.770 0.148840
1.775 0.148410
1.780 0.148000
1.785 0.147620
1.790 0.147270
1.795 0.146930
1.800 0.146600
1.805 0.146270
1.810 0.145940
1.815 0.145620
1.820 0.145300
1.825 0.144990
1.830 0.144700
1.835 0.144430
1.840 0.144200
1.845 0.144010
1.850 0.143850
1.855 0.143680
1.860 0.143500
1.865 0.143270
1.870 0.142950
1.875 0.142480
1.880 0.141800
1.885 0.140870
1.890 0.139730
1.895 0.138460
1.900 0.137100
1.905 0.135720
1.910 0.134380
1.915 0.133150
1.920 0.132100
1.925 0.131300
1.930 0.130750
1.935 0.130410
1.940 0.130300
1.945 0.130400
1.950 0.130650
1.955 0.131000
1.960 0.131400
1.965 0.131800
1.970 0.132220
1.975 0.132640
1.980 0.133100
1.985 0.133590
1.990 0.134090
1.995 0.134570
2.000 0.135000
2.005 0.135350
2.010 0.135630
2.015 0.135870
2.020 0.136100
2.025 0.136330
2.030 0.136550
2.035 0.136780
2.040 0.137000
2.045 0.137220
2.050 0.137430
2.055 0.137620
2.060 0.137800
2.065 0.137960
2.070 0.138100
2.075 0.138250
2.080 0.138400
2.085 0.138570
2.090 0.138760
2.095 0.138940
2.100 0.139100
2.105 0.139240
2.110 0.139350
2.115 0.139430
2.120 0.139500
2.125 0.139540
2.130 0.139550
2.135 0.139510
2.140 0.139400
2.145 0.139210
2.150 0.138970
2.155 0.138720
2.160 0.138500
2.165 0.138330
2.170 0.138190
2.175 0.138050
2.180 0.137900
2.185 0.137710
2.190 0.137480
2.195 0.137240
2.200 0.137000
2.205 0.136760
2.210 0.136460
2.215 0.136040
2.220 0.135400
2.225 0.134540
2.230 0.133720
2.235 0.133290
2.240 0.133600
2.245 0.134880
2.250 0.136660
2.255 0.138330
2.260 0.139280
2.265 0.139050
2.270 0.138020
2.275 0.136700
2.280 0.135610
2.285 0.135130
2.290 0.135030
2.295 0.134960
2.300 0.134570
2.305 0.133600
2.310 0.132260
2.315 0.130830
2.320 0.129620
2.325 0.128840
2.330 0.128380
2.335 0.128070
2.340 0.127740
2.345 0.127250
2.350 0.126610
2.355 0.125870
2.360 0.125040
2.365 0.124170
2.370 0.123260
2.375 0.122330
2.380 0.121380
2.385 0.120430
2.390 0.119490
2.395 0.118600
2.400 0.117780
2.405 0.117070
2.410 0.116450
2.415 0.115940
2.420 0.115530
2.425 0.115220
2.430 0.114970
2.435 0.114720
2.440 0.114400
2.445 0.113980
2.450 0.113530
2.455 0.113160
2.460 0.112950
2.465 0.112990
2.470 0.113150
2.475 0.113310
2.480 0.113320
2.485 0.113070
2.490 0.112620
2.495 0.112070
2.500 0.111520
