0.350 0.021753
0.355 0.023928
0.360 0.026104
0.365 0.028279
0.370 0.030454
0.375 0.032630
0.380 0.034805
0.385 0.036980
0.390 0.039155
0.395 0.041331
0.400 0.043506
0.405 0.043561
0.410 0.044082
0.415 0.044950
0.420 0.046098
0.425 0.048097
0.430 0.050742
0.435 0.053492
0.440 0.056294
0.445 0.058454
0.450 0.060693
0.455 0.062545
0.460 0.063372
0.465 0.064780
0.470 0.065364
0.475 0.065672
0.480 0.065801
0.485 0.065667
0.490 0.066775
0.495 0.069257
0.500 0.072560
0.505 0.077272
0.510 0.084096
0.515 0.094808
0.520 0.108110
0.525 0.124590
0.530 0.137550
0.535 0.147720
0.540 0.154310
0.545 0.158450
0.550 0.161720
0.555 0.162850
0.560 0.160990
0.565 0.156390
0.570 0.149310
0.575 0.140180
0.580 0.132520
0.585 0.127160
0.590 0.123880
0.595 0.122030
0.600 0.121150
0.605 0.118830
0.610 0.114190
0.615 0.108590
0.620 0.104000
0.625 0.101780
0.630 0.101170
0.635 0.100350
0.640 0.098593
0.645 0.095059
0.650 0.090874
0.655 0.087070
0.660 0.081374
0.665 0.076010
0.670 0.072606
0.675 0.070662
0.680 0.070399
0.685 0.072813
0.690 0.083106
0.695 0.108440
0.700 0.153210
0.705 0.205730
0.710 0.256700
0.715 0.308290
0.720 0.357290
0.725 0.402770
0.730 0.440020
0.735 0.469670
0.740 0.490870
0.745 0.505150
0.750 0.513920
0.755 0.520180
0.760 0.524270
0.765 0.526490
0.770 0.528690
0.775 0.530010
0.780 0.530580
0.785 0.531730
0.790 0.531850
0.795 0.532680
0.800 0.533230
0.805 0.533780
0.810 0.533890
0.815 0.534090
0.820 0.534360
0.825 0.534450
0.830 0.534670
0.835 0.535170
0.840 0.535520
0.845 0.535970
0.850 0.536600
0.855 0.537100
0.860 0.537380
0.865 0.537470
0.870 0.537470
0.875 0.537430
0.880 0.537430
0.885 0.537570
0.890 0.537880
0.895 0.538220
0.900 0.538390
0.905 0.537890
0.910 0.536540
0.915 0.535660
0.920 0.536030
0.925 0.536660
0.930 0.536890
0.935 0.536610
0.940 0.535630
0.945 0.533650
0.950 0.531190
0.955 0.529150
0.960 0.528780
0.965 0.528820
0.970 0.527770
0.975 0.527670
0.980 0.527520
0.985 0.526970
0.990 0.527110
0.995 0.527920
1.000 0.528280
1.005 0.529290
1.010 0.529400
1.015 0.528640
1.020 0.529930
1.025 0.532010
1.030 0.532380
1.035 0.533430
1.040 0.533510
1.045 0.534880
1.050 0.534530
1.055 0.534440
1.060 0.535040
1.065 0.535470
1.070 0.535650
1.075 0.534750
1.080 0.534810
1.085 0.534900
1.090 0.534600
1.095 0.533960
1.100 0.534320
1.105 0.533540
1.110 0.533580
1.115 0.532190
1.120 0.531540
1.125 0.530490
1.130 0.528750
1.135 0.525380
1.140 0.520990
1.145 0.515720
1.150 0.510610
1.155 0.506460
1.160 0.502080
1.165 0.499410
1.170 0.497360
1.175 0.495880
1.180 0.494120
1.185 0.493430
1.190 0.493560
1.195 0.492080
1.200 0.490020
1.205 0.489770
1.210 0.490900
1.215 0.492630
1.220 0.494550
1.225 0.495520
1.230 0.497310
1.235 0.498550
1.240 0.499920
1.245 0.500960
1.250 0.501710
1.255 0.502190
1.260 0.502410
1.265 0.502650
1.270 0.502920
1.275 0.502580
1.280 0.502390
1.285 0.501350
1.290 0.500070
1.295 0.498820
1.300 0.497510
1.305 0.495320
1.310 0.492730
1.315 0.488900
1.320 0.485100
1.325 0.480420
1.330 0.474860
1.335 0.469300
1.340 0.463370
1.345 0.457660
1.350 0.452710
1.355 0.447290
1.360 0.442000
1.365 0.436370
1.370 0.429540
1.375 0.419200
1.380 0.404530
1.385 0.383680
1.390 0.356530
1.395 0.326800
1.400 0.295240
1.405 0.266670
1.410 0.243480
1.415 0.226490
1.420 0.213410
1.425 0.204990
1.430 0.198610
1.435 0.193400
1.440 0.190150
1.445 0.187910
1.450 0.186400
1.455 0.186060
1.460 0.186190
1.465 0.187580
1.470 0.191090
1.475 0.195090
1.480 0.200830
1.485 0.206620
1.490 0.212800
1.495 0.219150
1.500 0.226030
1.505 0.233490
1.510 0.239940
1.515 0.247310
1.520 0.254630
1.525 0.261650
1.530 0.268150
1.535 0.273160
1.540 0.279720
1.545 0.285090
1.550 0.291340
1.555 0.297200
1.560 0.302160
1.565 0.306730
1.570 0.310660
1.575 0.314610
1.580 0.318810
1.585 0.323170
1.590 0.327350
1.595 0.330820
1.600 0.333930
1.605 0.337190
1.610 0.340500
1.615 0.343100
1.620 0.345150
1.625 0.347530
1.630 0.349720
1.635 0.351470
1.640 0.352980
1.645 0.354580
1.650 0.355480
1.655 0.355510
1.660 0.355280
1.665 0.355030
1.670 0.354360
1.675 0.352870
1.680 0.350690
1.685 0.347990
1.690 0.344670
1.695 0.340160
1.700 0.335150
1.705 0.330860
1.710 0.325650
1.715 0.319970
1.720 0.317710
1.725 0.317620
1.730 0.317660
1.735 0.317860
1.740 0.317780
1.745 0.316450
1.750 0.313870
1.755 0.310660
1.760 0.308220
1.765 0.306070
1.770 0.303660
1.775 0.302060
1.780 0.302400
1.785 0.305300
1.790 0.307180
1.795 0.306970
1.800 0.307730
1.805 0.309170
1.810 0.310030
1.815 0.310430
1.820 0.310560
1.825 0.310710
1.830 0.311010
1.835 0.310620
1.840 0.308480
1.845 0.304850
1.850 0.299520
1.855 0.291740
1.860 0.279980
1.865 0.264190
1.870 0.243310
1.875 0.218090
1.880 0.188490
1.885 0.157770
1.890 0.129250
1.895 0.105430
1.900 0.089500
1.905 0.078967
1.910 0.072420
1.915 0.068256
1.920 0.065826
1.925 0.064555
1.930 0.064273
1.935 0.064381
1.940 0.064501
1.945 0.065001
1.950 0.066361
1.955 0.068084
1.960 0.069762
1.965 0.071649
1.970 0.074074
1.975 0.076657
1.980 0.079094
1.985 0.081840
1.990 0.085377
1.995 0.088910
2.000 0.091693
2.005 0.094500
2.010 0.098124
2.015 0.101900
2.020 0.105160
2.025 0.108390
2.030 0.112060
2.035 0.115510
2.040 0.117990
2.045 0.120110
2.050 0.122470
2.055 0.125240
2.060 0.128550
2.065 0.131890
2.070 0.134750
2.075 0.137430
2.080 0.140250
2.085 0.143160
2.090 0.146100
2.095 0.149000
2.100 0.151750
2.105 0.154350
2.110 0.156800
2.115 0.159460
2.120 0.162650
2.125 0.165790
2.130 0.168250
2.135 0.170340
2.140 0.172290
2.145 0.173860
2.150 0.174770
2.155 0.175540
2.160 0.176700
2.165 0.178190
2.170 0.179950
2.175 0.181800
2.180 0.183610
2.185 0.185310
2.190 0.186870
2.195 0.188420
2.200 0.190030
2.205 0.191500
2.210 0.192620
2.215 0.193790
2.220 0.195290
2.225 0.196120
2.230 0.195110
2.235 0.193060
2.240 0.190540
2.245 0.187350
2.250 0.183070
2.255 0.178150
2.260 0.172950
2.265 0.167630
2.270 0.162350
2.275 0.157710
2.280 0.154260
2.285 0.150740
2.290 0.145970
2.295 0.141080
2.300 0.137320
2.305 0.134590
2.310 0.132810
2.315 0.131520
2.320 0.130360
2.325 0.129190
2.330 0.127910
2.335 0.126370
2.340 0.124370
2.345 0.122170
2.350 0.119970
2.355 0.117770
2.360 0.115680
2.365 0.114340
2.370 0.114430
2.375 0.114370
2.380 0.112570
2.385 0.110080
2.390 0.108010
2.395 0.106300
2.400 0.104530
2.405 0.102380
2.410 0.100040
2.415 0.097678
2.420 0.095458
2.425 0.093422
2.430 0.091465
2.435 0.089535
2.440 0.087610
2.445 0.085676
2.450 0.083742
2.455 0.081820
2.460 0.079939
2.465 0.078162
2.470 0.076607
2.475 0.075207
2.480 0.073872
2.485 0.072577
2.490 0.071333
2.495 0.070201
2.500 0.069295
