0.350 0.284580
0.355 0.286870
0.360 0.287440
0.365 0.289480
0.370 0.289750
0.375 0.290240
0.380 0.290590
0.385 0.292480
0.390 0.294680
0.395 0.296650
0.400 0.298940
0.405 0.301070
0.410 0.303300
0.415 0.305430
0.420 0.307580
0.425 0.310110
0.430 0.312710
0.435 0.314970
0.440 0.317250
0.445 0.319040
0.450 0.321030
0.455 0.322000
0.460 0.323470
0.465 0.324350
0.470 0.324860
0.475 0.325600
0.480 0.326080
0.485 0.326460
0.490 0.327290
0.495 0.328080
0.500 0.329620
0.505 0.331600
0.510 0.334480
0.515 0.338130
0.520 0.342900
0.525 0.347640
0.530 0.351600
0.535 0.354500
0.540 0.355810
0.545 0.357300
0.550 0.357980
0.555 0.358760
0.560 0.358240
0.565 0.357100
0.570 0.354830
0.575 0.352750
0.580 0.350900
0.585 0.350220
0.590 0.348370
0.595 0.347030
0.600 0.346320
0.605 0.345440
0.610 0.343780
0.615 0.341900
0.620 0.340680
0.625 0.339730
0.630 0.338990
0.635 0.338540
0.640 0.337420
0.645 0.335870
0.650 0.333310
0.655 0.332770
0.660 0.330750
0.665 0.328940
0.670 0.327680
0.675 0.326970
0.680 0.326350
0.685 0.326700
0.690 0.330000
0.695 0.337890
0.700 0.350090
0.705 0.365290
0.710 0.382600
0.715 0.402110
0.720 0.423860
0.725 0.448380
0.730 0.471160
0.735 0.492400
0.740 0.509570
0.745 0.523400
0.750 0.532310
0.755 0.537970
0.760 0.540800
0.765 0.542340
0.770 0.542700
0.775 0.542310
0.780 0.540490
0.785 0.540180
0.790 0.539670
0.795 0.539110
0.800 0.539480
0.805 0.539200
0.810 0.540650
0.815 0.541450
0.820 0.541740
0.825 0.542400
0.830 0.542120
0.835 0.541110
0.840 0.539970
0.845 0.538320
0.850 0.536120
0.855 0.533480
0.860 0.530020
0.865 0.525620
0.870 0.520850
0.875 0.516680
0.880 0.512840
0.885 0.508650
0.890 0.504120
0.895 0.500210
0.900 0.497390
0.905 0.494850
0.910 0.492070
0.915 0.489840
0.920 0.488020
0.925 0.485490
0.930 0.481290
0.935 0.475930
0.940 0.469520
0.945 0.460840
0.950 0.449050
0.955 0.435360
0.960 0.423480
0.965 0.414550
0.970 0.406700
0.975 0.400740
0.980 0.394340
0.985 0.388330
0.990 0.383380
0.995 0.379140
1.000 0.377230
1.005 0.375790
1.010 0.373960
1.015 0.374810
1.020 0.376570
1.025 0.378830
1.030 0.382300
1.035 0.384320
1.040 0.388810
1.045 0.394540
1.050 0.400500
1.055 0.407120
1.060 0.411750
1.065 0.416240
1.070 0.420910
1.075 0.424250
1.080 0.426460
1.085 0.424550
1.090 0.424330
1.095 0.422270
1.100 0.418880
1.105 0.416800
1.110 0.412470
1.115 0.408710
1.120 0.404070
1.125 0.398130
1.130 0.389360
1.135 0.376280
1.140 0.359180
1.145 0.341130
1.150 0.325690
1.155 0.311710
1.160 0.300490
1.165 0.290520
1.170 0.282370
1.175 0.274470
1.180 0.268880
1.185 0.262810
1.190 0.255420
1.195 0.250300
1.200 0.246550
1.205 0.243330
1.210 0.241830
1.215 0.240850
1.220 0.241870
1.225 0.243810
1.230 0.245000
1.235 0.246070
1.240 0.247520
1.245 0.249100
1.250 0.250280
1.255 0.251650
1.260 0.251350
1.265 0.252420
1.270 0.253770
1.275 0.254050
1.280 0.253300
1.285 0.253510
1.290 0.252780
1.295 0.250810
1.300 0.248200
1.305 0.245630
1.310 0.241820
1.315 0.236370
1.320 0.231400
1.325 0.225290
1.330 0.216990
1.335 0.209840
1.340 0.203900
1.345 0.196160
1.350 0.190360
1.355 0.184890
1.360 0.178890
1.365 0.174540
1.370 0.168640
1.375 0.161290
1.380 0.149140
1.385 0.135790
1.390 0.120910
1.395 0.105540
1.400 0.091616
1.405 0.080165
1.410 0.071668
1.415 0.064422
1.420 0.059203
1.425 0.055566
1.430 0.053314
1.435 0.051752
1.440 0.048704
1.445 0.048352
1.450 0.047942
1.455 0.047214
1.460 0.048306
1.465 0.047074
1.470 0.047792
1.475 0.049937
1.480 0.050935
1.485 0.052125
1.490 0.053453
1.495 0.054739
1.500 0.056348
1.505 0.058783
1.510 0.060715
1.515 0.062297
1.520 0.064665
1.525 0.066844
1.530 0.068224
1.535 0.069797
1.540 0.071900
1.545 0.072524
1.550 0.074036
1.555 0.076138
1.560 0.078141
1.565 0.079750
1.570 0.080762
1.575 0.082762
1.580 0.084382
1.585 0.085230
1.590 0.086386
1.595 0.087633
1.600 0.089096
1.605 0.090785
1.610 0.092201
1.615 0.093637
1.620 0.095004
1.625 0.095968
1.630 0.097239
1.635 0.098045
1.640 0.098111
1.645 0.099178
1.650 0.100470
1.655 0.100970
1.660 0.100740
1.665 0.100530
1.670 0.100550
1.675 0.100360
1.680 0.099625
1.685 0.098580
1.690 0.097569
1.695 0.096819
1.700 0.095896
1.705 0.094158
1.710 0.092145
1.715 0.090514
1.720 0.089509
1.725 0.088003
1.730 0.085720
1.735 0.085275
1.740 0.086350
1.745 0.086657
1.750 0.086118
1.755 0.085349
1.760 0.084937
1.765 0.084213
1.770 0.082906
1.775 0.082512
1.780 0.082829
1.785 0.082568
1.790 0.082623
1.795 0.082599
1.800 0.082797
1.805 0.082543
1.810 0.082199
1.815 0.082496
1.820 0.083431
1.825 0.084007
1.830 0.083655
1.835 0.083339
1.840 0.083412
1.845 0.083273
1.850 0.081683
1.855 0.078996
1.860 0.075986
1.865 0.071523
1.870 0.064661
1.875 0.056882
1.880 0.049449
1.885 0.042100
1.890 0.034744
1.895 0.028301
1.900 0.023763
1.905 0.021421
1.910 0.020370
1.915 0.019562
1.920 0.017955
1.925 0.016719
1.930 0.016912
1.935 0.017078
1.940 0.016377
1.945 0.016201
1.950 0.017611
1.955 0.018898
1.960 0.018301
1.965 0.017544
1.970 0.018498
1.975 0.019828
1.980 0.020310
1.985 0.020636
1.990 0.021902
1.995 0.023234
2.000 0.023757
2.005 0.023884
2.010 0.024293
2.015 0.024977
2.020 0.025855
2.025 0.026823
2.030 0.027861
2.035 0.028563
2.040 0.028574
2.045 0.028366
2.050 0.028463
2.055 0.028935
2.060 0.029474
2.065 0.029955
2.070 0.030711
2.075 0.031477
2.080 0.031958
2.085 0.032352
2.090 0.032907
2.095 0.033206
2.100 0.032621
2.105 0.032358
2.110 0.033342
2.115 0.034724
2.120 0.035435
2.125 0.036244
2.130 0.037407
2.135 0.038431
2.140 0.038853
2.145 0.038822
2.150 0.038181
2.155 0.037824
2.160 0.038424
2.165 0.039283
2.170 0.039838
2.175 0.040576
2.180 0.041725
2.185 0.042448
2.190 0.042055
2.195 0.041800
2.200 0.042579
2.205 0.043759
2.210 0.043933
2.215 0.043844
2.220 0.044327
2.225 0.044764
2.230 0.044278
2.235 0.043681
2.240 0.043117
2.245 0.042347
2.250 0.040305
2.255 0.038674
2.260 0.038375
2.265 0.037760
2.270 0.035255
2.275 0.033307
2.280 0.033791
2.285 0.034179
2.290 0.031975
2.295 0.030275
2.300 0.032126
2.305 0.032851
2.310 0.029306
2.315 0.026238
2.320 0.027560
2.325 0.029617
2.330 0.028715
2.335 0.026782
2.340 0.026364
2.345 0.026968
2.350 0.026107
2.355 0.025156
2.360 0.024197
2.365 0.024068
2.370 0.023990
2.375 0.023855
2.380 0.023379
2.385 0.023119
2.390 0.022415
2.395 0.022172
2.400 0.022091
2.405 0.021401
2.410 0.021011
2.415 0.020315
2.420 0.019602
2.425 0.018530
2.430 0.017774
2.435 0.017598
2.440 0.017280
2.445 0.017375
2.450 0.017237
2.455 0.016908
2.460 0.016672
2.465 0.016562
2.470 0.016958
2.475 0.016217
2.480 0.016201
2.485 0.016250
2.490 0.017003
2.495 0.018069
2.500 0.018989
