0.350 0.015440
0.355 0.016984
0.360 0.018528
0.365 0.020072
0.370 0.021616
0.375 0.023160
0.380 0.024704
0.385 0.026248
0.390 0.027792
0.395 0.029336
0.400 0.030880
0.405 0.032021
0.410 0.031927
0.415 0.031624
0.420 0.031527
0.425 0.030977
0.430 0.031447
0.435 0.031889
0.440 0.031056
0.445 0.031871
0.450 0.032118
0.455 0.031571
0.460 0.031895
0.465 0.031970
0.470 0.032016
0.475 0.032529
0.480 0.032316
0.485 0.032746
0.490 0.032668
0.495 0.034045
0.500 0.035263
0.505 0.039101
0.510 0.046886
0.515 0.059422
0.520 0.076089
0.525 0.096028
0.530 0.113370
0.535 0.125320
0.540 0.132130
0.545 0.136360
0.550 0.139690
0.555 0.140960
0.560 0.137270
0.565 0.128660
0.570 0.116460
0.575 0.103860
0.580 0.093896
0.585 0.086605
0.590 0.081043
0.595 0.077607
0.600 0.075749
0.605 0.074089
0.610 0.070129
0.615 0.064614
0.620 0.060547
0.625 0.058239
0.630 0.057071
0.635 0.055571
0.640 0.051151
0.645 0.045709
0.650 0.041731
0.655 0.040096
0.660 0.038230
0.665 0.036280
0.670 0.035575
0.675 0.036239
0.680 0.037541
0.685 0.040561
0.690 0.050675
0.695 0.081971
0.700 0.137010
0.705 0.205520
0.710 0.278030
0.715 0.354220
0.720 0.432840
0.725 0.510520
0.730 0.581530
0.735 0.641690
0.740 0.689510
0.745 0.724720
0.750 0.749480
0.755 0.765610
0.760 0.775910
0.765 0.782510
0.770 0.786510
0.775 0.789400
0.780 0.791250
0.785 0.793160
0.790 0.794700
0.795 0.796090
0.800 0.797860
0.805 0.799110
0.810 0.800710
0.815 0.802360
0.820 0.803760
0.825 0.805710
0.830 0.807400
0.835 0.809060
0.840 0.810900
0.845 0.812840
0.850 0.814630
0.855 0.816360
0.860 0.817830
0.865 0.819270
0.870 0.820530
0.875 0.821730
0.880 0.822590
0.885 0.823520
0.890 0.823990
0.895 0.824710
0.900 0.825150
0.905 0.825830
0.910 0.826220
0.915 0.826570
0.920 0.826720
0.925 0.826120
0.930 0.825370
0.935 0.823700
0.940 0.821760
0.945 0.819150
0.950 0.815220
0.955 0.809650
0.960 0.804520
0.965 0.801350
0.970 0.801070
0.975 0.801460
0.980 0.802300
0.985 0.804150
0.990 0.806660
0.995 0.809280
1.000 0.812390
1.005 0.802570
1.010 0.806730
1.015 0.808120
1.020 0.813290
1.025 0.817020
1.030 0.819320
1.035 0.823040
1.040 0.824080
1.045 0.827710
1.050 0.829130
1.055 0.831310
1.060 0.832860
1.065 0.833100
1.070 0.836770
1.075 0.834790
1.080 0.835960
1.085 0.837020
1.090 0.837250
1.095 0.837060
1.100 0.835990
1.105 0.834260
1.110 0.832820
1.115 0.830600
1.120 0.827740
1.125 0.825100
1.130 0.819160
1.135 0.809170
1.140 0.797850
1.145 0.783190
1.150 0.770450
1.155 0.759580
1.160 0.754160
1.165 0.751940
1.170 0.749950
1.175 0.749800
1.180 0.749890
1.185 0.749630
1.190 0.749680
1.195 0.749640
1.200 0.749950
1.205 0.751320
1.210 0.753000
1.215 0.756370
1.220 0.759270
1.225 0.762340
1.230 0.765300
1.235 0.768110
1.240 0.770150
1.245 0.771960
1.250 0.774380
1.255 0.774800
1.260 0.776110
1.265 0.776440
1.270 0.776680
1.275 0.775590
1.280 0.774680
1.285 0.772170
1.290 0.768800
1.295 0.764970
1.300 0.759990
1.305 0.753030
1.310 0.745250
1.315 0.735910
1.320 0.724200
1.325 0.710920
1.330 0.697290
1.335 0.682000
1.340 0.667490
1.345 0.653540
1.350 0.640430
1.355 0.626950
1.360 0.613570
1.365 0.597020
1.370 0.575950
1.375 0.546560
1.380 0.506720
1.385 0.458070
1.390 0.405430
1.395 0.353750
1.400 0.308830
1.405 0.273510
1.410 0.248070
1.415 0.230980
1.420 0.219920
1.425 0.213230
1.430 0.209980
1.435 0.208330
1.440 0.208370
1.445 0.209420
1.450 0.210890
1.455 0.213020
1.460 0.216430
1.465 0.221540
1.470 0.228320
1.475 0.236980
1.480 0.246420
1.485 0.256500
1.490 0.266610
1.495 0.277670
1.500 0.288570
1.505 0.299920
1.510 0.310730
1.515 0.321860
1.520 0.332570
1.525 0.343010
1.530 0.353310
1.535 0.363340
1.540 0.373200
1.545 0.382130
1.550 0.391140
1.555 0.399640
1.560 0.407630
1.565 0.414880
1.570 0.422790
1.575 0.429810
1.580 0.436770
1.585 0.442880
1.590 0.449440
1.595 0.455740
1.600 0.461080
1.605 0.466130
1.610 0.471640
1.615 0.476070
1.620 0.480960
1.625 0.485570
1.630 0.489050
1.635 0.492240
1.640 0.493870
1.645 0.495660
1.650 0.496100
1.655 0.496340
1.660 0.497230
1.665 0.498010
1.670 0.498880
1.675 0.498630
1.680 0.498040
1.685 0.495270
1.690 0.493130
1.695 0.489300
1.700 0.484950
1.705 0.480720
1.710 0.475920
1.715 0.471030
1.720 0.466820
1.725 0.462480
1.730 0.458740
1.735 0.454390
1.740 0.449960
1.745 0.444780
1.750 0.438350
1.755 0.432310
1.760 0.426600
1.765 0.421600
1.770 0.416450
1.775 0.412040
1.780 0.409090
1.785 0.406510
1.790 0.404590
1.795 0.404260
1.800 0.404050
1.805 0.417060
1.810 0.417180
1.815 0.417130
1.820 0.416440
1.825 0.415090
1.830 0.412550
1.835 0.408100
1.840 0.401360
1.845 0.391520
1.850 0.377420
1.855 0.358140
1.860 0.332630
1.865 0.301210
1.870 0.262610
1.875 0.220150
1.880 0.178600
1.885 0.140260
1.890 0.108140
1.895 0.084285
1.900 0.068638
1.905 0.058922
1.910 0.053787
1.915 0.050997
1.920 0.049928
1.925 0.049856
1.930 0.050640
1.935 0.052020
1.940 0.054015
1.945 0.056361
1.950 0.059279
1.955 0.062477
1.960 0.066160
1.965 0.069989
1.970 0.074259
1.975 0.078812
1.980 0.083555
1.985 0.088611
1.990 0.093639
1.995 0.099082
2.000 0.104380
2.005 0.109760
2.010 0.115100
2.015 0.120470
2.020 0.125710
2.025 0.130750
2.030 0.135410
2.035 0.139890
2.040 0.144430
2.045 0.148430
2.050 0.152450
2.055 0.156460
2.060 0.160470
2.065 0.164660
2.070 0.168700
2.075 0.172670
2.080 0.176620
2.085 0.180460
2.090 0.184340
2.095 0.188040
2.100 0.191640
2.105 0.194970
2.110 0.198250
2.115 0.201390
2.120 0.204440
2.125 0.207280
2.130 0.209960
2.135 0.212730
2.140 0.215590
2.145 0.218340
2.150 0.221210
2.155 0.224070
2.160 0.226430
2.165 0.228680
2.170 0.231050
2.175 0.233310
2.180 0.235610
2.185 0.237860
2.190 0.240250
2.195 0.242240
2.200 0.244130
2.205 0.245550
2.210 0.246610
2.215 0.247250
2.220 0.247330
2.225 0.246670
2.230 0.245060
2.235 0.242680
2.240 0.239350
2.245 0.236110
2.250 0.232840
2.255 0.228760
2.260 0.224340
2.265 0.220000
2.270 0.215970
2.275 0.212790
2.280 0.209100
2.285 0.205410
2.290 0.201530
2.295 0.197200
2.300 0.192370
2.305 0.188450
2.310 0.184540
2.315 0.181510
2.320 0.178620
2.325 0.175140
2.330 0.171200
2.335 0.167650
2.340 0.163320
2.345 0.159550
2.350 0.155810
2.355 0.152220
2.360 0.148840
2.365 0.145090
2.370 0.141710
2.375 0.138050
2.380 0.134730
2.385 0.131320
2.390 0.127720
2.395 0.124020
2.400 0.120950
2.405 0.116360
2.410 0.112240
2.415 0.108910
2.420 0.104620
2.425 0.100830
2.430 0.097733
2.435 0.093613
2.440 0.089789
2.445 0.085208
2.450 0.082424
2.455 0.079667
2.460 0.077392
2.465 0.073427
2.470 0.070165
2.475 0.068258
2.480 0.065919
2.485 0.063295
2.490 0.061713
2.495 0.063531
2.500 0.062879
