0.350 0.035099
0.355 0.038608
0.360 0.042118
0.365 0.045628
0.370 0.049138
0.375 0.052648
0.380 0.056158
0.385 0.059667
0.390 0.063177
0.395 0.066687
0.400 0.070197
0.405 0.071963
0.410 0.074366
0.415 0.074732
0.420 0.076404
0.425 0.080138
0.430 0.082180
0.435 0.085580
0.440 0.088969
0.445 0.090615
0.450 0.091310
0.455 0.091265
0.460 0.093639
0.465 0.096849
0.470 0.095517
0.475 0.096819
0.480 0.102870
0.485 0.102660
0.490 0.104160
0.495 0.107290
0.500 0.109330
0.505 0.109060
0.510 0.114980
0.515 0.115050
0.520 0.116310
0.525 0.120790
0.530 0.122080
0.535 0.125950
0.540 0.133780
0.545 0.137010
0.550 0.145100
0.555 0.151830
0.560 0.158370
0.565 0.172020
0.570 0.180910
0.575 0.189280
0.580 0.202960
0.585 0.210070
0.590 0.213190
0.595 0.222140
0.600 0.227750
0.605 0.232230
0.610 0.236820
0.615 0.240410
0.620 0.248360
0.625 0.253020
0.630 0.252980
0.635 0.262670
0.640 0.259050
0.645 0.262670
0.650 0.270430
0.655 0.271780
0.660 0.277970
0.665 0.278870
0.670 0.284290
0.675 0.286080
0.680 0.291600
0.685 0.298010
0.690 0.299850
0.695 0.302680
0.700 0.311980
0.705 0.313400
0.710 0.318110
0.715 0.319920
0.720 0.325400
0.725 0.330830
0.730 0.334220
0.735 0.335660
0.740 0.341860
0.745 0.341590
0.750 0.346230
0.755 0.348800
0.760 0.349950
0.765 0.353370
0.770 0.356620
0.775 0.356960
0.780 0.357470
0.785 0.358480
0.790 0.357860
0.795 0.359220
0.800 0.361650
0.805 0.359680
0.810 0.361590
0.815 0.360830
0.820 0.363570
0.825 0.361210
0.830 0.360960
0.835 0.360010
0.840 0.360400
0.845 0.361160
0.850 0.359910
0.855 0.358080
0.860 0.358330
0.865 0.357830
0.870 0.358820
0.875 0.358960
0.880 0.358560
0.885 0.359760
0.890 0.359020
0.895 0.360520
0.900 0.364140
0.905 0.365080
0.910 0.364660
0.915 0.364600
0.920 0.368070
0.925 0.368940
0.930 0.371870
0.935 0.373540
0.940 0.374510
0.945 0.377840
0.950 0.378340
0.955 0.380430
0.960 0.383530
0.965 0.384770
0.970 0.386510
0.975 0.386480
0.980 0.389270
0.985 0.389560
0.990 0.393220
0.995 0.396220
1.000 0.397260
1.005 0.400040
1.010 0.401830
1.015 0.403970
1.020 0.402550
1.025 0.409070
1.030 0.409910
1.035 0.409100
1.040 0.413650
1.045 0.421410
1.050 0.422690
1.055 0.422540
1.060 0.424080
1.065 0.426940
1.070 0.428270
1.075 0.428170
1.080 0.425440
1.085 0.431240
1.090 0.433650
1.095 0.435650
1.100 0.438600
1.105 0.438780
1.110 0.441310
1.115 0.444250
1.120 0.444440
1.125 0.448440
1.130 0.446750
1.135 0.447890
1.140 0.453300
1.145 0.452020
1.150 0.453930
1.155 0.454770
1.160 0.457040
1.165 0.459110
1.170 0.460560
1.175 0.462930
1.180 0.465000
1.185 0.467080
1.190 0.468810
1.195 0.471100
1.200 0.473960
1.205 0.478840
1.210 0.483310
1.215 0.487000
1.220 0.485300
1.225 0.486180
1.230 0.486820
1.235 0.488360
1.240 0.485210
1.245 0.485780
1.250 0.490490
1.255 0.496000
1.260 0.500740
1.265 0.501280
1.270 0.502180
1.275 0.504250
1.280 0.505040
1.285 0.505920
1.290 0.505990
1.295 0.507500
1.300 0.509770
1.305 0.511990
1.310 0.513030
1.315 0.513570
1.320 0.512020
1.325 0.513170
1.330 0.511870
1.335 0.512240
1.340 0.512300
1.345 0.511900
1.350 0.510460
1.355 0.509780
1.360 0.515320
1.365 0.511810
1.370 0.508970
1.375 0.505620
1.380 0.503750
1.385 0.501850
1.390 0.501700
1.395 0.501300
1.400 0.497290
1.405 0.494410
1.410 0.495480
1.415 0.497300
1.420 0.498460
1.425 0.500450
1.430 0.500640
1.435 0.500540
1.440 0.502020
1.445 0.500750
1.450 0.500700
1.455 0.501550
1.460 0.501740
1.465 0.502530
1.470 0.503070
1.475 0.503300
1.480 0.506440
1.485 0.506870
1.490 0.507670
1.495 0.507580
1.500 0.507530
1.505 0.510250
1.510 0.511100
1.515 0.513470
1.520 0.511690
1.525 0.516270
1.530 0.519650
1.535 0.522470
1.540 0.520340
1.545 0.518700
1.550 0.518360
1.555 0.519390
1.560 0.519350
1.565 0.518430
1.570 0.522350
1.575 0.526490
1.580 0.524220
1.585 0.522160
1.590 0.521440
1.595 0.519380
1.600 0.518510
1.605 0.518400
1.610 0.518730
1.615 0.518620
1.620 0.520090
1.625 0.516380
1.630 0.518120
1.635 0.521690
1.640 0.523050
1.645 0.522380
1.650 0.520020
1.655 0.520290
1.660 0.520840
1.665 0.518700
1.670 0.518810
1.675 0.520090
1.680 0.519190
1.685 0.522680
1.690 0.523290
1.695 0.522680
1.700 0.519710
1.705 0.520500
1.710 0.521360
1.715 0.524750
1.720 0.525110
1.725 0.524540
1.730 0.524490
1.735 0.524490
1.740 0.524340
1.745 0.527360
1.750 0.528040
1.755 0.527680
1.760 0.524390
1.765 0.524370
1.770 0.523750
1.775 0.522740
1.780 0.522840
1.785 0.521130
1.790 0.522590
1.795 0.523140
1.800 0.522160
1.805 0.523460
1.810 0.526370
1.815 0.526710
1.820 0.526250
1.825 0.527720
1.830 0.527300
1.835 0.526560
1.840 0.528220
1.845 0.529090
1.850 0.527650
1.855 0.526040
1.860 0.521870
1.865 0.517920
1.870 0.512520
1.875 0.508210
1.880 0.500970
1.885 0.491180
1.890 0.483010
1.895 0.473330
1.900 0.461310
1.905 0.449030
1.910 0.443720
1.915 0.441750
1.920 0.443590
1.925 0.444780
1.930 0.445970
1.935 0.447190
1.940 0.453430
1.945 0.456540
1.950 0.459360
1.955 0.462180
1.960 0.464410
1.965 0.463970
1.970 0.466440
1.975 0.472540
1.980 0.475860
1.985 0.477420
1.990 0.479780
1.995 0.484410
2.000 0.489660
2.005 0.489350
2.010 0.490060
2.015 0.491490
2.020 0.491050
2.025 0.495430
2.030 0.496030
2.035 0.495100
2.040 0.498730
2.045 0.500060
2.050 0.500140
2.055 0.499610
2.060 0.499910
2.065 0.503510
2.070 0.502800
2.075 0.503110
2.080 0.507100
2.085 0.507770
2.090 0.506220
2.095 0.508610
2.100 0.507920
2.105 0.507420
2.110 0.505510
2.115 0.505800
2.120 0.505720
2.125 0.506300
2.130 0.505530
2.135 0.503860
2.140 0.504410
2.145 0.502330
2.150 0.500990
2.155 0.498180
2.160 0.494930
2.165 0.492680
2.170 0.490460
2.175 0.488920
2.180 0.487010
2.185 0.486490
2.190 0.484780
2.195 0.484130
2.200 0.481930
2.205 0.475030
2.210 0.475750
2.215 0.487800
2.220 0.492850
2.225 0.496570
2.230 0.497990
2.235 0.499210
2.240 0.498210
2.245 0.497810
2.250 0.497090
2.255 0.495070
2.260 0.493940
2.265 0.491940
2.270 0.491120
2.275 0.490160
2.280 0.489210
2.285 0.488320
2.290 0.487910
2.295 0.485370
2.300 0.482620
2.305 0.482200
2.310 0.479680
2.315 0.479830
2.320 0.480860
2.325 0.479610
2.330 0.478940
2.335 0.477110
2.340 0.477820
2.345 0.475240
2.350 0.472520
2.355 0.472570
2.360 0.471890
2.365 0.471360
2.370 0.471260
2.375 0.469110
2.380 0.467250
2.385 0.465630
2.390 0.465440
2.395 0.466010
2.400 0.465750
2.405 0.464830
2.410 0.463930
2.415 0.462470
2.420 0.458760
2.425 0.456670
2.430 0.453950
2.435 0.450930
2.440 0.448660
2.445 0.445600
2.450 0.443900
2.455 0.442490
2.460 0.439020
2.465 0.438170
2.470 0.435890
2.475 0.433940
2.480 0.431360
2.485 0.428940
2.490 0.428910
2.495 0.426430
2.500 0.427090
