0.350 0.002074
0.355 0.002281
0.360 0.002488
0.365 0.002696
0.370 0.002903
0.375 0.003110
0.380 0.003318
0.385 0.003525
0.390 0.003732
0.395 0.003940
0.400 0.004147
0.405 0.008255
0.410 0.011848
0.415 0.016209
0.420 0.020642
0.425 0.024504
0.430 0.029790
0.435 0.034092
0.440 0.038388
0.445 0.040364
0.450 0.048629
0.455 0.053614
0.460 0.053149
0.465 0.055447
0.470 0.056385
0.475 0.062288
0.480 0.065418
0.485 0.067390
0.490 0.073880
0.495 0.075872
0.500 0.080263
0.505 0.085309
0.510 0.088195
0.515 0.096023
0.520 0.099808
0.525 0.105510
0.530 0.110710
0.535 0.115270
0.540 0.125040
0.545 0.130140
0.550 0.137630
0.555 0.141440
0.560 0.153520
0.565 0.160020
0.570 0.164210
0.575 0.169670
0.580 0.176470
0.585 0.177080
0.590 0.183800
0.595 0.185350
0.600 0.186520
0.605 0.191460
0.610 0.194940
0.615 0.200930
0.620 0.206810
0.625 0.209030
0.630 0.216170
0.635 0.217460
0.640 0.218370
0.645 0.224380
0.650 0.227950
0.655 0.234100
0.660 0.232390
0.665 0.239640
0.670 0.245090
0.675 0.241510
0.680 0.250800
0.685 0.251110
0.690 0.255800
0.695 0.259450
0.700 0.262070
0.705 0.264760
0.710 0.271550
0.715 0.272770
0.720 0.278070
0.725 0.283140
0.730 0.286000
0.735 0.287130
0.740 0.294950
0.745 0.296250
0.750 0.301210
0.755 0.302570
0.760 0.307370
0.765 0.308800
0.770 0.313930
0.775 0.313510
0.780 0.318690
0.785 0.318890
0.790 0.324280
0.795 0.324690
0.800 0.325920
0.805 0.331060
0.810 0.330060
0.815 0.330250
0.820 0.331860
0.825 0.333550
0.830 0.334090
0.835 0.333020
0.840 0.333910
0.845 0.339250
0.850 0.337860
0.855 0.339440
0.860 0.339060
0.865 0.340680
0.870 0.339530
0.875 0.341010
0.880 0.343810
0.885 0.346930
0.890 0.345380
0.895 0.349430
0.900 0.351110
0.905 0.351030
0.910 0.350990
0.915 0.352150
0.920 0.353990
0.925 0.357130
0.930 0.360460
0.935 0.360670
0.940 0.366560
0.945 0.368530
0.950 0.368720
0.955 0.368780
0.960 0.370130
0.965 0.373120
0.970 0.372640
0.975 0.373220
0.980 0.377340
0.985 0.381220
0.990 0.377810
0.995 0.381550
1.000 0.381600
1.005 0.384370
1.010 0.387640
1.015 0.391620
1.020 0.393050
1.025 0.393280
1.030 0.393970
1.035 0.395630
1.040 0.392040
1.045 0.393980
1.050 0.398670
1.055 0.402080
1.060 0.402770
1.065 0.404520
1.070 0.403950
1.075 0.405580
1.080 0.406500
1.085 0.407690
1.090 0.414080
1.095 0.413410
1.100 0.415090
1.105 0.411400
1.110 0.416640
1.115 0.419140
1.120 0.422510
1.125 0.423440
1.130 0.422420
1.135 0.425470
1.140 0.425700
1.145 0.423590
1.150 0.428970
1.155 0.431190
1.160 0.432600
1.165 0.434210
1.170 0.435800
1.175 0.435820
1.180 0.437770
1.185 0.439630
1.190 0.442530
1.195 0.443710
1.200 0.445180
1.205 0.446130
1.210 0.448210
1.215 0.444370
1.220 0.446220
1.225 0.450130
1.230 0.452380
1.235 0.454080
1.240 0.451040
1.245 0.453030
1.250 0.454190
1.255 0.455610
1.260 0.455730
1.265 0.455010
1.270 0.458830
1.275 0.462100
1.280 0.462480
1.285 0.463170
1.290 0.465120
1.295 0.466160
1.300 0.465310
1.305 0.466250
1.310 0.467330
1.315 0.467540
1.320 0.468050
1.325 0.466880
1.330 0.468020
1.335 0.469560
1.340 0.473650
1.345 0.471750
1.350 0.473300
1.355 0.474330
1.360 0.472080
1.365 0.468820
1.370 0.467980
1.375 0.466870
1.380 0.462130
1.385 0.461550
1.390 0.462800
1.395 0.460440
1.400 0.459140
1.405 0.459380
1.410 0.462310
1.415 0.466580
1.420 0.468560
1.425 0.473190
1.430 0.476420
1.435 0.477170
1.440 0.477330
1.445 0.476860
1.450 0.475300
1.455 0.473290
1.460 0.473180
1.465 0.473050
1.470 0.474720
1.475 0.473510
1.480 0.478090
1.485 0.478550
1.490 0.480410
1.495 0.482460
1.500 0.481340
1.505 0.483710
1.510 0.486430
1.515 0.485910
1.520 0.485080
1.525 0.485550
1.530 0.488430
1.535 0.488340
1.540 0.490260
1.545 0.491070
1.550 0.492850
1.555 0.494040
1.560 0.496310
1.565 0.497010
1.570 0.499900
1.575 0.495320
1.580 0.496220
1.585 0.497680
1.590 0.497510
1.595 0.496060
1.600 0.495770
1.605 0.494980
1.610 0.493080
1.615 0.491060
1.620 0.494970
1.625 0.492330
1.630 0.492930
1.635 0.501180
1.640 0.500080
1.645 0.499190
1.650 0.499810
1.655 0.501660
1.660 0.501350
1.665 0.506090
1.670 0.502370
1.675 0.500490
1.680 0.501400
1.685 0.502900
1.690 0.503700
1.695 0.501810
1.700 0.501730
1.705 0.500230
1.710 0.503470
1.715 0.505230
1.720 0.506620
1.725 0.507300
1.730 0.505740
1.735 0.504430
1.740 0.505480
1.745 0.505400
1.750 0.505150
1.755 0.505230
1.760 0.504450
1.765 0.505690
1.770 0.503980
1.775 0.507350
1.780 0.506790
1.785 0.509760
1.790 0.509020
1.795 0.506830
1.800 0.507040
1.805 0.506640
1.810 0.508450
1.815 0.509060
1.820 0.505630
1.825 0.505350
1.830 0.503690
1.835 0.505610
1.840 0.505890
1.845 0.505600
1.850 0.505820
1.855 0.506550
1.860 0.508180
1.865 0.503080
1.870 0.496700
1.875 0.489020
1.880 0.485580
1.885 0.479680
1.890 0.469230
1.895 0.457400
1.900 0.450220
1.905 0.445440
1.910 0.443680
1.915 0.444770
1.920 0.445170
1.925 0.445330
1.930 0.448800
1.935 0.452150
1.940 0.454660
1.945 0.455300
1.950 0.457220
1.955 0.459280
1.960 0.461590
1.965 0.461540
1.970 0.464170
1.975 0.468450
1.980 0.469200
1.985 0.475460
1.990 0.478720
1.995 0.480250
2.000 0.482840
2.005 0.484390
2.010 0.485120
2.015 0.486170
2.020 0.487090
2.025 0.485140
2.030 0.486140
2.035 0.489690
2.040 0.491240
2.045 0.488530
2.050 0.488440
2.055 0.488300
2.060 0.491020
2.065 0.494580
2.070 0.493780
2.075 0.492400
2.080 0.492680
2.085 0.494090
2.090 0.495400
2.095 0.494110
2.100 0.492880
2.105 0.493330
2.110 0.494460
2.115 0.493260
2.120 0.494380
2.125 0.493500
2.130 0.493790
2.135 0.493350
2.140 0.490360
2.145 0.488760
2.150 0.487950
2.155 0.485600
2.160 0.483060
2.165 0.480480
2.170 0.478940
2.175 0.476370
2.180 0.473110
2.185 0.469000
2.190 0.466080
2.195 0.462580
2.200 0.457940
2.205 0.453000
2.210 0.452590
2.215 0.460950
2.220 0.465100
2.225 0.469320
2.230 0.472450
2.235 0.472980
2.240 0.474960
2.245 0.475810
2.250 0.474300
2.255 0.474220
2.260 0.475180
2.265 0.475120
2.270 0.476470
2.275 0.475400
2.280 0.475280
2.285 0.473790
2.290 0.472700
2.295 0.471520
2.300 0.469260
2.305 0.466860
2.310 0.465660
2.315 0.462040
2.320 0.461060
2.325 0.458130
2.330 0.456000
2.335 0.453390
2.340 0.451170
2.345 0.449370
2.350 0.448830
2.355 0.448530
2.360 0.448930
2.365 0.448770
2.370 0.448870
2.375 0.447760
2.380 0.446640
2.385 0.445590
2.390 0.445940
2.395 0.445460
2.400 0.444150
2.405 0.444620
2.410 0.442700
2.415 0.440660
2.420 0.439290
2.425 0.436390
2.430 0.434200
2.435 0.430280
2.440 0.428420
2.445 0.427680
2.450 0.426620
2.455 0.425140
2.460 0.423260
2.465 0.422330
2.470 0.422030
2.475 0.420370
2.480 0.419070
2.485 0.417530
2.490 0.416200
2.495 0.415230
2.500 0.414780
