0.350 0.016693
0.355 0.018362
0.360 0.020032
0.365 0.021701
0.370 0.023370
0.375 0.025039
0.380 0.026709
0.385 0.028378
0.390 0.030047
0.395 0.031717
0.400 0.033386
0.405 0.029826
0.410 0.033526
0.415 0.032591
0.420 0.032553
0.425 0.031568
0.430 0.031342
0.435 0.031768
0.440 0.032372
0.445 0.031175
0.450 0.032013
0.455 0.031815
0.460 0.032505
0.465 0.032152
0.470 0.032740
0.475 0.032208
0.480 0.032384
0.485 0.032188
0.490 0.032832
0.495 0.032198
0.500 0.033524
0.505 0.034677
0.510 0.037536
0.515 0.042516
0.520 0.051588
0.525 0.063563
0.530 0.075887
0.535 0.085249
0.540 0.090312
0.545 0.093368
0.550 0.095886
0.555 0.096728
0.560 0.093203
0.565 0.086144
0.570 0.076583
0.575 0.067308
0.580 0.060411
0.585 0.056112
0.590 0.053015
0.595 0.051369
0.600 0.050209
0.605 0.048963
0.610 0.046592
0.615 0.044069
0.620 0.042149
0.625 0.040812
0.630 0.040482
0.635 0.040026
0.640 0.038341
0.645 0.036634
0.650 0.035383
0.655 0.034761
0.660 0.033962
0.665 0.033502
0.670 0.033478
0.675 0.034095
0.680 0.035205
0.685 0.036895
0.690 0.040865
0.695 0.055565
0.700 0.093204
0.705 0.155760
0.710 0.234000
0.715 0.323990
0.720 0.420170
0.725 0.515490
0.730 0.601010
0.735 0.670860
0.740 0.724300
0.745 0.763030
0.750 0.789320
0.755 0.806210
0.760 0.816580
0.765 0.823150
0.770 0.827080
0.775 0.829720
0.780 0.831650
0.785 0.833280
0.790 0.834820
0.795 0.836020
0.800 0.837530
0.805 0.839020
0.810 0.840460
0.815 0.841880
0.820 0.843350
0.825 0.845000
0.830 0.846410
0.835 0.848030
0.840 0.849740
0.845 0.851570
0.850 0.853170
0.855 0.854770
0.860 0.855990
0.865 0.857140
0.870 0.858220
0.875 0.859380
0.880 0.860440
0.885 0.860820
0.890 0.861580
0.895 0.862400
0.900 0.862980
0.905 0.863350
0.910 0.863660
0.915 0.864070
0.920 0.864200
0.925 0.863770
0.930 0.862740
0.935 0.861330
0.940 0.859540
0.945 0.857040
0.950 0.852700
0.955 0.847420
0.960 0.843000
0.965 0.840360
0.970 0.840490
0.975 0.840740
0.980 0.842240
0.985 0.844380
0.990 0.846580
0.995 0.849230
1.000 0.851870
1.005 0.845610
1.010 0.850000
1.015 0.853630
1.020 0.856920
1.025 0.859300
1.030 0.863200
1.035 0.864650
1.040 0.866790
1.045 0.868410
1.050 0.871640
1.055 0.872600
1.060 0.874270
1.065 0.875580
1.070 0.875430
1.075 0.877030
1.080 0.877420
1.085 0.876570
1.090 0.878820
1.095 0.877010
1.100 0.874770
1.105 0.874170
1.110 0.872620
1.115 0.870190
1.120 0.868570
1.125 0.865570
1.130 0.859490
1.135 0.849570
1.140 0.838070
1.145 0.825220
1.150 0.813400
1.155 0.805210
1.160 0.800030
1.165 0.796180
1.170 0.796240
1.175 0.795600
1.180 0.795190
1.185 0.794780
1.190 0.794170
1.195 0.794030
1.200 0.795170
1.205 0.796600
1.210 0.798580
1.215 0.801640
1.220 0.804340
1.225 0.807080
1.230 0.809900
1.235 0.812220
1.240 0.814320
1.245 0.816560
1.250 0.818620
1.255 0.819030
1.260 0.820480
1.265 0.820790
1.270 0.820320
1.275 0.819970
1.280 0.818720
1.285 0.816630
1.290 0.814100
1.295 0.809730
1.300 0.804630
1.305 0.797740
1.310 0.790000
1.315 0.780780
1.320 0.770350
1.325 0.758460
1.330 0.744960
1.335 0.731340
1.340 0.717530
1.345 0.704470
1.350 0.691800
1.355 0.679730
1.360 0.667600
1.365 0.650870
1.370 0.628330
1.375 0.598580
1.380 0.556890
1.385 0.506080
1.390 0.450030
1.395 0.394170
1.400 0.345450
1.405 0.306730
1.410 0.279050
1.415 0.260590
1.420 0.248590
1.425 0.241290
1.430 0.237520
1.435 0.235910
1.440 0.236170
1.445 0.237300
1.450 0.239400
1.455 0.242110
1.460 0.246200
1.465 0.252800
1.470 0.261280
1.475 0.272120
1.480 0.283360
1.485 0.295780
1.490 0.308330
1.495 0.321130
1.500 0.334440
1.505 0.347740
1.510 0.360760
1.515 0.373810
1.520 0.386740
1.525 0.399190
1.530 0.411790
1.535 0.423530
1.540 0.435320
1.545 0.446680
1.550 0.457410
1.555 0.467470
1.560 0.476990
1.565 0.486000
1.570 0.495080
1.575 0.502960
1.580 0.510500
1.585 0.518120
1.590 0.525190
1.595 0.531930
1.600 0.538330
1.605 0.544620
1.610 0.550590
1.615 0.555570
1.620 0.560000
1.625 0.564660
1.630 0.568510
1.635 0.572540
1.640 0.575290
1.645 0.578070
1.650 0.579230
1.655 0.580130
1.660 0.580500
1.665 0.580810
1.670 0.580360
1.675 0.578970
1.680 0.577190
1.685 0.573760
1.690 0.570080
1.695 0.565870
1.700 0.561490
1.705 0.556440
1.710 0.551120
1.715 0.546620
1.720 0.541870
1.725 0.536970
1.730 0.532680
1.735 0.528770
1.740 0.523660
1.745 0.517900
1.750 0.511510
1.755 0.503800
1.760 0.497370
1.765 0.491960
1.770 0.486630
1.775 0.482830
1.780 0.479440
1.785 0.476750
1.790 0.475760
1.795 0.474550
1.800 0.474450
1.805 0.479180
1.810 0.479240
1.815 0.478760
1.820 0.477840
1.825 0.475980
1.830 0.472730
1.835 0.467630
1.840 0.459700
1.845 0.448070
1.850 0.431770
1.855 0.409100
1.860 0.379730
1.865 0.342650
1.870 0.297190
1.875 0.246820
1.880 0.197240
1.885 0.151670
1.890 0.113870
1.895 0.086259
1.900 0.068753
1.905 0.058514
1.910 0.053028
1.915 0.050220
1.920 0.049049
1.925 0.048914
1.930 0.049715
1.935 0.051116
1.940 0.053178
1.945 0.055769
1.950 0.058813
1.955 0.062489
1.960 0.066541
1.965 0.070991
1.970 0.075904
1.975 0.081360
1.980 0.086941
1.985 0.093019
1.990 0.099269
1.995 0.105880
2.000 0.112470
2.005 0.119180
2.010 0.125980
2.015 0.132690
2.020 0.139240
2.025 0.145550
2.030 0.151800
2.035 0.157670
2.040 0.163280
2.045 0.168780
2.050 0.174190
2.055 0.179760
2.060 0.185560
2.065 0.191540
2.070 0.197610
2.075 0.203530
2.080 0.209450
2.085 0.215020
2.090 0.220550
2.095 0.225840
2.100 0.230860
2.105 0.235730
2.110 0.240390
2.115 0.244780
2.120 0.248880
2.125 0.252770
2.130 0.256110
2.135 0.259150
2.140 0.262190
2.145 0.265070
2.150 0.267650
2.155 0.270220
2.160 0.272540
2.165 0.274720
2.170 0.276980
2.175 0.279530
2.180 0.282110
2.185 0.284420
2.190 0.287240
2.195 0.289510
2.200 0.291400
2.205 0.292930
2.210 0.294130
2.215 0.294890
2.220 0.294810
2.225 0.294050
2.230 0.292170
2.235 0.289360
2.240 0.285700
2.245 0.281400
2.250 0.276290
2.255 0.270700
2.260 0.264700
2.265 0.258960
2.270 0.253230
2.275 0.248020
2.280 0.242770
2.285 0.237360
2.290 0.231800
2.295 0.226000
2.300 0.220270
2.305 0.215450
2.310 0.212270
2.315 0.209180
2.320 0.206330
2.325 0.202100
2.330 0.197290
2.335 0.192300
2.340 0.187140
2.345 0.182130
2.350 0.178040
2.355 0.174120
2.360 0.169950
2.365 0.165700
2.370 0.161700
2.375 0.157360
2.380 0.152900
2.385 0.148110
2.390 0.143670
2.395 0.139330
2.400 0.134370
2.405 0.129860
2.410 0.124880
2.415 0.120330
2.420 0.116640
2.425 0.111160
2.430 0.106700
2.435 0.101730
2.440 0.097579
2.445 0.092691
2.450 0.089041
2.455 0.085392
2.460 0.080262
2.465 0.078648
2.470 0.074035
2.475 0.071758
2.480 0.067717
2.485 0.068723
2.490 0.066084
2.495 0.066291
2.500 0.062258
