0.350 0.081300
0.355 0.080115
0.360 0.078400
0.365 0.076189
0.370 0.074000
0.375 0.071919
0.380 0.069600
0.385 0.067844
0.390 0.066400
0.395 0.065097
0.400 0.064200
0.405 0.063554
0.410 0.063100
0.415 0.062842
0.420 0.062800
0.425 0.062951
0.430 0.063200
0.435 0.063582
0.440 0.064300
0.445 0.065233
0.450 0.066600
0.455 0.068382
0.460 0.070600
0.465 0.073337
0.470 0.076700
0.475 0.080585
0.480 0.085000
0.485 0.090046
0.490 0.095000
0.495 0.099504
0.500 0.103600
0.505 0.107650
0.510 0.111800
0.515 0.115700
0.520 0.119600
0.525 0.123390
0.530 0.127400
0.535 0.131850
0.540 0.136900
0.545 0.143200
0.550 0.151400
0.555 0.162270
0.560 0.176600
0.565 0.194590
0.570 0.214900
0.575 0.235970
0.580 0.255800
0.585 0.273340
0.590 0.288500
0.595 0.301330
0.600 0.312100
0.605 0.320670
0.610 0.327700
0.615 0.333330
0.620 0.338000
0.625 0.342030
0.630 0.345800
0.635 0.349270
0.640 0.352400
0.645 0.355400
0.650 0.358400
0.655 0.361450
0.660 0.364500
0.665 0.367520
0.670 0.370600
0.675 0.374020
0.680 0.377100
0.685 0.380460
0.690 0.383700
0.695 0.387030
0.700 0.390700
0.705 0.394240
0.710 0.397800
0.715 0.401550
0.720 0.405200
0.725 0.409060
0.730 0.412800
0.735 0.416740
0.740 0.420600
0.745 0.424560
0.750 0.428500
0.755 0.432350
0.760 0.436300
0.765 0.440390
0.770 0.444200
0.775 0.448230
0.780 0.452300
0.785 0.456310
0.790 0.460300
0.795 0.464360
0.800 0.468300
0.805 0.472160
0.810 0.476050
0.815 0.479930
0.820 0.483800
0.825 0.487630
0.830 0.491440
0.835 0.495260
0.840 0.499100
0.845 0.502980
0.850 0.506850
0.855 0.510650
0.860 0.514300
0.865 0.517760
0.870 0.521120
0.875 0.524500
0.880 0.528000
0.885 0.531690
0.890 0.535420
0.895 0.538960
0.900 0.542100
0.905 0.544680
0.910 0.546950
0.915 0.549220
0.920 0.551800
0.925 0.554940
0.930 0.558500
0.935 0.562280
0.940 0.566100
0.945 0.569800
0.950 0.573360
0.955 0.576820
0.960 0.580200
0.965 0.583510
0.970 0.586750
0.975 0.589950
0.980 0.593100
0.985 0.596220
0.990 0.599290
0.995 0.602320
1.000 0.605300
1.005 0.608220
1.010 0.611100
1.015 0.613960
1.020 0.616800
1.025 0.619650
1.030 0.622490
1.035 0.625310
1.040 0.628100
1.045 0.630850
1.050 0.633540
1.055 0.636160
1.060 0.638700
1.065 0.641140
1.070 0.643510
1.075 0.645820
1.080 0.648100
1.085 0.650370
1.090 0.652650
1.095 0.654950
1.100 0.657300
1.105 0.659700
1.110 0.662140
1.115 0.664550
1.120 0.666900
1.125 0.669160
1.130 0.671320
1.135 0.673400
1.140 0.675400
1.145 0.677320
1.150 0.679190
1.155 0.681040
1.160 0.682900
1.165 0.684790
1.170 0.686690
1.175 0.688570
1.180 0.690400
1.185 0.692170
1.190 0.693900
1.195 0.695630
1.200 0.697400
1.205 0.699240
1.210 0.701110
1.215 0.702980
1.220 0.704800
1.225 0.706550
1.230 0.708220
1.235 0.709840
1.240 0.711400
1.245 0.712910
1.250 0.714390
1.255 0.715850
1.260 0.717300
1.265 0.718750
1.270 0.720170
1.275 0.721570
1.280 0.722900
1.285 0.724160
1.290 0.725390
1.295 0.726620
1.300 0.727900
1.305 0.729260
1.310 0.730670
1.315 0.732100
1.320 0.733500
1.325 0.734850
1.330 0.736140
1.335 0.737390
1.340 0.738600
1.345 0.739780
1.350 0.740950
1.355 0.742120
1.360 0.743300
1.365 0.744510
1.370 0.745690
1.375 0.746810
1.380 0.747800
1.385 0.748630
1.390 0.749390
1.395 0.750170
1.400 0.751100
1.405 0.752240
1.410 0.753530
1.415 0.754850
1.420 0.756100
1.425 0.757200
1.430 0.758190
1.435 0.759130
1.440 0.760100
1.445 0.761140
1.450 0.762220
1.455 0.763320
1.460 0.764400
1.465 0.765430
1.470 0.766430
1.475 0.767410
1.480 0.768400
1.485 0.769400
1.490 0.770400
1.495 0.771380
1.500 0.772300
1.505 0.773150
1.510 0.773970
1.515 0.774770
1.520 0.775600
1.525 0.776480
1.530 0.777410
1.535 0.778360
1.540 0.779300
1.545 0.780230
1.550 0.781140
1.555 0.782030
1.560 0.782900
1.565 0.783750
1.570 0.784590
1.575 0.785400
1.580 0.786200
1.585 0.786980
1.590 0.787750
1.595 0.788520
1.600 0.789300
1.605 0.790100
1.610 0.790930
1.615 0.791800
1.620 0.792700
1.625 0.793650
1.630 0.794630
1.635 0.795620
1.640 0.796600
1.645 0.797560
1.650 0.798480
1.655 0.799330
1.660 0.800100
1.665 0.800760
1.670 0.801360
1.675 0.801930
1.680 0.802500
1.685 0.803120
1.690 0.803780
1.695 0.804470
1.700 0.805200
1.705 0.805950
1.710 0.806720
1.715 0.807470
1.720 0.808200
1.725 0.808880
1.730 0.809500
1.735 0.810050
1.740 0.810500
1.745 0.810860
1.750 0.811150
1.755 0.811450
1.760 0.811800
1.765 0.812240
1.770 0.812780
1.775 0.813400
1.780 0.814100
1.785 0.814870
1.790 0.815630
1.795 0.816300
1.800 0.816800
1.805 0.817060
1.810 0.817170
1.815 0.817210
1.820 0.817300
1.825 0.817500
1.830 0.817800
1.835 0.818150
1.840 0.818500
1.845 0.818830
1.850 0.819150
1.855 0.819500
1.860 0.819900
1.865 0.820380
1.870 0.820900
1.875 0.821420
1.880 0.821900
1.885 0.822300
1.890 0.822640
1.895 0.822930
1.900 0.823200
1.905 0.823450
1.910 0.823690
1.915 0.823910
1.920 0.824100
1.925 0.824260
1.930 0.824440
1.935 0.824670
1.940 0.825000
1.945 0.825480
1.950 0.826080
1.955 0.826800
1.960 0.827600
1.965 0.828480
1.970 0.829440
1.975 0.830480
1.980 0.831600
1.985 0.832790
1.990 0.834000
1.995 0.835130
2.000 0.836100
2.005 0.836850
2.010 0.837390
2.015 0.837770
2.020 0.838000
2.025 0.838110
2.030 0.838150
2.035 0.838170
2.040 0.838200
2.045 0.838290
2.050 0.838420
2.055 0.838560
2.060 0.838700
2.065 0.838810
2.070 0.838920
2.075 0.839070
2.080 0.839300
2.085 0.839630
2.090 0.840070
2.095 0.840590
2.100 0.841200
2.105 0.841880
2.110 0.842620
2.115 0.843370
2.120 0.844100
2.125 0.844790
2.130 0.845390
2.135 0.845840
2.140 0.846100
2.145 0.846130
2.150 0.846030
2.155 0.845950
2.160 0.846000
2.165 0.846300
2.170 0.846800
2.175 0.847460
2.180 0.848200
2.185 0.848980
2.190 0.849740
2.195 0.850400
2.200 0.850900
2.205 0.851180
2.210 0.851270
2.215 0.851200
2.220 0.851000
2.225 0.850740
2.230 0.850630
2.235 0.850930
2.240 0.851900
2.245 0.853730
2.250 0.856100
2.255 0.858620
2.260 0.860880
2.265 0.862530
2.270 0.863480
2.275 0.863660
2.280 0.862960
2.285 0.861400
2.290 0.859580
2.295 0.858260
2.300 0.858210
2.305 0.859940
2.310 0.862760
2.315 0.865700
2.320 0.867790
2.325 0.868350
2.330 0.867880
2.335 0.867170
2.340 0.866980
2.345 0.867850
2.350 0.869420
2.355 0.871090
2.360 0.872300
2.365 0.872600
2.370 0.872210
2.375 0.871470
2.380 0.870710
2.385 0.870200
2.390 0.870060
2.395 0.870340
2.400 0.871140
2.405 0.872500
2.410 0.874130
2.415 0.875670
2.420 0.876760
2.425 0.877140
2.430 0.876940
2.435 0.876420
2.440 0.875770
2.445 0.875220
2.450 0.874900
2.455 0.874980
2.460 0.875620
2.465 0.876910
2.470 0.878500
2.475 0.879920
2.480 0.880720
2.485 0.880570
2.490 0.879790
2.495 0.878810
2.500 0.878080
