0.350 0.086666
0.355 0.087609
0.360 0.089934
0.365 0.088691
0.370 0.087896
0.375 0.088887
0.380 0.089196
0.385 0.090528
0.390 0.092718
0.395 0.094577
0.400 0.097442
0.405 0.100220
0.410 0.102880
0.415 0.105250
0.420 0.107620
0.425 0.110020
0.430 0.112440
0.435 0.114890
0.440 0.117140
0.445 0.118910
0.450 0.120970
0.455 0.122000
0.460 0.123510
0.465 0.124360
0.470 0.124820
0.475 0.125760
0.480 0.126230
0.485 0.126770
0.490 0.127590
0.495 0.128370
0.500 0.130010
0.505 0.131980
0.510 0.134800
0.515 0.138400
0.520 0.143110
0.525 0.147820
0.530 0.151860
0.535 0.154790
0.540 0.156040
0.545 0.157460
0.550 0.158120
0.555 0.158870
0.560 0.158230
0.565 0.156960
0.570 0.154620
0.575 0.152380
0.580 0.150170
0.585 0.149130
0.590 0.147020
0.595 0.145650
0.600 0.144400
0.605 0.142990
0.610 0.141350
0.615 0.139460
0.620 0.138240
0.625 0.137490
0.630 0.136850
0.635 0.136550
0.640 0.135560
0.645 0.134160
0.650 0.131820
0.655 0.131350
0.660 0.129360
0.665 0.127630
0.670 0.126580
0.675 0.126100
0.680 0.125720
0.685 0.126270
0.690 0.129630
0.695 0.137470
0.700 0.149590
0.705 0.164690
0.710 0.181480
0.715 0.200090
0.720 0.220690
0.725 0.243790
0.730 0.264710
0.735 0.284500
0.740 0.301430
0.745 0.315650
0.750 0.325260
0.755 0.331910
0.760 0.336030
0.765 0.339060
0.770 0.341090
0.775 0.342390
0.780 0.342420
0.785 0.343860
0.790 0.344900
0.795 0.345540
0.800 0.346760
0.805 0.346950
0.810 0.348460
0.815 0.349040
0.820 0.348800
0.825 0.348460
0.830 0.347000
0.835 0.345390
0.840 0.344430
0.845 0.343530
0.850 0.342530
0.855 0.341450
0.860 0.340070
0.865 0.337950
0.870 0.335730
0.875 0.334380
0.880 0.333330
0.885 0.331690
0.890 0.329520
0.895 0.327470
0.900 0.326220
0.905 0.324870
0.910 0.322990
0.915 0.321270
0.920 0.320000
0.925 0.318120
0.930 0.315170
0.935 0.311870
0.940 0.307850
0.945 0.302650
0.950 0.295700
0.955 0.288640
0.960 0.283350
0.965 0.279450
0.970 0.275990
0.975 0.275000
0.980 0.272780
0.985 0.271410
0.990 0.270810
0.995 0.270670
1.000 0.271840
1.005 0.273170
1.010 0.273390
1.015 0.275390
1.020 0.277850
1.025 0.279960
1.030 0.282490
1.035 0.282860
1.040 0.285040
1.045 0.287770
1.050 0.290340
1.055 0.293240
1.060 0.294090
1.065 0.295020
1.070 0.296720
1.075 0.297940
1.080 0.298810
1.085 0.296500
1.090 0.296620
1.095 0.295570
1.100 0.293560
1.105 0.293080
1.110 0.290510
1.115 0.288590
1.120 0.286120
1.125 0.283000
1.130 0.278200
1.135 0.270600
1.140 0.260150
1.145 0.249220
1.150 0.240580
1.155 0.232750
1.160 0.227050
1.165 0.222170
1.170 0.218820
1.175 0.215470
1.180 0.214100
1.185 0.211930
1.190 0.208080
1.195 0.206060
1.200 0.204970
1.205 0.204050
1.210 0.204530
1.215 0.205190
1.220 0.207630
1.225 0.210640
1.230 0.212670
1.235 0.214400
1.240 0.216300
1.245 0.218160
1.250 0.219470
1.255 0.220810
1.260 0.220330
1.265 0.221140
1.270 0.222080
1.275 0.222030
1.280 0.221020
1.285 0.221140
1.290 0.220520
1.295 0.218840
1.300 0.216680
1.305 0.214680
1.310 0.211580
1.315 0.206980
1.320 0.203010
1.325 0.197970
1.330 0.190810
1.335 0.184840
1.340 0.180030
1.345 0.173350
1.350 0.168530
1.355 0.163990
1.360 0.158960
1.365 0.155720
1.370 0.151230
1.375 0.145620
1.380 0.135650
1.385 0.124770
1.390 0.112310
1.395 0.099114
1.400 0.086854
1.405 0.076649
1.410 0.069065
1.415 0.062510
1.420 0.057876
1.425 0.054700
1.430 0.052836
1.435 0.051611
1.440 0.048850
1.445 0.048741
1.450 0.048542
1.455 0.047954
1.460 0.049184
1.465 0.048041
1.470 0.048843
1.475 0.051049
1.480 0.052081
1.485 0.053290
1.490 0.054618
1.495 0.055940
1.500 0.057536
1.505 0.059956
1.510 0.061870
1.515 0.063434
1.520 0.065785
1.525 0.067952
1.530 0.069298
1.535 0.070852
1.540 0.072941
1.545 0.073541
1.550 0.075009
1.555 0.077055
1.560 0.079013
1.565 0.080579
1.570 0.081548
1.575 0.083470
1.580 0.085047
1.585 0.085827
1.590 0.086918
1.595 0.088115
1.600 0.089528
1.605 0.091171
1.610 0.092517
1.615 0.093923
1.620 0.095240
1.625 0.096153
1.630 0.097391
1.635 0.098149
1.640 0.098174
1.645 0.099166
1.650 0.100390
1.655 0.100850
1.660 0.100540
1.665 0.100280
1.670 0.100220
1.675 0.099952
1.680 0.099170
1.685 0.098051
1.690 0.096962
1.695 0.096151
1.700 0.095157
1.705 0.093336
1.710 0.091279
1.715 0.089607
1.720 0.088518
1.725 0.086962
1.730 0.084635
1.735 0.084157
1.740 0.085239
1.745 0.085547
1.750 0.084993
1.755 0.084202
1.760 0.083782
1.765 0.083065
1.770 0.081722
1.775 0.081323
1.780 0.081591
1.785 0.081312
1.790 0.081582
1.795 0.082486
1.800 0.082638
1.805 0.082329
1.810 0.082061
1.815 0.082433
1.820 0.083078
1.825 0.083602
1.830 0.083278
1.835 0.082958
1.840 0.083110
1.845 0.082906
1.850 0.081286
1.855 0.078927
1.860 0.076086
1.865 0.071805
1.870 0.065227
1.875 0.057575
1.880 0.050437
1.885 0.043372
1.890 0.036146
1.895 0.029678
1.900 0.025278
1.905 0.022875
1.910 0.021931
1.915 0.021099
1.920 0.019630
1.925 0.018418
1.930 0.018614
1.935 0.018821
1.940 0.018191
1.945 0.018031
1.950 0.019507
1.955 0.020712
1.960 0.020143
1.965 0.019420
1.970 0.020322
1.975 0.021695
1.980 0.022151
1.985 0.022529
1.990 0.023793
1.995 0.025106
2.000 0.025709
2.005 0.025923
2.010 0.026260
2.015 0.026878
2.020 0.027685
2.025 0.028818
2.030 0.029814
2.035 0.030434
2.040 0.030461
2.045 0.030402
2.050 0.030458
2.055 0.030918
2.060 0.031295
2.065 0.031876
2.070 0.032653
2.075 0.033249
2.080 0.033527
2.085 0.033901
2.090 0.034532
2.095 0.034886
2.100 0.034380
2.105 0.034040
2.110 0.034937
2.115 0.036090
2.120 0.036907
2.125 0.037500
2.130 0.038673
2.135 0.039618
2.140 0.040231
2.145 0.040090
2.150 0.039466
2.155 0.039004
2.160 0.039513
2.165 0.040511
2.170 0.041140
2.175 0.041793
2.180 0.042960
2.185 0.043798
2.190 0.043288
2.195 0.042865
2.200 0.043604
2.205 0.044729
2.210 0.044900
2.215 0.044802
2.220 0.045232
2.225 0.045536
2.230 0.045094
2.235 0.044257
2.240 0.043853
2.245 0.042908
2.250 0.041125
2.255 0.039471
2.260 0.038943
2.265 0.038210
2.270 0.035827
2.275 0.033870
2.280 0.034415
2.285 0.034954
2.290 0.032827
2.295 0.031116
2.300 0.032739
2.305 0.033919
2.310 0.030517
2.315 0.027245
2.320 0.028621
2.325 0.030898
2.330 0.030192
2.335 0.028294
2.340 0.027952
2.345 0.027946
2.350 0.027255
2.355 0.026213
2.360 0.025616
2.365 0.025782
2.370 0.025840
2.375 0.025677
2.380 0.025234
2.385 0.024847
2.390 0.024359
2.395 0.024249
2.400 0.023759
2.405 0.023459
2.410 0.022899
2.415 0.022071
2.420 0.021294
2.425 0.020627
2.430 0.020422
2.435 0.020232
2.440 0.019998
2.445 0.019646
2.450 0.019555
2.455 0.019691
2.460 0.020055
2.465 0.019615
2.470 0.018990
2.475 0.018995
2.480 0.019101
2.485 0.018729
2.490 0.018954
2.495 0.018390
2.500 0.019802
