0.350 0.009485
0.355 0.010434
0.360 0.011383
0.365 0.012331
0.370 0.013280
0.375 0.014228
0.380 0.015177
0.385 0.016125
0.390 0.017074
0.395 0.018022
0.400 0.018971
0.405 0.024179
0.410 0.027161
0.415 0.028834
0.420 0.030027
0.425 0.034227
0.430 0.037492
0.435 0.043635
0.440 0.045237
0.445 0.046708
0.450 0.049694
0.455 0.051530
0.460 0.055271
0.465 0.054130
0.470 0.054275
0.475 0.057531
0.480 0.058735
0.485 0.062053
0.490 0.063356
0.495 0.066156
0.500 0.070362
0.505 0.072568
0.510 0.074251
0.515 0.082124
0.520 0.084763
0.525 0.086081
0.530 0.088703
0.535 0.092185
0.540 0.096384
0.545 0.096478
0.550 0.102120
0.555 0.102940
0.560 0.108940
0.565 0.113230
0.570 0.117830
0.575 0.117660
0.580 0.121130
0.585 0.123390
0.590 0.123970
0.595 0.125600
0.600 0.127650
0.605 0.130850
0.610 0.131150
0.615 0.132220
0.620 0.135820
0.625 0.139510
0.630 0.141800
0.635 0.142550
0.640 0.148350
0.645 0.149480
0.650 0.154110
0.655 0.155270
0.660 0.157960
0.665 0.164840
0.670 0.168330
0.675 0.167060
0.680 0.170230
0.685 0.174260
0.690 0.175940
0.695 0.181470
0.700 0.183780
0.705 0.185870
0.710 0.189160
0.715 0.191830
0.720 0.199990
0.725 0.197000
0.730 0.196840
0.735 0.201320
0.740 0.206530
0.745 0.206810
0.750 0.208710
0.755 0.210320
0.760 0.212870
0.765 0.212870
0.770 0.216850
0.775 0.218350
0.780 0.221930
0.785 0.223590
0.790 0.223180
0.795 0.226440
0.800 0.228720
0.805 0.229790
0.810 0.232870
0.815 0.234170
0.820 0.232310
0.825 0.232250
0.830 0.235450
0.835 0.236110
0.840 0.236030
0.845 0.239570
0.850 0.240340
0.855 0.240670
0.860 0.239430
0.865 0.241760
0.870 0.240230
0.875 0.243170
0.880 0.242220
0.885 0.243870
0.890 0.242720
0.895 0.242660
0.900 0.242770
0.905 0.242050
0.910 0.245790
0.915 0.247370
0.920 0.247590
0.925 0.248080
0.930 0.249390
0.935 0.252510
0.940 0.251950
0.945 0.253070
0.950 0.254630
0.955 0.256220
0.960 0.256210
0.965 0.259090
0.970 0.259180
0.975 0.261550
0.980 0.258830
0.985 0.258750
0.990 0.260520
0.995 0.263820
1.000 0.264110
1.005 0.267070
1.010 0.265520
1.015 0.264980
1.020 0.267410
1.025 0.271130
1.030 0.271760
1.035 0.275290
1.040 0.273660
1.045 0.272120
1.050 0.271430
1.055 0.275340
1.060 0.276890
1.065 0.277560
1.070 0.278260
1.075 0.280490
1.080 0.280280
1.085 0.279380
1.090 0.282180
1.095 0.283360
1.100 0.283450
1.105 0.286540
1.110 0.287820
1.115 0.290670
1.120 0.290000
1.125 0.292620
1.130 0.291750
1.135 0.291950
1.140 0.293940
1.145 0.296450
1.150 0.298000
1.155 0.300340
1.160 0.299450
1.165 0.301340
1.170 0.303020
1.175 0.303830
1.180 0.307090
1.185 0.306450
1.190 0.307290
1.195 0.308250
1.200 0.309030
1.205 0.311230
1.210 0.310580
1.215 0.309470
1.220 0.314220
1.225 0.317280
1.230 0.317600
1.235 0.315840
1.240 0.313890
1.245 0.314600
1.250 0.316240
1.255 0.317510
1.260 0.319710
1.265 0.320520
1.270 0.321710
1.275 0.324840
1.280 0.326850
1.285 0.329740
1.290 0.328400
1.295 0.331680
1.300 0.330460
1.305 0.330970
1.310 0.329850
1.315 0.330050
1.320 0.331590
1.325 0.331910
1.330 0.331950
1.335 0.335860
1.340 0.335780
1.345 0.338830
1.350 0.337150
1.355 0.338610
1.360 0.336170
1.365 0.339890
1.370 0.337530
1.375 0.336680
1.380 0.334970
1.385 0.332880
1.390 0.330660
1.395 0.325530
1.400 0.323970
1.405 0.325050
1.410 0.327450
1.415 0.331970
1.420 0.337320
1.425 0.335530
1.430 0.336290
1.435 0.337220
1.440 0.338380
1.445 0.337980
1.450 0.341450
1.455 0.339850
1.460 0.342170
1.465 0.341020
1.470 0.342770
1.475 0.341750
1.480 0.342520
1.485 0.343450
1.490 0.344740
1.495 0.345710
1.500 0.349630
1.505 0.354420
1.510 0.357850
1.515 0.355490
1.520 0.355590
1.525 0.355980
1.530 0.354360
1.535 0.355480
1.540 0.359350
1.545 0.357660
1.550 0.357400
1.555 0.358200
1.560 0.360730
1.565 0.357390
1.570 0.358010
1.575 0.356430
1.580 0.357150
1.585 0.360440
1.590 0.366620
1.595 0.366180
1.600 0.363340
1.605 0.365640
1.610 0.366950
1.615 0.365480
1.620 0.364640
1.625 0.366430
1.630 0.367320
1.635 0.365930
1.640 0.365990
1.645 0.366580
1.650 0.366580
1.655 0.365540
1.660 0.362730
1.665 0.364170
1.670 0.364950
1.675 0.367500
1.680 0.369540
1.685 0.367330
1.690 0.368070
1.695 0.367460
1.700 0.370570
1.705 0.373440
1.710 0.371270
1.715 0.373120
1.720 0.373510
1.725 0.375090
1.730 0.377890
1.735 0.376780
1.740 0.375410
1.745 0.373740
1.750 0.374260
1.755 0.373960
1.760 0.373890
1.765 0.374430
1.770 0.373100
1.775 0.372840
1.780 0.376430
1.785 0.374830
1.790 0.370800
1.795 0.373890
1.800 0.376710
1.805 0.372430
1.810 0.372840
1.815 0.371780
1.820 0.374090
1.825 0.375860
1.830 0.376500
1.835 0.376050
1.840 0.375430
1.845 0.375720
1.850 0.376210
1.855 0.374630
1.860 0.374910
1.865 0.373400
1.870 0.367560
1.875 0.363610
1.880 0.362910
1.885 0.357830
1.890 0.351740
1.895 0.341810
1.900 0.332890
1.905 0.327590
1.910 0.323040
1.915 0.321410
1.920 0.321650
1.925 0.322540
1.930 0.324860
1.935 0.328340
1.940 0.329220
1.945 0.331720
1.950 0.332020
1.955 0.333120
1.960 0.336480
1.965 0.339500
1.970 0.342190
1.975 0.343120
1.980 0.345690
1.985 0.351380
1.990 0.351180
1.995 0.351950
2.000 0.352400
2.005 0.356220
2.010 0.355060
2.015 0.354610
2.020 0.354170
2.025 0.357150
2.030 0.354120
2.035 0.355220
2.040 0.360090
2.045 0.361230
2.050 0.358580
2.055 0.354570
2.060 0.352030
2.065 0.356250
2.070 0.354670
2.075 0.352180
2.080 0.351250
2.085 0.352310
2.090 0.352250
2.095 0.351880
2.100 0.350830
2.105 0.351970
2.110 0.350260
2.115 0.350120
2.120 0.350360
2.125 0.350360
2.130 0.349840
2.135 0.350240
2.140 0.349650
2.145 0.350110
2.150 0.348880
2.155 0.347970
2.160 0.347490
2.165 0.347020
2.170 0.345250
2.175 0.343870
2.180 0.340430
2.185 0.336510
2.190 0.332390
2.195 0.328040
2.200 0.326980
2.205 0.327060
2.210 0.328860
2.215 0.333110
2.220 0.337300
2.225 0.339190
2.230 0.340700
2.235 0.341100
2.240 0.340190
2.245 0.338010
2.250 0.336700
2.255 0.334350
2.260 0.334280
2.265 0.332840
2.270 0.331710
2.275 0.331530
2.280 0.330880
2.285 0.329860
2.290 0.328060
2.295 0.327060
2.300 0.325440
2.305 0.323360
2.310 0.322550
2.315 0.322280
2.320 0.322090
2.325 0.320230
2.330 0.318560
2.335 0.316110
2.340 0.313820
2.345 0.311780
2.350 0.311120
2.355 0.312020
2.360 0.313380
2.365 0.313510
2.370 0.314050
2.375 0.314030
2.380 0.313200
2.385 0.312900
2.390 0.312910
2.395 0.312350
2.400 0.311280
2.405 0.310340
2.410 0.309610
2.415 0.307400
2.420 0.305860
2.425 0.304290
2.430 0.302450
2.435 0.300930
2.440 0.299660
2.445 0.298690
2.450 0.297510
2.455 0.296690
2.460 0.295910
2.465 0.295460
2.470 0.294250
2.475 0.293790
2.480 0.292660
2.485 0.291890
2.490 0.291510
2.495 0.290740
2.500 0.290550
