0.350 0.003228
0.355 0.003551
0.360 0.003874
0.365 0.004196
0.370 0.004519
0.375 0.004842
0.380 0.005165
0.385 0.005488
0.390 0.005810
0.395 0.006133
0.400 0.006456
0.405 0.011795
0.410 0.016245
0.415 0.022968
0.420 0.027515
0.425 0.032734
0.430 0.043097
0.435 0.048068
0.440 0.057963
0.445 0.066732
0.450 0.073102
0.455 0.080255
0.460 0.083512
0.465 0.088024
0.470 0.096145
0.475 0.100500
0.480 0.106100
0.485 0.111660
0.490 0.118960
0.495 0.123260
0.500 0.136170
0.505 0.138310
0.510 0.151880
0.515 0.160810
0.520 0.169630
0.525 0.178590
0.530 0.185120
0.535 0.195440
0.540 0.210990
0.545 0.222590
0.550 0.236840
0.555 0.251210
0.560 0.260360
0.565 0.276670
0.570 0.294990
0.575 0.305480
0.580 0.319460
0.585 0.339690
0.590 0.342690
0.595 0.345900
0.600 0.358020
0.605 0.364820
0.610 0.367530
0.615 0.371440
0.620 0.372670
0.625 0.376650
0.630 0.382870
0.635 0.387020
0.640 0.389620
0.645 0.391710
0.650 0.394150
0.655 0.400870
0.660 0.405540
0.665 0.404460
0.670 0.407020
0.675 0.418930
0.680 0.416210
0.685 0.424500
0.690 0.426420
0.695 0.437460
0.700 0.441530
0.705 0.446790
0.710 0.446790
0.715 0.452070
0.720 0.442090
0.725 0.450690
0.730 0.454890
0.735 0.460010
0.740 0.462340
0.745 0.459220
0.750 0.464210
0.755 0.467030
0.760 0.464960
0.765 0.462620
0.770 0.464840
0.775 0.474050
0.780 0.467400
0.785 0.470340
0.790 0.469510
0.795 0.474200
0.800 0.469030
0.805 0.475530
0.810 0.468260
0.815 0.467650
0.820 0.474530
0.825 0.478740
0.830 0.477500
0.835 0.476790
0.840 0.477720
0.845 0.473220
0.850 0.479740
0.855 0.476530
0.860 0.479240
0.865 0.477230
0.870 0.476190
0.875 0.478180
0.880 0.476980
0.885 0.480210
0.890 0.477630
0.895 0.477890
0.900 0.479000
0.905 0.478500
0.910 0.480880
0.915 0.480640
0.920 0.479720
0.925 0.481960
0.930 0.485630
0.935 0.482730
0.940 0.486620
0.945 0.486840
0.950 0.486550
0.955 0.489510
0.960 0.485550
0.965 0.485360
0.970 0.489630
0.975 0.486810
0.980 0.483840
0.985 0.486550
0.990 0.495900
0.995 0.495920
1.000 0.497550
1.005 0.496970
1.010 0.501830
1.015 0.503900
1.020 0.509240
1.025 0.507380
1.030 0.503510
1.035 0.509270
1.040 0.512500
1.045 0.511820
1.050 0.509170
1.055 0.507500
1.060 0.510820
1.065 0.512270
1.070 0.515080
1.075 0.511260
1.080 0.516450
1.085 0.521700
1.090 0.522340
1.095 0.518790
1.100 0.517160
1.105 0.517870
1.110 0.524340
1.115 0.530120
1.120 0.531830
1.125 0.534550
1.130 0.534750
1.135 0.534970
1.140 0.532190
1.145 0.529250
1.150 0.530050
1.155 0.530400
1.160 0.532420
1.165 0.536350
1.170 0.539780
1.175 0.540670
1.180 0.539620
1.185 0.542010
1.190 0.544770
1.195 0.546360
1.200 0.546500
1.205 0.544920
1.210 0.545070
1.215 0.543560
1.220 0.540910
1.225 0.545020
1.230 0.548240
1.235 0.548780
1.240 0.547880
1.245 0.546720
1.250 0.548990
1.255 0.544900
1.260 0.544990
1.265 0.544160
1.270 0.546710
1.275 0.545320
1.280 0.547270
1.285 0.548660
1.290 0.550520
1.295 0.552080
1.300 0.546480
1.305 0.545270
1.310 0.549440
1.315 0.548160
1.320 0.548180
1.325 0.546460
1.330 0.542870
1.335 0.543350
1.340 0.532230
1.345 0.533190
1.350 0.536540
1.355 0.532620
1.360 0.537440
1.365 0.532840
1.370 0.535150
1.375 0.537290
1.380 0.531020
1.385 0.532110
1.390 0.522910
1.395 0.516710
1.400 0.502190
1.405 0.492570
1.410 0.487750
1.415 0.490810
1.420 0.498140
1.425 0.501910
1.430 0.502290
1.435 0.500380
1.440 0.501440
1.445 0.507910
1.450 0.511970
1.455 0.519750
1.460 0.522090
1.465 0.523870
1.470 0.523040
1.475 0.526170
1.480 0.528090
1.485 0.529980
1.490 0.533970
1.495 0.529360
1.500 0.534380
1.505 0.542710
1.510 0.541480
1.515 0.539120
1.520 0.536750
1.525 0.535040
1.530 0.538150
1.535 0.544610
1.540 0.548420
1.545 0.550790
1.550 0.555610
1.555 0.555490
1.560 0.560400
1.565 0.559840
1.570 0.555730
1.575 0.554630
1.580 0.557270
1.585 0.559660
1.590 0.564810
1.595 0.560410
1.600 0.559440
1.605 0.555160
1.610 0.557680
1.615 0.561960
1.620 0.566130
1.625 0.568090
1.630 0.565650
1.635 0.563040
1.640 0.563990
1.645 0.567850
1.650 0.576410
1.655 0.572400
1.660 0.567690
1.665 0.569750
1.670 0.564430
1.675 0.571220
1.680 0.569520
1.685 0.569590
1.690 0.570740
1.695 0.567480
1.700 0.568000
1.705 0.574250
1.710 0.570640
1.715 0.571900
1.720 0.568840
1.725 0.561450
1.730 0.557830
1.735 0.557130
1.740 0.554080
1.745 0.555270
1.750 0.557710
1.755 0.560030
1.760 0.558330
1.765 0.559830
1.770 0.559870
1.775 0.560090
1.780 0.559540
1.785 0.557700
1.790 0.562580
1.795 0.566220
1.800 0.562970
1.805 0.565010
1.810 0.567260
1.815 0.567520
1.820 0.564180
1.825 0.563030
1.830 0.556880
1.835 0.550310
1.840 0.551940
1.845 0.557160
1.850 0.563450
1.855 0.566000
1.860 0.553760
1.865 0.525750
1.870 0.506310
1.875 0.498780
1.880 0.485510
1.885 0.467140
1.890 0.443980
1.895 0.418290
1.900 0.391650
1.905 0.370960
1.910 0.361380
1.915 0.359880
1.920 0.366880
1.925 0.375130
1.930 0.379950
1.935 0.390510
1.940 0.395570
1.945 0.405020
1.950 0.413570
1.955 0.420670
1.960 0.426520
1.965 0.432140
1.970 0.439720
1.975 0.450310
1.980 0.460280
1.985 0.474160
1.990 0.482330
1.995 0.493440
2.000 0.500010
2.005 0.511970
2.010 0.520630
2.015 0.528520
2.020 0.532440
2.025 0.535330
2.030 0.535950
2.035 0.541120
2.040 0.546530
2.045 0.546730
2.050 0.544980
2.055 0.546830
2.060 0.552460
2.065 0.545730
2.070 0.542460
2.075 0.547490
2.080 0.548800
2.085 0.548750
2.090 0.547850
2.095 0.546800
2.100 0.546950
2.105 0.545820
2.110 0.544380
2.115 0.543510
2.120 0.542110
2.125 0.542140
2.130 0.541290
2.135 0.539460
2.140 0.538480
2.145 0.534830
2.150 0.532300
2.155 0.529140
2.160 0.524220
2.165 0.521370
2.170 0.519150
2.175 0.517770
2.180 0.515520
2.185 0.512890
2.190 0.509780
2.195 0.505900
2.200 0.500580
2.205 0.489910
2.210 0.483510
2.215 0.490020
2.220 0.491350
2.225 0.494400
2.230 0.498410
2.235 0.499090
2.240 0.499280
2.245 0.498880
2.250 0.498260
2.255 0.496330
2.260 0.496830
2.265 0.497280
2.270 0.496840
2.275 0.496230
2.280 0.495470
2.285 0.492750
2.290 0.489440
2.295 0.487990
2.300 0.485730
2.305 0.484210
2.310 0.480970
2.315 0.477650
2.320 0.478250
2.325 0.475340
2.330 0.471540
2.335 0.467730
2.340 0.464550
2.345 0.462190
2.350 0.460250
2.355 0.459060
2.360 0.459070
2.365 0.456480
2.370 0.453160
2.375 0.449160
2.380 0.443900
2.385 0.439320
2.390 0.434290
2.395 0.429510
2.400 0.424230
2.405 0.419040
2.410 0.413870
2.415 0.409730
2.420 0.404620
2.425 0.400240
2.430 0.395450
2.435 0.390060
2.440 0.386000
2.445 0.381470
2.450 0.377810
2.455 0.374620
2.460 0.370940
2.465 0.368630
2.470 0.364410
2.475 0.360640
2.480 0.357810
2.485 0.355030
2.490 0.353510
2.495 0.352510
2.500 0.351830
