0.350 0.039613
0.355 0.043574
0.360 0.047536
0.365 0.051497
0.370 0.055458
0.375 0.059420
0.380 0.063381
0.385 0.067342
0.390 0.071303
0.395 0.075265
0.400 0.079226
0.405 0.078720
0.410 0.077605
0.415 0.077617
0.420 0.079837
0.425 0.079515
0.430 0.080334
0.435 0.080732
0.440 0.082266
0.445 0.082366
0.450 0.082802
0.455 0.083055
0.460 0.083397
0.465 0.084037
0.470 0.083829
0.475 0.083757
0.480 0.083822
0.485 0.084190
0.490 0.084603
0.495 0.085216
0.500 0.087565
0.505 0.090927
0.510 0.095782
0.515 0.103440
0.520 0.113030
0.525 0.123300
0.530 0.131800
0.535 0.137630
0.540 0.140510
0.545 0.142560
0.550 0.144310
0.555 0.145030
0.560 0.143300
0.565 0.139100
0.570 0.133060
0.575 0.126280
0.580 0.121100
0.585 0.117300
0.590 0.114040
0.595 0.112340
0.600 0.112400
0.605 0.112140
0.610 0.108870
0.615 0.105110
0.620 0.103150
0.625 0.102560
0.630 0.101660
0.635 0.100480
0.640 0.097971
0.645 0.095107
0.650 0.091988
0.655 0.090063
0.660 0.088234
0.665 0.086446
0.670 0.085453
0.675 0.085804
0.680 0.087230
0.685 0.090754
0.690 0.098705
0.695 0.117250
0.700 0.147780
0.705 0.186900
0.710 0.230240
0.715 0.276970
0.720 0.325470
0.725 0.373420
0.730 0.417330
0.735 0.454510
0.740 0.484560
0.745 0.506760
0.750 0.522690
0.755 0.533390
0.760 0.540440
0.765 0.544930
0.770 0.548050
0.775 0.550430
0.780 0.552450
0.785 0.554100
0.790 0.555880
0.795 0.557520
0.800 0.558970
0.805 0.560430
0.810 0.562060
0.815 0.563720
0.820 0.565150
0.825 0.566730
0.830 0.568260
0.835 0.569620
0.840 0.570990
0.845 0.572890
0.850 0.574490
0.855 0.576150
0.860 0.577500
0.865 0.579100
0.870 0.580190
0.875 0.581420
0.880 0.582630
0.885 0.583410
0.890 0.584320
0.895 0.584980
0.900 0.585800
0.905 0.586340
0.910 0.587110
0.915 0.587610
0.920 0.588060
0.925 0.587960
0.930 0.587210
0.935 0.586200
0.940 0.584490
0.945 0.582660
0.950 0.578840
0.955 0.573680
0.960 0.569620
0.965 0.567240
0.970 0.566760
0.975 0.567050
0.980 0.568020
0.985 0.570120
0.990 0.572080
0.995 0.574430
1.000 0.577890
1.005 0.584750
1.010 0.587850
1.015 0.591610
1.020 0.594140
1.025 0.596760
1.030 0.600100
1.035 0.602480
1.040 0.604590
1.045 0.608460
1.050 0.609160
1.055 0.610790
1.060 0.612590
1.065 0.614960
1.070 0.616420
1.075 0.616620
1.080 0.618310
1.085 0.617770
1.090 0.617530
1.095 0.616700
1.100 0.616940
1.105 0.616240
1.110 0.614360
1.115 0.613580
1.120 0.610260
1.125 0.606910
1.130 0.600450
1.135 0.590990
1.140 0.578170
1.145 0.564500
1.150 0.552620
1.155 0.543470
1.160 0.538610
1.165 0.535160
1.170 0.533440
1.175 0.532710
1.180 0.531590
1.185 0.530830
1.190 0.529450
1.195 0.529510
1.200 0.530270
1.205 0.531470
1.210 0.533610
1.215 0.536550
1.220 0.539660
1.225 0.543090
1.230 0.545770
1.235 0.548570
1.240 0.551430
1.245 0.553730
1.250 0.555790
1.255 0.557270
1.260 0.558900
1.265 0.559560
1.270 0.559590
1.275 0.559570
1.280 0.558600
1.285 0.556290
1.290 0.554210
1.295 0.550930
1.300 0.546250
1.305 0.540090
1.310 0.533350
1.315 0.524310
1.320 0.514710
1.325 0.503270
1.330 0.490870
1.335 0.477880
1.340 0.466430
1.345 0.454860
1.350 0.443800
1.355 0.433080
1.360 0.421890
1.365 0.408650
1.370 0.391780
1.375 0.370640
1.380 0.342690
1.385 0.309370
1.390 0.273570
1.395 0.240750
1.400 0.212180
1.405 0.190360
1.410 0.174690
1.415 0.164030
1.420 0.157540
1.425 0.153320
1.430 0.150820
1.435 0.149700
1.440 0.149440
1.445 0.149920
1.450 0.150540
1.455 0.151510
1.460 0.153410
1.465 0.156170
1.470 0.159990
1.475 0.164510
1.480 0.169570
1.485 0.175590
1.490 0.181720
1.495 0.188030
1.500 0.194500
1.505 0.201150
1.510 0.207780
1.515 0.214610
1.520 0.221390
1.525 0.227600
1.530 0.233900
1.535 0.239990
1.540 0.246500
1.545 0.252290
1.550 0.257730
1.555 0.263420
1.560 0.269110
1.565 0.274160
1.570 0.278750
1.575 0.283590
1.580 0.287970
1.585 0.292450
1.590 0.296700
1.595 0.301380
1.600 0.305470
1.605 0.309620
1.610 0.313410
1.615 0.317310
1.620 0.320310
1.625 0.323410
1.630 0.326330
1.635 0.329210
1.640 0.331370
1.645 0.332610
1.650 0.333270
1.655 0.333680
1.660 0.333030
1.665 0.332430
1.670 0.332730
1.675 0.332150
1.680 0.331250
1.685 0.329380
1.690 0.326830
1.695 0.323660
1.700 0.320480
1.705 0.316570
1.710 0.312830
1.715 0.309240
1.720 0.306590
1.725 0.304070
1.730 0.301660
1.735 0.299400
1.740 0.296330
1.745 0.292770
1.750 0.288850
1.755 0.284660
1.760 0.281350
1.765 0.278010
1.770 0.274480
1.775 0.272740
1.780 0.270920
1.785 0.269690
1.790 0.269470
1.795 0.269990
1.800 0.270170
1.805 0.262890
1.810 0.262990
1.815 0.262920
1.820 0.262490
1.825 0.261760
1.830 0.260200
1.835 0.257520
1.840 0.253450
1.845 0.247390
1.850 0.238690
1.855 0.226880
1.860 0.211500
1.865 0.192330
1.870 0.169770
1.875 0.145610
1.880 0.122650
1.885 0.102440
1.890 0.086431
1.895 0.075208
1.900 0.068183
1.905 0.064103
1.910 0.061913
1.915 0.060795
1.920 0.060281
1.925 0.060207
1.930 0.060555
1.935 0.060957
1.940 0.061692
1.945 0.062730
1.950 0.063894
1.955 0.065066
1.960 0.066452
1.965 0.067991
1.970 0.069744
1.975 0.071647
1.980 0.073862
1.985 0.075967
1.990 0.078135
1.995 0.080520
2.000 0.082929
2.005 0.085330
2.010 0.087842
2.015 0.090411
2.020 0.092725
2.025 0.095107
2.030 0.097307
2.035 0.099511
2.040 0.101360
2.045 0.103400
2.050 0.105110
2.055 0.106990
2.060 0.108720
2.065 0.110530
2.070 0.112360
2.075 0.114170
2.080 0.116000
2.085 0.117860
2.090 0.119670
2.095 0.121610
2.100 0.123350
2.105 0.125240
2.110 0.127180
2.115 0.128780
2.120 0.130470
2.125 0.132210
2.130 0.133890
2.135 0.135330
2.140 0.136870
2.145 0.138420
2.150 0.140050
2.155 0.141580
2.160 0.143090
2.165 0.144710
2.170 0.146180
2.175 0.147740
2.180 0.148870
2.185 0.150310
2.190 0.151820
2.195 0.152930
2.200 0.153830
2.205 0.154580
2.210 0.155090
2.215 0.155250
2.220 0.155310
2.225 0.154610
2.230 0.153750
2.235 0.151820
2.240 0.149870
2.245 0.146810
2.250 0.143450
2.255 0.139870
2.260 0.135990
2.265 0.132710
2.270 0.129550
2.275 0.127150
2.280 0.125130
2.285 0.123140
2.290 0.121180
2.295 0.118980
2.300 0.116650
2.305 0.114800
2.310 0.113090
2.315 0.111700
2.320 0.110140
2.325 0.108550
2.330 0.106690
2.335 0.104810
2.340 0.103040
2.345 0.101380
2.350 0.099645
2.355 0.098518
2.360 0.096943
2.365 0.095829
2.370 0.094459
2.375 0.093005
2.380 0.091510
2.385 0.089978
2.390 0.088337
2.395 0.086911
2.400 0.085265
2.405 0.083347
2.410 0.081903
2.415 0.080495
2.420 0.078064
2.425 0.076877
2.430 0.075213
2.435 0.073802
2.440 0.072356
2.445 0.070666
2.450 0.068885
2.455 0.068838
2.460 0.067584
2.465 0.065204
2.470 0.063956
2.475 0.063380
2.480 0.062010
2.485 0.061742
2.490 0.061159
2.495 0.059658
2.500 0.059752
