0.350 0.083277
0.355 0.091605
0.360 0.099932
0.365 0.108260
0.370 0.116590
0.375 0.124920
0.380 0.133240
0.385 0.141570
0.390 0.149900
0.395 0.158230
0.400 0.166550
0.405 0.167410
0.410 0.168160
0.415 0.168040
0.420 0.171540
0.425 0.173600
0.430 0.173520
0.435 0.176650
0.440 0.177300
0.445 0.179030
0.450 0.182500
0.455 0.181110
0.460 0.183660
0.465 0.185590
0.470 0.187150
0.475 0.188940
0.480 0.188760
0.485 0.188520
0.490 0.190430
0.495 0.191920
0.500 0.192710
0.505 0.191430
0.510 0.194180
0.515 0.196140
0.520 0.195830
0.525 0.195620
0.530 0.197740
0.535 0.198420
0.540 0.200140
0.545 0.200280
0.550 0.202920
0.555 0.201530
0.560 0.206750
0.565 0.208880
0.570 0.209800
0.575 0.209440
0.580 0.211440
0.585 0.212920
0.590 0.213210
0.595 0.212430
0.600 0.216310
0.605 0.216650
0.610 0.217910
0.615 0.218650
0.620 0.218310
0.625 0.220250
0.630 0.222360
0.635 0.222590
0.640 0.225900
0.645 0.227310
0.650 0.225520
0.655 0.227640
0.660 0.228020
0.665 0.231150
0.670 0.232790
0.675 0.233110
0.680 0.235100
0.685 0.236390
0.690 0.236690
0.695 0.237580
0.700 0.238380
0.705 0.239030
0.710 0.240150
0.715 0.242650
0.720 0.243150
0.725 0.244390
0.730 0.245260
0.735 0.247120
0.740 0.247730
0.745 0.248100
0.750 0.249090
0.755 0.251180
0.760 0.253060
0.765 0.252160
0.770 0.253390
0.775 0.254880
0.780 0.255740
0.785 0.257860
0.790 0.256550
0.795 0.262060
0.800 0.264970
0.805 0.263600
0.810 0.264400
0.815 0.264000
0.820 0.264700
0.825 0.267690
0.830 0.268360
0.835 0.266730
0.840 0.268570
0.845 0.268280
0.850 0.268380
0.855 0.268480
0.860 0.268680
0.865 0.270370
0.870 0.270930
0.875 0.271310
0.880 0.271940
0.885 0.273650
0.890 0.272960
0.895 0.273440
0.900 0.272670
0.905 0.272750
0.910 0.274050
0.915 0.273520
0.920 0.274260
0.925 0.274290
0.930 0.275700
0.935 0.274810
0.940 0.274630
0.945 0.276490
0.950 0.275180
0.955 0.274740
0.960 0.275960
0.965 0.277470
0.970 0.277220
0.975 0.278140
0.980 0.279310
0.985 0.278340
0.990 0.277530
0.995 0.278380
1.000 0.277700
1.005 0.279740
1.010 0.279920
1.015 0.278990
1.020 0.279480
1.025 0.280460
1.030 0.280940
1.035 0.282530
1.040 0.282650
1.045 0.282160
1.050 0.281840
1.055 0.282790
1.060 0.283260
1.065 0.284030
1.070 0.283600
1.075 0.283380
1.080 0.285520
1.085 0.286690
1.090 0.285810
1.095 0.285940
1.100 0.286280
1.105 0.286630
1.110 0.286280
1.115 0.289550
1.120 0.289100
1.125 0.289230
1.130 0.291130
1.135 0.292390
1.140 0.293080
1.145 0.294290
1.150 0.294300
1.155 0.293050
1.160 0.293710
1.165 0.294750
1.170 0.294640
1.175 0.295910
1.180 0.296790
1.185 0.296380
1.190 0.296400
1.195 0.297800
1.200 0.297700
1.205 0.298420
1.210 0.298340
1.215 0.299700
1.220 0.299820
1.225 0.299750
1.230 0.299840
1.235 0.300230
1.240 0.299850
1.245 0.301820
1.250 0.301720
1.255 0.302770
1.260 0.304470
1.265 0.302870
1.270 0.303530
1.275 0.303970
1.280 0.303580
1.285 0.305890
1.290 0.304730
1.295 0.304360
1.300 0.304070
1.305 0.303580
1.310 0.304010
1.315 0.304090
1.320 0.304290
1.325 0.305770
1.330 0.306230
1.335 0.304170
1.340 0.303730
1.345 0.300120
1.350 0.301010
1.355 0.300620
1.360 0.300590
1.365 0.296680
1.370 0.290950
1.375 0.283050
1.380 0.275210
1.385 0.268910
1.390 0.267130
1.395 0.266300
1.400 0.263180
1.405 0.260590
1.410 0.268230
1.415 0.284760
1.420 0.293720
1.425 0.297970
1.430 0.300230
1.435 0.301720
1.440 0.303300
1.445 0.304140
1.450 0.305780
1.455 0.305900
1.460 0.305350
1.465 0.306040
1.470 0.307360
1.475 0.308660
1.480 0.310090
1.485 0.310770
1.490 0.310540
1.495 0.309670
1.500 0.311740
1.505 0.311410
1.510 0.312400
1.515 0.314850
1.520 0.314770
1.525 0.315700
1.530 0.315850
1.535 0.315130
1.540 0.316480
1.545 0.316920
1.550 0.318810
1.555 0.317880
1.560 0.318210
1.565 0.320040
1.570 0.319280
1.575 0.319360
1.580 0.320160
1.585 0.321490
1.590 0.320050
1.595 0.321610
1.600 0.321310
1.605 0.323800
1.610 0.322830
1.615 0.321720
1.620 0.323560
1.625 0.322550
1.630 0.321750
1.635 0.321600
1.640 0.324270
1.645 0.324140
1.650 0.326070
1.655 0.324690
1.660 0.322710
1.665 0.323840
1.670 0.324230
1.675 0.323030
1.680 0.325160
1.685 0.324990
1.690 0.323820
1.695 0.325190
1.700 0.324590
1.705 0.326050
1.710 0.325250
1.715 0.325690
1.720 0.323800
1.725 0.323030
1.730 0.322760
1.735 0.324390
1.740 0.326540
1.745 0.326470
1.750 0.327150
1.755 0.325620
1.760 0.324550
1.765 0.323400
1.770 0.322880
1.775 0.322670
1.780 0.322060
1.785 0.320980
1.790 0.322440
1.795 0.322910
1.800 0.320410
1.805 0.322040
1.810 0.321180
1.815 0.321550
1.820 0.321200
1.825 0.322940
1.830 0.322700
1.835 0.322170
1.840 0.321710
1.845 0.320610
1.850 0.321090
1.855 0.318780
1.860 0.316320
1.865 0.312210
1.870 0.305880
1.875 0.298750
1.880 0.288120
1.885 0.278860
1.890 0.267520
1.895 0.259170
1.900 0.252050
1.905 0.251950
1.910 0.253520
1.915 0.257050
1.920 0.259590
1.925 0.262880
1.930 0.263760
1.935 0.266510
1.940 0.268080
1.945 0.271120
1.950 0.272600
1.955 0.274590
1.960 0.275640
1.965 0.277150
1.970 0.278290
1.975 0.280270
1.980 0.281260
1.985 0.283910
1.990 0.284350
1.995 0.286540
2.000 0.289320
2.005 0.290160
2.010 0.291330
2.015 0.292080
2.020 0.293260
2.025 0.294300
2.030 0.293730
2.035 0.294100
2.040 0.293180
2.045 0.294670
2.050 0.295380
2.055 0.295450
2.060 0.292960
2.065 0.293380
2.070 0.291660
2.075 0.291650
2.080 0.291330
2.085 0.289730
2.090 0.288420
2.095 0.288690
2.100 0.287110
2.105 0.286890
2.110 0.282220
2.115 0.280080
2.120 0.280570
2.125 0.278820
2.130 0.276840
2.135 0.273090
2.140 0.266890
2.145 0.257530
2.150 0.242660
2.155 0.232720
2.160 0.223850
2.165 0.220660
2.170 0.219530
2.175 0.220350
2.180 0.219200
2.185 0.217730
2.190 0.213740
2.195 0.210020
2.200 0.205290
2.205 0.182900
2.210 0.170800
2.215 0.211690
2.220 0.231720
2.225 0.239780
2.230 0.244820
2.235 0.245870
2.240 0.245770
2.245 0.246280
2.250 0.247650
2.255 0.246980
2.260 0.246990
2.265 0.247320
2.270 0.245960
2.275 0.244220
2.280 0.242210
2.285 0.239440
2.290 0.236700
2.295 0.233820
2.300 0.231410
2.305 0.227820
2.310 0.223470
2.315 0.220450
2.320 0.218600
2.325 0.216540
2.330 0.215730
2.335 0.215930
2.340 0.214510
2.345 0.210660
2.350 0.206870
2.355 0.204110
2.360 0.203750
2.365 0.205100
2.370 0.203110
2.375 0.197860
2.380 0.193020
2.385 0.191790
2.390 0.193960
2.395 0.196060
2.400 0.199140
2.405 0.199550
2.410 0.198550
2.415 0.196940
2.420 0.194060
2.425 0.190140
2.430 0.186390
2.435 0.181800
2.440 0.177400
2.445 0.175020
2.450 0.173180
2.455 0.171530
2.460 0.170270
2.465 0.169540
2.470 0.168010
2.475 0.166550
2.480 0.164340
2.485 0.160000
2.490 0.157710
2.495 0.157260
2.500 0.156640
