0.350 0.036307
0.355 0.039937
0.360 0.043568
0.365 0.047198
0.370 0.050829
0.375 0.054460
0.380 0.058090
0.385 0.061721
0.390 0.065352
0.395 0.068982
0.400 0.072613
0.405 0.071963
0.410 0.074366
0.415 0.074732
0.420 0.076404
0.425 0.080138
0.430 0.082180
0.435 0.085580
0.440 0.088969
0.445 0.090615
0.450 0.091310
0.455 0.091265
0.460 0.093639
0.465 0.096849
0.470 0.095517
0.475 0.096819
0.480 0.102870
0.485 0.102660
0.490 0.104160
0.495 0.107290
0.500 0.109330
0.505 0.109060
0.510 0.114980
0.515 0.115050
0.520 0.116310
0.525 0.120790
0.530 0.122080
0.535 0.125950
0.540 0.133780
0.545 0.137010
0.550 0.145100
0.555 0.151830
0.560 0.158370
0.565 0.172020
0.570 0.180910
0.575 0.189280
0.580 0.202960
0.585 0.210070
0.590 0.213190
0.595 0.222140
0.600 0.227750
0.605 0.232230
0.610 0.236820
0.615 0.240410
0.620 0.248360
0.625 0.253020
0.630 0.252980
0.635 0.262670
0.640 0.259050
0.645 0.262670
0.650 0.270430
0.655 0.271780
0.660 0.277970
0.665 0.278870
0.670 0.284290
0.675 0.286080
0.680 0.291600
0.685 0.298010
0.690 0.299850
0.695 0.302680
0.700 0.311980
0.705 0.313400
0.710 0.318110
0.715 0.319920
0.720 0.325400
0.725 0.330830
0.730 0.334220
0.735 0.335660
0.740 0.341860
0.745 0.341590
0.750 0.346230
0.755 0.348800
0.760 0.349950
0.765 0.353370
0.770 0.356620
0.775 0.356960
0.780 0.357470
0.785 0.358480
0.790 0.357860
0.795 0.359220
0.800 0.361650
0.805 0.357910
0.810 0.362390
0.815 0.359940
0.820 0.363570
0.825 0.360980
0.830 0.361210
0.835 0.359380
0.840 0.360400
0.845 0.361240
0.850 0.360060
0.855 0.357550
0.860 0.358330
0.865 0.356980
0.870 0.359000
0.875 0.359270
0.880 0.358560
0.885 0.360640
0.890 0.358580
0.895 0.361000
0.900 0.364140
0.905 0.365110
0.910 0.364650
0.915 0.364530
0.920 0.368070
0.925 0.368300
0.930 0.372150
0.935 0.373310
0.940 0.374510
0.945 0.378170
0.950 0.378010
0.955 0.381120
0.960 0.383530
0.965 0.383580
0.970 0.386960
0.975 0.386190
0.980 0.389270
0.985 0.388170
0.990 0.393370
0.995 0.397110
1.000 0.397260
1.005 0.400350
1.010 0.401620
1.015 0.404430
1.020 0.402550
1.025 0.408560
1.030 0.410170
1.035 0.408850
1.040 0.413650
1.045 0.421410
1.050 0.422860
1.055 0.422110
1.060 0.424080
1.065 0.426670
1.070 0.428440
1.075 0.428020
1.080 0.425440
1.085 0.430680
1.090 0.433660
1.095 0.436230
1.100 0.438600
1.105 0.438230
1.110 0.441190
1.115 0.445210
1.120 0.444440
1.125 0.450100
1.130 0.446170
1.135 0.448000
1.140 0.453300
1.145 0.450710
1.150 0.454260
1.155 0.454930
1.160 0.457040
1.165 0.458950
1.170 0.460360
1.175 0.463700
1.180 0.465000
1.185 0.466690
1.190 0.468690
1.195 0.471850
1.200 0.473960
1.205 0.477800
1.210 0.483310
1.215 0.488150
1.220 0.485300
1.225 0.486350
1.230 0.486490
1.235 0.489290
1.240 0.485210
1.245 0.484920
1.250 0.490390
1.255 0.497110
1.260 0.500740
1.265 0.501040
1.270 0.501940
1.275 0.505240
1.280 0.505040
1.285 0.505970
1.290 0.505690
1.295 0.508380
1.300 0.509770
1.305 0.511840
1.310 0.513030
1.315 0.513800
1.320 0.512020
1.325 0.513600
1.330 0.511460
1.335 0.513140
1.340 0.512300
1.345 0.512330
1.350 0.510440
1.355 0.509300
1.360 0.515320
1.365 0.512100
1.370 0.509170
1.375 0.504640
1.380 0.503750
1.385 0.501930
1.390 0.501720
1.395 0.501180
1.400 0.497290
1.405 0.494000
1.410 0.495390
1.415 0.497920
1.420 0.498460
1.425 0.500260
1.430 0.500690
1.435 0.500590
1.440 0.502020
1.445 0.501060
1.450 0.500530
1.455 0.501720
1.460 0.501740
1.465 0.502360
1.470 0.503210
1.475 0.502990
1.480 0.506440
1.485 0.506140
1.490 0.507850
1.495 0.507720
1.500 0.507530
1.505 0.510440
1.510 0.510630
1.515 0.514860
1.520 0.511690
1.525 0.515860
1.530 0.519600
1.535 0.523210
1.540 0.520340
1.545 0.518790
1.550 0.518080
1.555 0.520170
1.560 0.519350
1.565 0.518120
1.570 0.522260
1.575 0.527100
1.580 0.524220
1.585 0.522210
1.590 0.521750
1.595 0.518360
1.600 0.518510
1.605 0.518480
1.610 0.518910
1.615 0.517950
1.620 0.520090
1.625 0.515840
1.630 0.517850
1.635 0.523000
1.640 0.523050
1.645 0.523860
1.650 0.519470
1.655 0.520530
1.660 0.520840
1.665 0.519270
1.670 0.518560
1.675 0.520300
1.680 0.519190
1.685 0.522840
1.690 0.523380
1.695 0.522340
1.700 0.519710
1.705 0.520530
1.710 0.520790
1.715 0.526520
1.720 0.525110
1.725 0.524280
1.730 0.524450
1.735 0.524900
1.740 0.524340
1.745 0.527340
1.750 0.528110
1.755 0.527620
1.760 0.524390
1.765 0.524550
1.770 0.523840
1.775 0.522280
1.780 0.522840
1.785 0.520620
1.790 0.522820
1.795 0.522890
1.800 0.522160
1.805 0.522120
1.810 0.526890
1.815 0.526440
1.820 0.526250
1.825 0.527580
1.830 0.527390
1.835 0.526440
1.840 0.528220
1.845 0.528980
1.850 0.527560
1.855 0.526530
1.860 0.521870
1.865 0.520160
1.870 0.512190
1.875 0.507060
1.880 0.500970
1.885 0.493140
1.890 0.483310
1.895 0.470450
1.900 0.461310
1.905 0.450380
1.910 0.443320
1.915 0.441420
1.920 0.443590
1.925 0.444140
1.930 0.446100
1.935 0.447320
1.940 0.453430
1.945 0.455360
1.950 0.459370
1.955 0.463330
1.960 0.464410
1.965 0.463950
1.970 0.465720
1.975 0.474730
1.980 0.475860
1.985 0.476910
1.990 0.479370
1.995 0.486140
2.000 0.489660
2.005 0.488980
2.010 0.489890
2.015 0.492390
2.020 0.491050
2.025 0.495070
2.030 0.496320
2.035 0.494570
2.040 0.498730
2.045 0.500340
2.050 0.500260
2.055 0.498990
2.060 0.499910
2.065 0.503790
2.070 0.502630
2.075 0.503330
2.080 0.506960
2.085 0.506850
2.090 0.506270
2.095 0.508430
2.100 0.507990
2.105 0.507340
2.110 0.505510
2.115 0.505820
2.120 0.505900
2.125 0.505950
2.130 0.505480
2.135 0.503950
2.140 0.504230
2.145 0.502340
2.150 0.500880
2.155 0.497600
2.160 0.494810
2.165 0.492910
2.170 0.490460
2.175 0.489250
2.180 0.487010
2.185 0.486320
2.190 0.484740
2.195 0.483990
2.200 0.481350
2.205 0.475070
2.210 0.476150
2.215 0.488810
2.220 0.492760
2.225 0.496570
2.230 0.497990
2.235 0.499180
2.240 0.498230
2.245 0.497730
2.250 0.497080
2.255 0.495070
2.260 0.493920
2.265 0.491790
2.270 0.490850
2.275 0.490000
2.280 0.489180
2.285 0.488130
2.290 0.487710
2.295 0.485340
2.300 0.482620
2.305 0.482270
2.310 0.479770
2.315 0.479450
2.320 0.480540
2.325 0.479780
2.330 0.478940
2.335 0.477200
2.340 0.478080
2.345 0.474820
2.350 0.472520
2.355 0.472500
2.360 0.471740
2.365 0.471360
2.370 0.471360
2.375 0.469070
2.380 0.467330
2.385 0.465490
2.390 0.465430
2.395 0.466060
2.400 0.465820
2.405 0.464550
2.410 0.463980
2.415 0.462050
2.420 0.458980
2.425 0.456500
2.430 0.453700
2.435 0.450930
2.440 0.448490
2.445 0.445850
2.450 0.443900
2.455 0.442280
2.460 0.439530
2.465 0.438130
2.470 0.435870
2.475 0.433620
2.480 0.431290
2.485 0.429070
2.490 0.428910
2.495 0.426350
2.500 0.426830
