0.350 0.013543
0.355 0.014897
0.360 0.016252
0.365 0.017606
0.370 0.018960
0.375 0.020314
0.380 0.021669
0.385 0.023023
0.390 0.024377
0.395 0.025732
0.400 0.027086
0.405 0.028842
0.410 0.032471
0.415 0.031545
0.420 0.034663
0.425 0.039566
0.430 0.041642
0.435 0.045048
0.440 0.048337
0.445 0.051224
0.450 0.054430
0.455 0.053048
0.460 0.058011
0.465 0.061183
0.470 0.059812
0.475 0.061134
0.480 0.067150
0.485 0.066837
0.490 0.069558
0.495 0.074078
0.500 0.073519
0.505 0.075668
0.510 0.081680
0.515 0.083030
0.520 0.084294
0.525 0.084829
0.530 0.086126
0.535 0.090027
0.540 0.091627
0.545 0.092286
0.550 0.096606
0.555 0.100860
0.560 0.101050
0.565 0.109730
0.570 0.108660
0.575 0.116560
0.580 0.116920
0.585 0.119030
0.590 0.116980
0.595 0.119490
0.600 0.124710
0.605 0.126380
0.610 0.124650
0.615 0.127870
0.620 0.134640
0.625 0.136910
0.630 0.137920
0.635 0.145020
0.640 0.143220
0.645 0.143140
0.650 0.150600
0.655 0.147130
0.660 0.152910
0.665 0.154360
0.670 0.157560
0.675 0.157110
0.680 0.162440
0.685 0.164610
0.690 0.163400
0.695 0.166550
0.700 0.170770
0.705 0.171250
0.710 0.174360
0.715 0.175620
0.720 0.179660
0.725 0.180470
0.730 0.183190
0.735 0.184450
0.740 0.185760
0.745 0.188450
0.750 0.190750
0.755 0.193260
0.760 0.193580
0.765 0.195870
0.770 0.199240
0.775 0.200660
0.780 0.203800
0.785 0.205300
0.790 0.203550
0.795 0.204840
0.800 0.212810
0.805 0.213010
0.810 0.214760
0.815 0.215850
0.820 0.219350
0.825 0.219510
0.830 0.219950
0.835 0.220710
0.840 0.223150
0.845 0.224460
0.850 0.224540
0.855 0.224020
0.860 0.226340
0.865 0.226080
0.870 0.226720
0.875 0.227620
0.880 0.229880
0.885 0.231780
0.890 0.231810
0.895 0.232780
0.900 0.234630
0.905 0.236220
0.910 0.236470
0.915 0.237750
0.920 0.240240
0.925 0.240400
0.930 0.241610
0.935 0.242720
0.940 0.242970
0.945 0.246620
0.950 0.247140
0.955 0.247550
0.960 0.249420
0.965 0.249610
0.970 0.251520
0.975 0.251200
0.980 0.251450
0.985 0.251930
0.990 0.254430
0.995 0.255500
1.000 0.257990
1.005 0.258100
1.010 0.258850
1.015 0.262220
1.020 0.261750
1.025 0.262450
1.030 0.263500
1.035 0.264080
1.040 0.265620
1.045 0.272090
1.050 0.274240
1.055 0.274460
1.060 0.271060
1.065 0.274150
1.070 0.275840
1.075 0.274050
1.080 0.271540
1.085 0.278970
1.090 0.280170
1.095 0.281710
1.100 0.281960
1.105 0.282400
1.110 0.284080
1.115 0.284300
1.120 0.284160
1.125 0.288440
1.130 0.287240
1.135 0.287190
1.140 0.289730
1.145 0.288460
1.150 0.288900
1.155 0.288270
1.160 0.290830
1.165 0.291790
1.170 0.293850
1.175 0.295450
1.180 0.297620
1.185 0.299020
1.190 0.300570
1.195 0.300450
1.200 0.301440
1.205 0.302150
1.210 0.301280
1.215 0.302870
1.220 0.304300
1.225 0.303530
1.230 0.303350
1.235 0.304580
1.240 0.306780
1.245 0.306400
1.250 0.309050
1.255 0.312640
1.260 0.312050
1.265 0.315210
1.270 0.317310
1.275 0.318500
1.280 0.317880
1.285 0.319290
1.290 0.318170
1.295 0.318410
1.300 0.319390
1.305 0.322350
1.310 0.323970
1.315 0.323970
1.320 0.324200
1.325 0.323130
1.330 0.321670
1.335 0.321710
1.340 0.320980
1.345 0.324000
1.350 0.323630
1.355 0.324770
1.360 0.325850
1.365 0.325200
1.370 0.325060
1.375 0.324800
1.380 0.324050
1.385 0.321760
1.390 0.322480
1.395 0.322380
1.400 0.320400
1.405 0.320640
1.410 0.319220
1.415 0.318530
1.420 0.320850
1.425 0.320080
1.430 0.318930
1.435 0.320340
1.440 0.322260
1.445 0.321320
1.450 0.319760
1.455 0.320150
1.460 0.322710
1.465 0.324200
1.470 0.324740
1.475 0.324900
1.480 0.327020
1.485 0.328030
1.490 0.329680
1.495 0.330540
1.500 0.326870
1.505 0.328700
1.510 0.329080
1.515 0.329770
1.520 0.330070
1.525 0.333350
1.530 0.336910
1.535 0.339690
1.540 0.336250
1.545 0.336980
1.550 0.337110
1.555 0.337070
1.560 0.337060
1.565 0.337480
1.570 0.337240
1.575 0.338760
1.580 0.341000
1.585 0.340140
1.590 0.338790
1.595 0.336870
1.600 0.336030
1.605 0.338590
1.610 0.340060
1.615 0.340510
1.620 0.341720
1.625 0.341480
1.630 0.343180
1.635 0.344910
1.640 0.343680
1.645 0.343330
1.650 0.341570
1.655 0.342150
1.660 0.341800
1.665 0.343120
1.670 0.343350
1.675 0.343510
1.680 0.343760
1.685 0.344440
1.690 0.344640
1.695 0.343820
1.700 0.342450
1.705 0.343010
1.710 0.343250
1.715 0.344570
1.720 0.345740
1.725 0.344510
1.730 0.344390
1.735 0.344850
1.740 0.347430
1.745 0.347040
1.750 0.348990
1.755 0.350410
1.760 0.345530
1.765 0.346490
1.770 0.345660
1.775 0.344780
1.780 0.345000
1.785 0.345180
1.790 0.344060
1.795 0.343560
1.800 0.344510
1.805 0.345870
1.810 0.347520
1.815 0.347760
1.820 0.347870
1.825 0.348130
1.830 0.348760
1.835 0.347860
1.840 0.346470
1.845 0.347760
1.850 0.347170
1.855 0.346010
1.860 0.344780
1.865 0.342960
1.870 0.339150
1.875 0.335740
1.880 0.328920
1.885 0.320740
1.890 0.313580
1.895 0.304940
1.900 0.294730
1.905 0.289400
1.910 0.286070
1.915 0.282570
1.920 0.284180
1.925 0.283820
1.930 0.285060
1.935 0.286470
1.940 0.291710
1.945 0.292790
1.950 0.294660
1.955 0.295490
1.960 0.297460
1.965 0.298470
1.970 0.299940
1.975 0.303490
1.980 0.303590
1.985 0.306830
1.990 0.309260
1.995 0.312870
2.000 0.315510
2.005 0.315950
2.010 0.315730
2.015 0.314930
2.020 0.316240
2.025 0.319510
2.030 0.320080
2.035 0.319930
2.040 0.320290
2.045 0.321370
2.050 0.321080
2.055 0.321860
2.060 0.320700
2.065 0.322560
2.070 0.322920
2.075 0.324150
2.080 0.324420
2.085 0.325740
2.090 0.324890
2.095 0.326460
2.100 0.325420
2.105 0.326460
2.110 0.324160
2.115 0.326790
2.120 0.327440
2.125 0.325800
2.130 0.325640
2.135 0.325620
2.140 0.325250
2.145 0.325740
2.150 0.324520
2.155 0.325130
2.160 0.324520
2.165 0.324100
2.170 0.323600
2.175 0.322660
2.180 0.322200
2.185 0.321810
2.190 0.321230
2.195 0.321100
2.200 0.320470
2.205 0.320230
2.210 0.320930
2.215 0.321690
2.220 0.322660
2.225 0.322610
2.230 0.322840
2.235 0.322710
2.240 0.323360
2.245 0.321490
2.250 0.321390
2.255 0.320800
2.260 0.320720
2.265 0.319720
2.270 0.319500
2.275 0.318720
2.280 0.318750
2.285 0.317840
2.290 0.316210
2.295 0.316840
2.300 0.315280
2.305 0.315370
2.310 0.314420
2.315 0.314780
2.320 0.315180
2.325 0.314700
2.330 0.314050
2.335 0.314270
2.340 0.313880
2.345 0.313200
2.350 0.311220
2.355 0.311770
2.360 0.312270
2.365 0.311360
2.370 0.311390
2.375 0.310550
2.380 0.310420
2.385 0.309230
2.390 0.307780
2.395 0.307460
2.400 0.306720
2.405 0.305990
2.410 0.304950
2.415 0.304420
2.420 0.302120
2.425 0.300710
2.430 0.299800
2.435 0.299120
2.440 0.296910
2.445 0.295210
2.450 0.293740
2.455 0.292290
2.460 0.291030
2.465 0.289210
2.470 0.288240
2.475 0.287300
2.480 0.285220
2.485 0.284830
2.490 0.283390
2.495 0.282040
2.500 0.282170
