0.350 0.486670
0.355 0.494400
0.360 0.496670
0.365 0.501430
0.370 0.504070
0.375 0.507480
0.380 0.509790
0.385 0.514940
0.390 0.520280
0.395 0.526250
0.400 0.531830
0.405 0.537420
0.410 0.542370
0.415 0.546480
0.420 0.549680
0.425 0.552810
0.430 0.555590
0.435 0.558440
0.440 0.561370
0.445 0.563910
0.450 0.566520
0.455 0.568380
0.460 0.570430
0.465 0.572170
0.470 0.573770
0.475 0.574830
0.480 0.576080
0.485 0.577140
0.490 0.578380
0.495 0.579600
0.500 0.580780
0.505 0.582030
0.510 0.583290
0.515 0.584650
0.520 0.586090
0.525 0.587430
0.530 0.588450
0.535 0.589300
0.540 0.590180
0.545 0.590950
0.550 0.591520
0.555 0.591990
0.560 0.592550
0.565 0.593110
0.570 0.593400
0.575 0.593650
0.580 0.593940
0.585 0.593860
0.590 0.593510
0.595 0.592470
0.600 0.591350
0.605 0.590570
0.610 0.590010
0.615 0.589650
0.620 0.588850
0.625 0.587970
0.630 0.587120
0.635 0.586180
0.640 0.585330
0.645 0.584320
0.650 0.583340
0.655 0.582350
0.660 0.581140
0.665 0.580330
0.670 0.579740
0.675 0.578980
0.680 0.578160
0.685 0.576930
0.690 0.575370
0.695 0.573270
0.700 0.570230
0.705 0.566360
0.710 0.562420
0.715 0.557800
0.720 0.552650
0.725 0.547120
0.730 0.539850
0.735 0.532100
0.740 0.527040
0.745 0.523400
0.750 0.519500
0.755 0.514900
0.760 0.509740
0.765 0.504370
0.770 0.498900
0.775 0.493720
0.780 0.488950
0.785 0.484960
0.790 0.482070
0.795 0.480350
0.800 0.479710
0.805 0.479740
0.810 0.480260
0.815 0.480730
0.820 0.480690
0.825 0.478700
0.830 0.473710
0.835 0.468900
0.840 0.464770
0.845 0.459580
0.850 0.453070
0.855 0.445470
0.860 0.436920
0.865 0.427740
0.870 0.417760
0.875 0.407200
0.880 0.396430
0.885 0.386470
0.890 0.377800
0.895 0.370550
0.900 0.364880
0.905 0.360300
0.910 0.356170
0.915 0.352300
0.920 0.347080
0.925 0.339600
0.930 0.329150
0.935 0.316250
0.940 0.301840
0.945 0.283640
0.950 0.261190
0.955 0.236960
0.960 0.217020
0.965 0.204520
0.970 0.195380
0.975 0.187270
0.980 0.179650
0.985 0.172600
0.990 0.166990
0.995 0.161850
1.000 0.157600
1.005 0.155420
1.010 0.153940
1.015 0.153560
1.020 0.154540
1.025 0.156910
1.030 0.160420
1.035 0.165290
1.040 0.171390
1.045 0.178520
1.050 0.186540
1.055 0.195130
1.060 0.203630
1.065 0.211340
1.070 0.217620
1.075 0.221770
1.080 0.223700
1.085 0.223290
1.090 0.221040
1.095 0.217340
1.100 0.212840
1.105 0.207940
1.110 0.202760
1.115 0.197320
1.120 0.190900
1.125 0.182400
1.130 0.170880
1.135 0.156050
1.140 0.139750
1.145 0.124400
1.150 0.111500
1.155 0.101360
1.160 0.093469
1.165 0.086776
1.170 0.080933
1.175 0.075657
1.180 0.070729
1.185 0.066313
1.190 0.062394
1.195 0.058946
1.200 0.056027
1.205 0.053584
1.210 0.051496
1.215 0.049829
1.220 0.048426
1.225 0.047286
1.230 0.046490
1.235 0.045897
1.240 0.045470
1.245 0.045189
1.250 0.045072
1.255 0.045199
1.260 0.045435
1.265 0.045767
1.270 0.046148
1.275 0.046556
1.280 0.046734
1.285 0.046651
1.290 0.046396
1.295 0.045820
1.300 0.045054
1.305 0.044133
1.310 0.043002
1.315 0.041705
1.320 0.040244
1.325 0.038803
1.330 0.037299
1.335 0.035783
1.340 0.034405
1.345 0.033170
1.350 0.032011
1.355 0.030978
1.360 0.029954
1.365 0.028790
1.370 0.027356
1.375 0.025635
1.380 0.023530
1.385 0.021180
1.390 0.018881
1.395 0.016742
1.400 0.014987
1.405 0.013582
1.410 0.012448
1.415 0.011460
1.420 0.010630
1.425 0.009830
1.430 0.009084
1.435 0.008400
1.440 0.007807
1.445 0.007275
1.450 0.006759
1.455 0.006397
1.460 0.006087
1.465 0.005815
1.470 0.005684
1.475 0.005511
1.480 0.005457
1.485 0.005414
1.490 0.005394
1.495 0.005397
1.500 0.005390
1.505 0.005432
1.510 0.005455
1.515 0.005494
1.520 0.005544
1.525 0.005600
1.530 0.005644
1.535 0.005720
1.540 0.005804
1.545 0.005845
1.550 0.005953
1.555 0.006032
1.560 0.006160
1.565 0.006286
1.570 0.006401
1.575 0.006517
1.580 0.006674
1.585 0.006832
1.590 0.006925
1.595 0.007028
1.600 0.007202
1.605 0.007307
1.610 0.007398
1.615 0.007527
1.620 0.007619
1.625 0.007677
1.630 0.007754
1.635 0.007847
1.640 0.007972
1.645 0.008075
1.650 0.008225
1.655 0.008341
1.660 0.008438
1.665 0.008578
1.670 0.008742
1.675 0.008846
1.680 0.009007
1.685 0.009094
1.690 0.009195
1.695 0.009359
1.700 0.009508
1.705 0.009647
1.710 0.009731
1.715 0.009853
1.720 0.009930
1.725 0.009999
1.730 0.010067
1.735 0.010123
1.740 0.010132
1.745 0.010198
1.750 0.010221
1.755 0.010197
1.760 0.010170
1.765 0.010156
1.770 0.010162
1.775 0.010268
1.780 0.010381
1.785 0.010461
1.790 0.010194
1.795 0.009022
1.800 0.009114
1.805 0.009313
1.810 0.009602
1.815 0.009890
1.820 0.010178
1.825 0.010444
1.830 0.010091
1.835 0.010255
1.840 0.009946
1.845 0.009590
1.850 0.009159
1.855 0.008801
1.860 0.008459
1.865 0.008065
1.870 0.007743
1.875 0.006737
1.880 0.006118
1.885 0.005814
1.890 0.005279
1.895 0.004765
1.900 0.004780
1.905 0.004440
1.910 0.004207
1.915 0.004237
1.920 0.004274
1.925 0.004097
1.930 0.004233
1.935 0.004098
1.940 0.003973
1.945 0.003934
1.950 0.003782
1.955 0.003930
1.960 0.004005
1.965 0.003704
1.970 0.003632
1.975 0.003861
1.980 0.003592
1.985 0.003684
1.990 0.003636
1.995 0.003590
2.000 0.003440
2.005 0.003417
2.010 0.003545
2.015 0.003441
2.020 0.003464
2.025 0.003657
2.030 0.003579
2.035 0.003542
2.040 0.003569
2.045 0.003560
2.050 0.003679
2.055 0.003897
2.060 0.003871
2.065 0.003946
2.070 0.003651
2.075 0.003785
2.080 0.003798
2.085 0.003914
2.090 0.004039
2.095 0.004195
2.100 0.004097
2.105 0.003924
2.110 0.004219
2.115 0.004122
2.120 0.004223
2.125 0.004429
2.130 0.004574
2.135 0.004593
2.140 0.004778
2.145 0.004999
2.150 0.005133
2.155 0.005075
2.160 0.005209
2.165 0.005360
2.170 0.005478
2.175 0.005220
2.180 0.005383
2.185 0.005605
2.190 0.005678
2.195 0.006034
2.200 0.006003
2.205 0.005859
2.210 0.006189
2.215 0.005958
2.220 0.005841
2.225 0.006187
2.230 0.006138
2.235 0.006388
2.240 0.006308
2.245 0.006431
2.250 0.006351
2.255 0.005946
2.260 0.006360
2.265 0.006215
2.270 0.006293
2.275 0.006578
2.280 0.006207
2.285 0.005775
2.290 0.005634
2.295 0.005588
2.300 0.005558
2.305 0.005463
2.310 0.004977
2.315 0.004205
2.320 0.004652
2.325 0.005139
2.330 0.004906
2.335 0.004962
2.340 0.004907
2.345 0.004554
2.350 0.004426
2.355 0.003956
2.360 0.003652
2.365 0.003497
2.370 0.004044
2.375 0.003680
2.380 0.003265
2.385 0.002906
2.390 0.003411
2.395 0.003317
2.400 0.002989
2.405 0.002998
2.410 0.002334
2.415 0.002674
2.420 0.002760
2.425 0.002724
2.430 0.003074
2.435 0.003160
2.440 0.003154
2.445 0.003101
2.450 0.002953
2.455 0.002926
2.460 0.002899
2.465 0.002872
2.470 0.002846
2.475 0.002819
2.480 0.002792
2.485 0.002765
2.490 0.002738
2.495 0.002711
2.500 0.002684
