0.350 0.015057
0.355 0.016562
0.360 0.018068
0.365 0.019573
0.370 0.021079
0.375 0.022585
0.380 0.024090
0.385 0.025596
0.390 0.027102
0.395 0.028607
0.400 0.030113
0.405 0.030076
0.410 0.034532
0.415 0.031970
0.420 0.033218
0.425 0.035512
0.430 0.034477
0.435 0.033827
0.440 0.034747
0.445 0.034056
0.450 0.035500
0.455 0.035249
0.460 0.035287
0.465 0.035765
0.470 0.035453
0.475 0.035960
0.480 0.035486
0.485 0.035747
0.490 0.035618
0.495 0.036581
0.500 0.037645
0.505 0.039914
0.510 0.043505
0.515 0.050194
0.520 0.061091
0.525 0.074496
0.530 0.087540
0.535 0.097221
0.540 0.102340
0.545 0.105430
0.550 0.108140
0.555 0.108920
0.560 0.105950
0.565 0.099127
0.570 0.089835
0.575 0.080433
0.580 0.073128
0.585 0.068141
0.590 0.064764
0.595 0.062728
0.600 0.061326
0.605 0.059920
0.610 0.057164
0.615 0.053921
0.620 0.051454
0.625 0.049769
0.630 0.049225
0.635 0.048227
0.640 0.045888
0.645 0.043064
0.650 0.040836
0.655 0.040029
0.660 0.039210
0.665 0.038561
0.670 0.038901
0.675 0.040571
0.680 0.043168
0.685 0.046537
0.690 0.052438
0.695 0.072646
0.700 0.117990
0.705 0.186450
0.710 0.265980
0.715 0.351920
0.720 0.439920
0.725 0.524730
0.730 0.600430
0.735 0.663190
0.740 0.711580
0.745 0.746600
0.750 0.770010
0.755 0.784730
0.760 0.793790
0.765 0.799130
0.770 0.802160
0.775 0.804150
0.780 0.805870
0.785 0.807410
0.790 0.808940
0.795 0.810380
0.800 0.811610
0.805 0.813120
0.810 0.814930
0.815 0.816240
0.820 0.817490
0.825 0.818850
0.830 0.820120
0.835 0.821200
0.840 0.822490
0.845 0.823900
0.850 0.825140
0.855 0.826450
0.860 0.827750
0.865 0.828620
0.870 0.829460
0.875 0.830510
0.880 0.831460
0.885 0.832040
0.890 0.832590
0.895 0.833430
0.900 0.834040
0.905 0.834430
0.910 0.834950
0.915 0.835410
0.920 0.835640
0.925 0.835320
0.930 0.834940
0.935 0.834090
0.940 0.832730
0.945 0.830790
0.950 0.828030
0.955 0.823930
0.960 0.820480
0.965 0.818400
0.970 0.818730
0.975 0.819130
0.980 0.820320
0.985 0.821800
0.990 0.824120
0.995 0.826460
1.000 0.828940
1.005 0.835210
1.010 0.835830
1.015 0.839050
1.020 0.842850
1.025 0.844090
1.030 0.847050
1.035 0.849790
1.040 0.850990
1.045 0.853060
1.050 0.855110
1.055 0.855980
1.060 0.857800
1.065 0.860340
1.070 0.860620
1.075 0.861580
1.080 0.862010
1.085 0.861960
1.090 0.860960
1.095 0.860160
1.100 0.860310
1.105 0.859630
1.110 0.858700
1.115 0.857750
1.120 0.855270
1.125 0.853270
1.130 0.847480
1.135 0.840060
1.140 0.831100
1.145 0.820200
1.150 0.810570
1.155 0.803440
1.160 0.798980
1.165 0.796390
1.170 0.795030
1.175 0.796260
1.180 0.794860
1.185 0.794160
1.190 0.793830
1.195 0.793480
1.200 0.794410
1.205 0.795230
1.210 0.797320
1.215 0.799900
1.220 0.802690
1.225 0.805730
1.230 0.808040
1.235 0.810750
1.240 0.813350
1.245 0.816000
1.250 0.816970
1.255 0.819310
1.260 0.819810
1.265 0.820510
1.270 0.820140
1.275 0.820540
1.280 0.818930
1.285 0.817540
1.290 0.814670
1.295 0.812240
1.300 0.807820
1.305 0.801900
1.310 0.795790
1.315 0.787420
1.320 0.777960
1.325 0.766330
1.330 0.754850
1.335 0.741660
1.340 0.730190
1.345 0.718800
1.350 0.707200
1.355 0.695760
1.360 0.683710
1.365 0.668270
1.370 0.646290
1.375 0.617060
1.380 0.575980
1.385 0.523430
1.390 0.464380
1.395 0.405730
1.400 0.354000
1.405 0.312660
1.410 0.282490
1.415 0.262740
1.420 0.249850
1.425 0.241690
1.430 0.237200
1.435 0.235420
1.440 0.235140
1.445 0.236460
1.450 0.238350
1.455 0.241410
1.460 0.245940
1.465 0.252850
1.470 0.262230
1.475 0.273360
1.480 0.285470
1.485 0.298980
1.490 0.312920
1.495 0.326870
1.500 0.340800
1.505 0.355460
1.510 0.369590
1.515 0.383730
1.520 0.397760
1.525 0.410970
1.530 0.423510
1.535 0.436240
1.540 0.448060
1.545 0.459720
1.550 0.470820
1.555 0.481270
1.560 0.491580
1.565 0.501340
1.570 0.510460
1.575 0.519430
1.580 0.528080
1.585 0.536300
1.590 0.544190
1.595 0.551320
1.600 0.558410
1.605 0.564900
1.610 0.571870
1.615 0.577630
1.620 0.583890
1.625 0.588630
1.630 0.593620
1.635 0.598090
1.640 0.602560
1.645 0.605850
1.650 0.608880
1.655 0.610410
1.660 0.610780
1.665 0.611620
1.670 0.611000
1.675 0.609630
1.680 0.607130
1.685 0.603440
1.690 0.599620
1.695 0.594510
1.700 0.589280
1.705 0.585060
1.710 0.579050
1.715 0.574260
1.720 0.569050
1.725 0.563770
1.730 0.558970
1.735 0.554990
1.740 0.549710
1.745 0.543490
1.750 0.536200
1.755 0.528570
1.760 0.521300
1.765 0.515470
1.770 0.510230
1.775 0.506050
1.780 0.503040
1.785 0.500440
1.790 0.499800
1.795 0.499470
1.800 0.499270
1.805 0.498160
1.810 0.498410
1.815 0.498180
1.820 0.497480
1.825 0.495790
1.830 0.492470
1.835 0.487200
1.840 0.479180
1.845 0.467140
1.850 0.449950
1.855 0.425970
1.860 0.393990
1.865 0.353780
1.870 0.304400
1.875 0.250380
1.880 0.197170
1.885 0.149440
1.890 0.111140
1.895 0.084057
1.900 0.067415
1.905 0.057991
1.910 0.052788
1.915 0.050274
1.920 0.049148
1.925 0.049164
1.930 0.049694
1.935 0.050946
1.940 0.052924
1.945 0.055263
1.950 0.058118
1.955 0.061644
1.960 0.065501
1.965 0.069797
1.970 0.074560
1.975 0.079705
1.980 0.085256
1.985 0.091172
1.990 0.097535
1.995 0.104090
2.000 0.110780
2.005 0.117480
2.010 0.124240
2.015 0.130920
2.020 0.137280
2.025 0.143820
2.030 0.149930
2.035 0.155700
2.040 0.161330
2.045 0.166820
2.050 0.172170
2.055 0.177640
2.060 0.183260
2.065 0.188840
2.070 0.194570
2.075 0.200310
2.080 0.206040
2.085 0.211550
2.090 0.217140
2.095 0.222480
2.100 0.228060
2.105 0.233380
2.110 0.238740
2.115 0.243810
2.120 0.248740
2.125 0.253610
2.130 0.258100
2.135 0.262240
2.140 0.265990
2.145 0.269730
2.150 0.273170
2.155 0.276470
2.160 0.279470
2.165 0.282480
2.170 0.285410
2.175 0.288400
2.180 0.291250
2.185 0.294280
2.190 0.297130
2.195 0.299690
2.200 0.301750
2.205 0.303370
2.210 0.304620
2.215 0.305060
2.220 0.305110
2.225 0.303910
2.230 0.301970
2.235 0.298580
2.240 0.293900
2.245 0.288600
2.250 0.282210
2.255 0.275200
2.260 0.267630
2.265 0.260310
2.270 0.253670
2.275 0.247570
2.280 0.241590
2.285 0.236130
2.290 0.230290
2.295 0.224610
2.300 0.218460
2.305 0.212870
2.310 0.208070
2.315 0.205150
2.320 0.202210
2.325 0.198650
2.330 0.194160
2.335 0.188980
2.340 0.183490
2.345 0.178800
2.350 0.174080
2.355 0.170550
2.360 0.166180
2.365 0.161950
2.370 0.157670
2.375 0.153240
2.380 0.148910
2.385 0.144380
2.390 0.139220
2.395 0.135250
2.400 0.130020
2.405 0.125200
2.410 0.120800
2.415 0.115930
2.420 0.111540
2.425 0.106940
2.430 0.102440
2.435 0.097641
2.440 0.092719
2.445 0.089013
2.450 0.084224
2.455 0.081007
2.460 0.077809
2.465 0.074138
2.470 0.070902
2.475 0.068589
2.480 0.067739
2.485 0.067062
2.490 0.060994
2.495 0.063511
2.500 0.060513
