0.350 0.016158
0.355 0.017773
0.360 0.019389
0.365 0.021005
0.370 0.022621
0.375 0.024236
0.380 0.025852
0.385 0.027468
0.390 0.029084
0.395 0.030699
0.400 0.032315
0.405 0.036121
0.410 0.031807
0.415 0.033985
0.420 0.031545
0.425 0.032538
0.430 0.031676
0.435 0.030806
0.440 0.029891
0.445 0.029899
0.450 0.030851
0.455 0.030398
0.460 0.031088
0.465 0.030934
0.470 0.030673
0.475 0.031212
0.480 0.030519
0.485 0.030928
0.490 0.031098
0.495 0.031405
0.500 0.033190
0.505 0.036006
0.510 0.041039
0.515 0.050767
0.520 0.065872
0.525 0.084131
0.530 0.100020
0.535 0.110880
0.540 0.116990
0.545 0.120190
0.550 0.122770
0.555 0.123210
0.560 0.119030
0.565 0.110050
0.570 0.098208
0.575 0.086029
0.580 0.076775
0.585 0.070281
0.590 0.065694
0.595 0.063130
0.600 0.061211
0.605 0.059246
0.610 0.055756
0.615 0.051722
0.620 0.048328
0.625 0.046569
0.630 0.045584
0.635 0.044514
0.640 0.041820
0.645 0.038531
0.650 0.035838
0.655 0.034847
0.660 0.033767
0.665 0.032933
0.670 0.033312
0.675 0.034515
0.680 0.036711
0.685 0.039720
0.690 0.046329
0.695 0.068662
0.700 0.115320
0.705 0.181630
0.710 0.256920
0.715 0.339100
0.720 0.424400
0.725 0.507070
0.730 0.580280
0.735 0.639540
0.740 0.684530
0.745 0.716110
0.750 0.736990
0.755 0.749870
0.760 0.757760
0.765 0.762230
0.770 0.764870
0.775 0.766570
0.780 0.768080
0.785 0.769460
0.790 0.770830
0.795 0.772240
0.800 0.773600
0.805 0.774950
0.810 0.776580
0.815 0.777970
0.820 0.779060
0.825 0.780630
0.830 0.781730
0.835 0.782610
0.840 0.784040
0.845 0.785390
0.850 0.786880
0.855 0.787940
0.860 0.789170
0.865 0.790220
0.870 0.791200
0.875 0.792220
0.880 0.792940
0.885 0.793550
0.890 0.794270
0.895 0.794990
0.900 0.795630
0.905 0.796270
0.910 0.796900
0.915 0.797250
0.920 0.797470
0.925 0.797210
0.930 0.796270
0.935 0.794640
0.940 0.792880
0.945 0.790590
0.950 0.786220
0.955 0.780740
0.960 0.776380
0.965 0.773940
0.970 0.774150
0.975 0.774810
0.980 0.776210
0.985 0.778300
0.990 0.781110
0.995 0.784370
1.000 0.787330
1.005 0.785510
1.010 0.788760
1.015 0.791930
1.020 0.795760
1.025 0.798290
1.030 0.802430
1.035 0.804460
1.040 0.805510
1.045 0.807930
1.050 0.808890
1.055 0.811660
1.060 0.813690
1.065 0.815200
1.070 0.815100
1.075 0.815250
1.080 0.817620
1.085 0.817490
1.090 0.816140
1.095 0.814950
1.100 0.815120
1.105 0.813350
1.110 0.812270
1.115 0.811200
1.120 0.809120
1.125 0.805190
1.130 0.799580
1.135 0.790760
1.140 0.777810
1.145 0.763810
1.150 0.751720
1.155 0.742550
1.160 0.737590
1.165 0.735600
1.170 0.734860
1.175 0.735640
1.180 0.734930
1.185 0.734790
1.190 0.735100
1.195 0.736590
1.200 0.737410
1.205 0.739570
1.210 0.741190
1.215 0.744080
1.220 0.746630
1.225 0.749550
1.230 0.751910
1.235 0.753580
1.240 0.756540
1.245 0.758000
1.250 0.759810
1.255 0.761240
1.260 0.762560
1.265 0.762780
1.270 0.762450
1.275 0.761950
1.280 0.760140
1.285 0.758030
1.290 0.755020
1.295 0.750900
1.300 0.745640
1.305 0.738750
1.310 0.730420
1.315 0.719800
1.320 0.709190
1.325 0.695480
1.330 0.681260
1.335 0.666870
1.340 0.652450
1.345 0.638690
1.350 0.625790
1.355 0.613310
1.360 0.599310
1.365 0.582390
1.370 0.558560
1.375 0.526510
1.380 0.482290
1.385 0.428110
1.390 0.369610
1.395 0.313250
1.400 0.265390
1.405 0.228740
1.410 0.203110
1.415 0.186570
1.420 0.176100
1.425 0.169700
1.430 0.166530
1.435 0.165440
1.440 0.165800
1.445 0.167020
1.450 0.168390
1.455 0.171360
1.460 0.175370
1.465 0.181220
1.470 0.189300
1.475 0.199100
1.480 0.209760
1.485 0.221770
1.490 0.234140
1.495 0.247180
1.500 0.260440
1.505 0.273640
1.510 0.286920
1.515 0.300730
1.520 0.313490
1.525 0.326860
1.530 0.339640
1.535 0.352110
1.540 0.364190
1.545 0.375780
1.550 0.387160
1.555 0.398250
1.560 0.408690
1.565 0.418480
1.570 0.428030
1.575 0.437210
1.580 0.446110
1.585 0.454350
1.590 0.462540
1.595 0.470150
1.600 0.477160
1.605 0.483870
1.610 0.489850
1.615 0.495790
1.620 0.500270
1.625 0.504640
1.630 0.509850
1.635 0.514830
1.640 0.519820
1.645 0.524000
1.650 0.526870
1.655 0.529130
1.660 0.530480
1.665 0.531340
1.670 0.531430
1.675 0.529410
1.680 0.527810
1.685 0.524850
1.690 0.522210
1.695 0.519940
1.700 0.516570
1.705 0.513030
1.710 0.507850
1.715 0.502940
1.720 0.497010
1.725 0.490810
1.730 0.485260
1.735 0.479510
1.740 0.472670
1.745 0.466300
1.750 0.459110
1.755 0.450990
1.760 0.443160
1.765 0.435790
1.770 0.428810
1.775 0.423720
1.780 0.420150
1.785 0.417220
1.790 0.415460
1.795 0.415280
1.800 0.414420
1.805 0.407800
1.810 0.408060
1.815 0.407530
1.820 0.406360
1.825 0.404070
1.830 0.400160
1.835 0.394460
1.840 0.385610
1.845 0.373340
1.850 0.355640
1.855 0.332060
1.860 0.301200
1.865 0.263690
1.870 0.219540
1.875 0.173070
1.880 0.130270
1.885 0.094239
1.890 0.067282
1.895 0.049603
1.900 0.039820
1.905 0.034739
1.910 0.032192
1.915 0.030870
1.920 0.030528
1.925 0.030488
1.930 0.030750
1.935 0.031416
1.940 0.032242
1.945 0.033556
1.950 0.034973
1.955 0.036751
1.960 0.038973
1.965 0.041269
1.970 0.044043
1.975 0.047078
1.980 0.050350
1.985 0.054096
1.990 0.058142
1.995 0.062338
2.000 0.066774
2.005 0.071469
2.010 0.076252
2.015 0.081119
2.020 0.086036
2.025 0.090916
2.030 0.095816
2.035 0.100510
2.040 0.105310
2.045 0.110030
2.050 0.114710
2.055 0.119420
2.060 0.124350
2.065 0.129350
2.070 0.134500
2.075 0.139600
2.080 0.144760
2.085 0.149840
2.090 0.154810
2.095 0.159850
2.100 0.164920
2.105 0.169890
2.110 0.174740
2.115 0.179560
2.120 0.184160
2.125 0.188370
2.130 0.192410
2.135 0.196270
2.140 0.199840
2.145 0.203270
2.150 0.206310
2.155 0.209260
2.160 0.211950
2.165 0.214400
2.170 0.216970
2.175 0.219240
2.180 0.221800
2.185 0.223950
2.190 0.226000
2.195 0.227930
2.200 0.229280
2.205 0.230210
2.210 0.230790
2.215 0.230780
2.220 0.230410
2.225 0.229080
2.230 0.227450
2.235 0.224810
2.240 0.221640
2.245 0.217560
2.250 0.212860
2.255 0.207520
2.260 0.201230
2.265 0.195030
2.270 0.189250
2.275 0.184540
2.280 0.181100
2.285 0.177860
2.290 0.174630
2.295 0.170300
2.300 0.165630
2.305 0.161070
2.310 0.156630
2.315 0.152330
2.320 0.148250
2.325 0.144100
2.330 0.139910
2.335 0.135910
2.340 0.131550
2.345 0.127780
2.350 0.123290
2.355 0.119810
2.360 0.115950
2.365 0.112190
2.370 0.108260
2.375 0.104480
2.380 0.100290
2.385 0.096229
2.390 0.093108
2.395 0.089335
2.400 0.085781
2.405 0.081801
2.410 0.078798
2.415 0.075150
2.420 0.072048
2.425 0.068870
2.430 0.065216
2.435 0.063123
2.440 0.060242
2.445 0.057030
2.450 0.053806
2.455 0.052283
2.460 0.048962
2.465 0.047483
2.470 0.045871
2.475 0.043574
2.480 0.041662
2.485 0.040741
2.490 0.038057
2.495 0.040707
2.500 0.038918
