0.350 0.000357
0.355 0.000393
0.360 0.000428
0.365 0.000464
0.370 0.000500
0.375 0.000536
0.380 0.000571
0.385 0.000607
0.390 0.000643
0.395 0.000678
0.400 0.000714
0.405 0.004423
0.410 0.006175
0.415 0.006521
0.420 0.010144
0.425 0.011948
0.430 0.015317
0.435 0.018997
0.440 0.020636
0.445 0.022238
0.450 0.023889
0.455 0.025823
0.460 0.028208
0.465 0.029733
0.470 0.028529
0.475 0.033060
0.480 0.033181
0.485 0.034189
0.490 0.036732
0.495 0.038292
0.500 0.041197
0.505 0.042274
0.510 0.043781
0.515 0.048013
0.520 0.050604
0.525 0.048383
0.530 0.052461
0.535 0.054301
0.540 0.057569
0.545 0.056636
0.550 0.061007
0.555 0.062250
0.560 0.066354
0.565 0.068416
0.570 0.074054
0.575 0.076004
0.580 0.077308
0.585 0.083215
0.590 0.084016
0.595 0.084132
0.600 0.086763
0.605 0.090650
0.610 0.091147
0.615 0.092268
0.620 0.096357
0.625 0.095032
0.630 0.099469
0.635 0.101610
0.640 0.101340
0.645 0.106210
0.650 0.107230
0.655 0.106600
0.660 0.109620
0.665 0.115230
0.670 0.117550
0.675 0.117350
0.680 0.118590
0.685 0.121290
0.690 0.124070
0.695 0.128180
0.700 0.130040
0.705 0.131010
0.710 0.134420
0.715 0.138580
0.720 0.143000
0.725 0.143930
0.730 0.144210
0.735 0.150860
0.740 0.151080
0.745 0.152880
0.750 0.156050
0.755 0.156290
0.760 0.156720
0.765 0.161510
0.770 0.164500
0.775 0.167060
0.780 0.167060
0.785 0.171340
0.790 0.174590
0.795 0.176400
0.800 0.182540
0.805 0.187120
0.810 0.189280
0.815 0.190130
0.820 0.190590
0.825 0.191790
0.830 0.194030
0.835 0.195060
0.840 0.195480
0.845 0.199700
0.850 0.201220
0.855 0.202720
0.860 0.202910
0.865 0.204990
0.870 0.204970
0.875 0.206290
0.880 0.208560
0.885 0.210650
0.890 0.209300
0.895 0.209510
0.900 0.211630
0.905 0.211900
0.910 0.214030
0.915 0.215710
0.920 0.217910
0.925 0.220090
0.930 0.222180
0.935 0.222240
0.940 0.222120
0.945 0.225960
0.950 0.227750
0.955 0.228340
0.960 0.231190
0.965 0.233060
0.970 0.234480
0.975 0.236590
0.980 0.236200
0.985 0.236130
0.990 0.238840
0.995 0.241620
1.000 0.242650
1.005 0.244240
1.010 0.244300
1.015 0.245950
1.020 0.250640
1.025 0.252650
1.030 0.252520
1.035 0.253430
1.040 0.253530
1.045 0.254810
1.050 0.256380
1.055 0.256950
1.060 0.259140
1.065 0.261160
1.070 0.263550
1.075 0.267770
1.080 0.267060
1.085 0.266430
1.090 0.268270
1.095 0.269340
1.100 0.271450
1.105 0.274040
1.110 0.274950
1.115 0.276290
1.120 0.276810
1.125 0.280690
1.130 0.282090
1.135 0.281140
1.140 0.281980
1.145 0.281530
1.150 0.283450
1.155 0.285540
1.160 0.285530
1.165 0.287270
1.170 0.288010
1.175 0.289460
1.180 0.292090
1.185 0.293040
1.190 0.293340
1.195 0.293800
1.200 0.296130
1.205 0.295270
1.210 0.295440
1.215 0.295490
1.220 0.299070
1.225 0.302170
1.230 0.303370
1.235 0.303840
1.240 0.302090
1.245 0.301940
1.250 0.303340
1.255 0.305720
1.260 0.306850
1.265 0.305100
1.270 0.305780
1.275 0.308050
1.280 0.313050
1.285 0.313890
1.290 0.315320
1.295 0.316500
1.300 0.317000
1.305 0.317010
1.310 0.316570
1.315 0.316790
1.320 0.319260
1.325 0.317930
1.330 0.318390
1.335 0.320170
1.340 0.320360
1.345 0.323270
1.350 0.321930
1.355 0.321040
1.360 0.322460
1.365 0.322410
1.370 0.322740
1.375 0.323180
1.380 0.321390
1.385 0.320410
1.390 0.320600
1.395 0.318360
1.400 0.313610
1.405 0.313020
1.410 0.311950
1.415 0.312750
1.420 0.313240
1.425 0.311230
1.430 0.311100
1.435 0.311860
1.440 0.312050
1.445 0.311810
1.450 0.312710
1.455 0.314010
1.460 0.315210
1.465 0.314630
1.470 0.315000
1.475 0.315220
1.480 0.315530
1.485 0.318420
1.490 0.320750
1.495 0.322560
1.500 0.324610
1.505 0.327710
1.510 0.328350
1.515 0.329040
1.520 0.329910
1.525 0.329910
1.530 0.329960
1.535 0.331570
1.540 0.335650
1.545 0.333210
1.550 0.333370
1.555 0.336450
1.560 0.338140
1.565 0.336590
1.570 0.335820
1.575 0.336370
1.580 0.337820
1.585 0.338380
1.590 0.339190
1.595 0.340070
1.600 0.341840
1.605 0.342960
1.610 0.341590
1.615 0.342820
1.620 0.342150
1.625 0.343170
1.630 0.343090
1.635 0.342320
1.640 0.342580
1.645 0.341280
1.650 0.342060
1.655 0.342680
1.660 0.340530
1.665 0.341040
1.670 0.341300
1.675 0.341470
1.680 0.346340
1.685 0.344180
1.690 0.344180
1.695 0.343840
1.700 0.347380
1.705 0.347680
1.710 0.348080
1.715 0.349200
1.720 0.347990
1.725 0.349710
1.730 0.349360
1.735 0.348560
1.740 0.350070
1.745 0.350370
1.750 0.351460
1.755 0.352180
1.760 0.352620
1.765 0.352950
1.770 0.352550
1.775 0.352330
1.780 0.354300
1.785 0.351570
1.790 0.349450
1.795 0.351660
1.800 0.358780
1.805 0.353060
1.810 0.352720
1.815 0.352110
1.820 0.353150
1.825 0.356770
1.830 0.357230
1.835 0.357050
1.840 0.357200
1.845 0.356990
1.850 0.356010
1.855 0.354490
1.860 0.349780
1.865 0.345910
1.870 0.342620
1.875 0.339040
1.880 0.333800
1.885 0.321380
1.890 0.314100
1.895 0.305510
1.900 0.291490
1.905 0.284510
1.910 0.280190
1.915 0.277580
1.920 0.276000
1.925 0.280540
1.930 0.282760
1.935 0.285050
1.940 0.288600
1.945 0.292000
1.950 0.293190
1.955 0.293780
1.960 0.296130
1.965 0.300900
1.970 0.303230
1.975 0.305750
1.980 0.310820
1.985 0.316830
1.990 0.317140
1.995 0.318500
2.000 0.320740
2.005 0.326190
2.010 0.326170
2.015 0.325610
2.020 0.323840
2.025 0.323200
2.030 0.322340
2.035 0.322030
2.040 0.323950
2.045 0.325450
2.050 0.324910
2.055 0.324440
2.060 0.323090
2.065 0.324170
2.070 0.322180
2.075 0.320530
2.080 0.319210
2.085 0.317190
2.090 0.317100
2.095 0.317550
2.100 0.316850
2.105 0.316310
2.110 0.316690
2.115 0.315500
2.120 0.314130
2.125 0.314810
2.130 0.313270
2.135 0.313110
2.140 0.313070
2.145 0.312800
2.150 0.313150
2.155 0.313870
2.160 0.314730
2.165 0.314750
2.170 0.317340
2.175 0.317600
2.180 0.317970
2.185 0.317330
2.190 0.317490
2.195 0.319180
2.200 0.316790
2.205 0.319550
2.210 0.319330
2.215 0.320260
2.220 0.319940
2.225 0.319230
2.230 0.319050
2.235 0.317250
2.240 0.315580
2.245 0.313640
2.250 0.311230
2.255 0.308790
2.260 0.305280
2.265 0.303930
2.270 0.302200
2.275 0.302990
2.280 0.302180
2.285 0.302370
2.290 0.303450
2.295 0.303140
2.300 0.303340
2.305 0.303150
2.310 0.303290
2.315 0.303140
2.320 0.303380
2.325 0.302930
2.330 0.301280
2.335 0.301040
2.340 0.301010
2.345 0.300190
2.350 0.300820
2.355 0.300960
2.360 0.300820
2.365 0.300390
2.370 0.298990
2.375 0.298380
2.380 0.297680
2.385 0.297570
2.390 0.297200
2.395 0.297420
2.400 0.296030
2.405 0.294570
2.410 0.294380
2.415 0.292910
2.420 0.291460
2.425 0.289030
2.430 0.287780
2.435 0.285100
2.440 0.283940
2.445 0.280700
2.450 0.279680
2.455 0.277670
2.460 0.274340
2.465 0.272790
2.470 0.271130
2.475 0.268580
2.480 0.266570
2.485 0.265390
2.490 0.264050
2.495 0.263120
2.500 0.261410
