0.350 0.014893
0.355 0.016383
0.360 0.017872
0.365 0.019362
0.370 0.020851
0.375 0.022340
0.380 0.023830
0.385 0.025319
0.390 0.026808
0.395 0.028298
0.400 0.029787
0.405 0.032132
0.410 0.027918
0.415 0.028139
0.420 0.029792
0.425 0.029425
0.430 0.030009
0.435 0.030591
0.440 0.032415
0.445 0.033082
0.450 0.033170
0.455 0.033389
0.460 0.033261
0.465 0.034287
0.470 0.033766
0.475 0.033564
0.480 0.033233
0.485 0.033411
0.490 0.033919
0.495 0.034062
0.500 0.035715
0.505 0.037708
0.510 0.041062
0.515 0.047895
0.520 0.058164
0.525 0.071539
0.530 0.084649
0.535 0.094298
0.540 0.099750
0.545 0.102970
0.550 0.105740
0.555 0.106290
0.560 0.102320
0.565 0.094548
0.570 0.084541
0.575 0.074286
0.580 0.066779
0.585 0.061723
0.590 0.058158
0.595 0.056289
0.600 0.055294
0.605 0.053993
0.610 0.050913
0.615 0.047314
0.620 0.044872
0.625 0.043688
0.630 0.043052
0.635 0.042450
0.640 0.040753
0.645 0.038858
0.650 0.037089
0.655 0.036052
0.660 0.034804
0.665 0.034121
0.670 0.034282
0.675 0.035592
0.680 0.037963
0.685 0.041094
0.690 0.045806
0.695 0.061760
0.700 0.100660
0.705 0.164180
0.710 0.244160
0.715 0.336380
0.720 0.435180
0.725 0.533090
0.730 0.621320
0.735 0.693650
0.740 0.749570
0.745 0.789120
0.750 0.815720
0.755 0.832380
0.760 0.842180
0.765 0.847910
0.770 0.851050
0.775 0.853090
0.780 0.854700
0.785 0.855910
0.790 0.857370
0.795 0.858580
0.800 0.859690
0.805 0.860810
0.810 0.862130
0.815 0.863690
0.820 0.864590
0.825 0.865860
0.830 0.866890
0.835 0.867900
0.840 0.868710
0.845 0.870130
0.850 0.871280
0.855 0.872540
0.860 0.873260
0.865 0.874380
0.870 0.875000
0.875 0.875650
0.880 0.876390
0.885 0.876570
0.890 0.877010
0.895 0.877270
0.900 0.877370
0.905 0.877670
0.910 0.878010
0.915 0.878030
0.920 0.877950
0.925 0.877050
0.930 0.875390
0.935 0.873090
0.940 0.870600
0.945 0.867370
0.950 0.861990
0.955 0.855280
0.960 0.849230
0.965 0.846090
0.970 0.845100
0.975 0.845300
0.980 0.846450
0.985 0.848620
0.990 0.850720
0.995 0.853690
1.000 0.856830
1.005 0.861220
1.010 0.864210
1.015 0.866970
1.020 0.871260
1.025 0.873690
1.030 0.877480
1.035 0.879670
1.040 0.881210
1.045 0.884890
1.050 0.885580
1.055 0.888360
1.060 0.888610
1.065 0.891660
1.070 0.892320
1.075 0.892550
1.080 0.893310
1.085 0.893040
1.090 0.891050
1.095 0.890080
1.100 0.890340
1.105 0.889300
1.110 0.886190
1.115 0.884940
1.120 0.880690
1.125 0.877590
1.130 0.870240
1.135 0.858860
1.140 0.843660
1.145 0.827200
1.150 0.812590
1.155 0.801650
1.160 0.795780
1.165 0.792000
1.170 0.791300
1.175 0.791190
1.180 0.790240
1.185 0.789350
1.190 0.788920
1.195 0.789670
1.200 0.791140
1.205 0.792520
1.210 0.795210
1.215 0.797550
1.220 0.800170
1.225 0.803460
1.230 0.806410
1.235 0.808370
1.240 0.810470
1.245 0.812610
1.250 0.814800
1.255 0.815600
1.260 0.817140
1.265 0.816700
1.270 0.816420
1.275 0.815850
1.280 0.813950
1.285 0.810910
1.290 0.807570
1.295 0.802330
1.300 0.796270
1.305 0.789090
1.310 0.779750
1.315 0.768680
1.320 0.755790
1.325 0.741000
1.330 0.724280
1.335 0.707360
1.340 0.691000
1.345 0.675720
1.350 0.660040
1.355 0.644890
1.360 0.629310
1.365 0.610330
1.370 0.584520
1.375 0.550240
1.380 0.503520
1.385 0.445820
1.390 0.383350
1.395 0.323840
1.400 0.272730
1.405 0.233760
1.410 0.206270
1.415 0.187950
1.420 0.176820
1.425 0.169980
1.430 0.166390
1.435 0.164620
1.440 0.164240
1.445 0.165260
1.450 0.166810
1.455 0.169370
1.460 0.172940
1.465 0.178620
1.470 0.186350
1.475 0.195720
1.480 0.206450
1.485 0.217810
1.490 0.230020
1.495 0.242580
1.500 0.255200
1.505 0.268240
1.510 0.281660
1.515 0.294800
1.520 0.307760
1.525 0.320420
1.530 0.333120
1.535 0.345030
1.540 0.357180
1.545 0.368720
1.550 0.379890
1.555 0.390520
1.560 0.400840
1.565 0.410550
1.570 0.419340
1.575 0.428210
1.580 0.436840
1.585 0.445270
1.590 0.452450
1.595 0.460100
1.600 0.467020
1.605 0.473290
1.610 0.479410
1.615 0.485120
1.620 0.490090
1.625 0.494550
1.630 0.499100
1.635 0.503440
1.640 0.506160
1.645 0.508130
1.650 0.509610
1.655 0.510820
1.660 0.511330
1.665 0.512480
1.670 0.512890
1.675 0.512270
1.680 0.509940
1.685 0.506420
1.690 0.502820
1.695 0.498540
1.700 0.494610
1.705 0.490020
1.710 0.486490
1.715 0.481460
1.720 0.476900
1.725 0.471360
1.730 0.466240
1.735 0.460920
1.740 0.455070
1.745 0.448590
1.750 0.441190
1.755 0.433280
1.760 0.426050
1.765 0.419380
1.770 0.413340
1.775 0.408200
1.780 0.404750
1.785 0.401580
1.790 0.399570
1.795 0.398760
1.800 0.398600
1.805 0.398610
1.810 0.398720
1.815 0.398150
1.820 0.397070
1.825 0.395460
1.830 0.392160
1.835 0.386780
1.840 0.378730
1.845 0.366810
1.850 0.349990
1.855 0.327490
1.860 0.298240
1.865 0.261880
1.870 0.219010
1.875 0.173250
1.880 0.130950
1.885 0.094611
1.890 0.067079
1.895 0.048781
1.900 0.038383
1.905 0.032678
1.910 0.029904
1.915 0.028552
1.920 0.028010
1.925 0.027938
1.930 0.028240
1.935 0.028949
1.940 0.029947
1.945 0.031219
1.950 0.032704
1.955 0.034479
1.960 0.036668
1.965 0.039018
1.970 0.041806
1.975 0.044746
1.980 0.047981
1.985 0.051827
1.990 0.055589
1.995 0.059775
2.000 0.064113
2.005 0.068432
2.010 0.073008
2.015 0.077485
2.020 0.082054
2.025 0.086517
2.030 0.090746
2.035 0.095106
2.040 0.099113
2.045 0.103020
2.050 0.107020
2.055 0.111060
2.060 0.115300
2.065 0.119840
2.070 0.124400
2.075 0.128830
2.080 0.133070
2.085 0.137390
2.090 0.141580
2.095 0.145550
2.100 0.149460
2.105 0.153430
2.110 0.156850
2.115 0.160320
2.120 0.163430
2.125 0.166580
2.130 0.169280
2.135 0.171840
2.140 0.174260
2.145 0.176660
2.150 0.179020
2.155 0.181130
2.160 0.183010
2.165 0.184870
2.170 0.186880
2.175 0.189040
2.180 0.191340
2.185 0.193700
2.190 0.196120
2.195 0.198400
2.200 0.200260
2.205 0.201800
2.210 0.203030
2.215 0.203890
2.220 0.204300
2.225 0.203970
2.230 0.203000
2.235 0.200960
2.240 0.198040
2.245 0.194320
2.250 0.190080
2.255 0.185390
2.260 0.180650
2.265 0.176070
2.270 0.171630
2.275 0.167550
2.280 0.163710
2.285 0.159920
2.290 0.155890
2.295 0.151750
2.300 0.147700
2.305 0.143470
2.310 0.139710
2.315 0.136470
2.320 0.133440
2.325 0.129940
2.330 0.126230
2.335 0.122440
2.340 0.118570
2.345 0.114860
2.350 0.111550
2.355 0.108450
2.360 0.105520
2.365 0.101950
2.370 0.099002
2.375 0.095476
2.380 0.091653
2.385 0.088432
2.390 0.085162
2.395 0.081262
2.400 0.077792
2.405 0.074590
2.410 0.071151
2.415 0.067966
2.420 0.064319
2.425 0.061526
2.430 0.057979
2.435 0.054779
2.440 0.052547
2.445 0.049825
2.450 0.047558
2.455 0.044258
2.460 0.042073
2.465 0.039944
2.470 0.038957
2.475 0.037147
2.480 0.036592
2.485 0.034401
2.490 0.035158
2.495 0.034071
2.500 0.034124
