0.350 0.053400
0.355 0.054108
0.360 0.055100
0.365 0.056307
0.370 0.057800
0.375 0.059674
0.380 0.062600
0.385 0.065795
0.390 0.069300
0.395 0.072515
0.400 0.075200
0.405 0.077206
0.410 0.078900
0.415 0.080685
0.420 0.083000
0.425 0.086272
0.430 0.090700
0.435 0.096697
0.440 0.103200
0.445 0.108890
0.450 0.112400
0.455 0.113920
0.460 0.114600
0.465 0.115450
0.470 0.116400
0.475 0.117850
0.480 0.119800
0.485 0.123170
0.490 0.127800
0.495 0.133470
0.500 0.140300
0.505 0.148960
0.510 0.159400
0.515 0.171280
0.520 0.184200
0.525 0.197710
0.530 0.210600
0.535 0.220780
0.540 0.226200
0.545 0.224750
0.550 0.216200
0.555 0.201960
0.560 0.185400
0.565 0.169640
0.570 0.156500
0.575 0.146000
0.580 0.138000
0.585 0.131990
0.590 0.126700
0.595 0.121690
0.600 0.116900
0.605 0.112940
0.610 0.110200
0.615 0.108730
0.620 0.108200
0.625 0.108020
0.630 0.107900
0.635 0.108190
0.640 0.109300
0.645 0.111250
0.650 0.113700
0.655 0.116850
0.660 0.120000
0.665 0.121580
0.670 0.121500
0.675 0.119810
0.680 0.117700
0.685 0.115370
0.690 0.112300
0.695 0.108760
0.700 0.105100
0.705 0.102350
0.710 0.101600
0.715 0.103290
0.720 0.107000
0.725 0.112960
0.730 0.121500
0.735 0.134640
0.740 0.156000
0.745 0.190690
0.750 0.243600
0.755 0.314150
0.760 0.392600
0.765 0.465770
0.770 0.522900
0.775 0.563280
0.780 0.590700
0.785 0.608080
0.790 0.619200
0.795 0.624540
0.800 0.626300
0.805 0.626660
0.810 0.625380
0.815 0.622920
0.820 0.619700
0.825 0.616040
0.830 0.612110
0.835 0.608030
0.840 0.603900
0.845 0.599820
0.850 0.595810
0.855 0.591860
0.860 0.588000
0.865 0.584250
0.870 0.580780
0.875 0.577790
0.880 0.575500
0.885 0.574080
0.890 0.573410
0.895 0.573300
0.900 0.573600
0.905 0.574210
0.910 0.575130
0.915 0.576410
0.920 0.578100
0.925 0.580250
0.930 0.582760
0.935 0.585480
0.940 0.588300
0.945 0.591110
0.950 0.593880
0.955 0.596550
0.960 0.599100
0.965 0.601510
0.970 0.603870
0.975 0.606330
0.980 0.609000
0.985 0.612010
0.990 0.615380
0.995 0.619100
1.000 0.623200
1.005 0.627700
1.010 0.632600
1.015 0.637890
1.020 0.643600
1.025 0.649730
1.030 0.656190
1.035 0.662870
1.040 0.669700
1.045 0.676540
1.050 0.683100
1.055 0.689050
1.060 0.694000
1.065 0.697740
1.070 0.700840
1.075 0.704010
1.080 0.708000
1.085 0.713410
1.090 0.720190
1.095 0.728220
1.100 0.737400
1.105 0.747560
1.110 0.757950
1.115 0.767700
1.120 0.775900
1.125 0.781830
1.130 0.785740
1.135 0.788050
1.140 0.789100
1.145 0.789170
1.150 0.788460
1.155 0.787130
1.160 0.785300
1.165 0.783070
1.170 0.780510
1.175 0.777640
1.180 0.774500
1.185 0.771160
1.190 0.768010
1.195 0.765490
1.200 0.764100
1.205 0.764230
1.210 0.765780
1.215 0.768580
1.220 0.772500
1.225 0.777410
1.230 0.782860
1.235 0.788390
1.240 0.793500
1.245 0.797820
1.250 0.801440
1.255 0.804550
1.260 0.807300
1.265 0.809830
1.270 0.812220
1.275 0.814590
1.280 0.817000
1.285 0.819490
1.290 0.821860
1.295 0.823860
1.300 0.825200
1.305 0.825630
1.310 0.825060
1.315 0.823390
1.320 0.820500
1.325 0.816250
1.330 0.810700
1.335 0.803950
1.340 0.796000
1.345 0.786950
1.350 0.777290
1.355 0.767650
1.360 0.758600
1.365 0.750570
1.370 0.743140
1.375 0.735720
1.380 0.727700
1.385 0.718510
1.390 0.707790
1.395 0.695150
1.400 0.680100
1.405 0.662440
1.410 0.643340
1.415 0.624300
1.420 0.606800
1.425 0.592060
1.430 0.580090
1.435 0.570660
1.440 0.563700
1.445 0.559090
1.450 0.556310
1.455 0.554780
1.460 0.554000
1.465 0.553570
1.470 0.553490
1.475 0.553830
1.480 0.554700
1.485 0.556190
1.490 0.558200
1.495 0.560610
1.500 0.563300
1.505 0.566170
1.510 0.569070
1.515 0.571800
1.520 0.574200
1.525 0.576120
1.530 0.577680
1.535 0.579020
1.540 0.580300
1.545 0.581630
1.550 0.582990
1.555 0.584360
1.560 0.585700
1.565 0.587000
1.570 0.588370
1.575 0.589990
1.580 0.592000
1.585 0.594550
1.590 0.597640
1.595 0.601220
1.600 0.605300
1.605 0.609840
1.610 0.614610
1.615 0.619350
1.620 0.623800
1.625 0.627660
1.630 0.630610
1.635 0.632270
1.640 0.632200
1.645 0.630090
1.650 0.626440
1.655 0.621880
1.660 0.617000
1.665 0.612250
1.670 0.607600
1.675 0.602900
1.680 0.598000
1.685 0.592760
1.690 0.587130
1.695 0.581060
1.700 0.574500
1.705 0.567510
1.710 0.560800
1.715 0.555220
1.720 0.551700
1.725 0.550890
1.730 0.552030
1.735 0.554100
1.740 0.556100
1.745 0.557290
1.750 0.557890
1.755 0.558340
1.760 0.559100
1.765 0.560480
1.770 0.562350
1.775 0.564460
1.780 0.566600
1.785 0.568570
1.790 0.570340
1.795 0.571920
1.800 0.573300
1.805 0.574500
1.810 0.575640
1.815 0.576890
1.820 0.578400
1.825 0.580300
1.830 0.582480
1.835 0.584830
1.840 0.587200
1.845 0.589430
1.850 0.591110
1.855 0.591770
1.860 0.590900
1.865 0.587910
1.870 0.582190
1.875 0.573010
1.880 0.559500
1.885 0.541070
1.890 0.518970
1.895 0.494810
1.900 0.470100
1.905 0.446260
1.910 0.424570
1.915 0.406390
1.920 0.393200
1.925 0.386160
1.930 0.384210
1.935 0.385970
1.940 0.390200
1.945 0.395900
1.950 0.402570
1.955 0.409880
1.960 0.417500
1.965 0.425170
1.970 0.432740
1.975 0.440060
1.980 0.447000
1.985 0.453380
1.990 0.458930
1.995 0.463360
2.000 0.466300
2.005 0.467420
2.010 0.466770
2.015 0.464400
2.020 0.460300
2.025 0.454480
2.030 0.447340
2.035 0.439310
2.040 0.430800
2.045 0.422150
2.050 0.413610
2.055 0.405380
2.060 0.397700
2.065 0.390780
2.070 0.384660
2.075 0.379380
2.080 0.375000
2.085 0.371590
2.090 0.369000
2.095 0.367080
2.100 0.365700
2.105 0.364750
2.110 0.364170
2.115 0.363900
2.120 0.363900
2.125 0.364170
2.130 0.364840
2.135 0.366050
2.140 0.368000
2.145 0.370830
2.150 0.374430
2.155 0.378630
2.160 0.383300
2.165 0.388310
2.170 0.393380
2.175 0.398210
2.180 0.402500
2.185 0.405990
2.190 0.408730
2.195 0.410810
2.200 0.412300
2.205 0.413130
2.210 0.412790
2.215 0.410600
2.220 0.405800
2.225 0.397880
2.230 0.387710
2.235 0.376390
2.240 0.365000
2.245 0.354370
2.250 0.344420
2.255 0.334870
2.260 0.325440
2.265 0.315960
2.270 0.306610
2.275 0.297620
2.280 0.289290
2.285 0.281890
2.290 0.275660
2.295 0.270860
2.300 0.267830
2.305 0.266750
2.310 0.266970
2.315 0.267650
2.320 0.267980
2.325 0.267370
2.330 0.266080
2.335 0.264540
2.340 0.263200
2.345 0.262390
2.350 0.262070
2.355 0.262090
2.360 0.262340
2.365 0.262720
2.370 0.263230
2.375 0.263890
2.380 0.264740
2.385 0.265760
2.390 0.266800
2.395 0.267630
2.400 0.268060
2.405 0.267880
2.410 0.266990
2.415 0.265320
2.420 0.262730
2.425 0.259150
2.430 0.254810
2.435 0.250010
2.440 0.245010
2.445 0.240030
2.450 0.235130
2.455 0.230340
2.460 0.225690
2.465 0.221240
2.470 0.217220
2.475 0.213900
2.480 0.211570
2.485 0.210480
2.490 0.210410
2.495 0.211080
2.500 0.212260
