0.350 0.028143
0.355 0.030957
0.360 0.033772
0.365 0.036586
0.370 0.039400
0.375 0.042214
0.380 0.045029
0.385 0.047843
0.390 0.050657
0.395 0.053472
0.400 0.056286
0.405 0.055155
0.410 0.060047
0.415 0.067443
0.420 0.075032
0.425 0.080413
0.430 0.086000
0.435 0.091086
0.440 0.094347
0.445 0.096953
0.450 0.100390
0.455 0.103660
0.460 0.104260
0.465 0.106280
0.470 0.105750
0.475 0.106250
0.480 0.107280
0.485 0.107780
0.490 0.109060
0.495 0.110560
0.500 0.113710
0.505 0.118640
0.510 0.125100
0.515 0.135370
0.520 0.147920
0.525 0.162560
0.530 0.176220
0.535 0.185420
0.540 0.190980
0.545 0.194010
0.550 0.196160
0.555 0.196600
0.560 0.193420
0.565 0.186640
0.570 0.176970
0.575 0.167090
0.580 0.159210
0.585 0.153590
0.590 0.149530
0.595 0.146880
0.600 0.145040
0.605 0.144370
0.610 0.141060
0.615 0.136860
0.620 0.132760
0.625 0.130210
0.630 0.129610
0.635 0.128710
0.640 0.125680
0.645 0.121510
0.650 0.117950
0.655 0.115710
0.660 0.112610
0.665 0.109570
0.670 0.107570
0.675 0.107570
0.680 0.109010
0.685 0.113300
0.690 0.122390
0.695 0.141230
0.700 0.172770
0.705 0.215500
0.710 0.266070
0.715 0.325980
0.720 0.394880
0.725 0.469920
0.730 0.544130
0.735 0.610950
0.740 0.665550
0.745 0.706810
0.750 0.735400
0.755 0.754390
0.760 0.765540
0.765 0.773040
0.770 0.777300
0.775 0.780220
0.780 0.781920
0.785 0.783480
0.790 0.784300
0.795 0.785470
0.800 0.786400
0.805 0.787160
0.810 0.787940
0.815 0.789190
0.820 0.789770
0.825 0.791250
0.830 0.792300
0.835 0.793370
0.840 0.795010
0.845 0.796730
0.850 0.798160
0.855 0.799560
0.860 0.800970
0.865 0.801750
0.870 0.802440
0.875 0.803350
0.880 0.803890
0.885 0.804080
0.890 0.804560
0.895 0.804730
0.900 0.805040
0.905 0.805380
0.910 0.805070
0.915 0.804810
0.920 0.804680
0.925 0.803760
0.930 0.801790
0.935 0.798990
0.940 0.796490
0.945 0.792730
0.950 0.787350
0.955 0.780490
0.960 0.774750
0.965 0.771350
0.970 0.771320
0.975 0.771380
0.980 0.772290
0.985 0.773980
0.990 0.776790
0.995 0.779960
1.000 0.782490
1.005 0.782250
1.010 0.787370
1.015 0.789350
1.020 0.791790
1.025 0.793890
1.030 0.797830
1.035 0.803160
1.040 0.805440
1.045 0.806650
1.050 0.808350
1.055 0.809280
1.060 0.811820
1.065 0.811770
1.070 0.814720
1.075 0.814810
1.080 0.815940
1.085 0.815460
1.090 0.814060
1.095 0.812880
1.100 0.812830
1.105 0.810220
1.110 0.807790
1.115 0.806270
1.120 0.804070
1.125 0.799320
1.130 0.791780
1.135 0.781190
1.140 0.766600
1.145 0.750770
1.150 0.737180
1.155 0.727600
1.160 0.721040
1.165 0.719190
1.170 0.718640
1.175 0.718430
1.180 0.717970
1.185 0.717540
1.190 0.717620
1.195 0.717580
1.200 0.718040
1.205 0.719440
1.210 0.720820
1.215 0.723090
1.220 0.725520
1.225 0.727210
1.230 0.730010
1.235 0.732730
1.240 0.735320
1.245 0.737690
1.250 0.739520
1.255 0.740150
1.260 0.741150
1.265 0.741910
1.270 0.741920
1.275 0.740760
1.280 0.738620
1.285 0.736460
1.290 0.733130
1.295 0.729360
1.300 0.723550
1.305 0.716090
1.310 0.707490
1.315 0.697020
1.320 0.684230
1.325 0.669670
1.330 0.655190
1.335 0.639680
1.340 0.623750
1.345 0.610020
1.350 0.595970
1.355 0.582600
1.360 0.567230
1.365 0.549730
1.370 0.525550
1.375 0.493900
1.380 0.451830
1.385 0.400510
1.390 0.346040
1.395 0.294270
1.400 0.250850
1.405 0.217630
1.410 0.194760
1.415 0.180040
1.420 0.170520
1.425 0.165390
1.430 0.162630
1.435 0.161770
1.440 0.162000
1.445 0.162830
1.450 0.164550
1.455 0.166500
1.460 0.169830
1.465 0.174960
1.470 0.181920
1.475 0.190050
1.480 0.199120
1.485 0.209340
1.490 0.220160
1.495 0.231350
1.500 0.242660
1.505 0.254040
1.510 0.265960
1.515 0.278110
1.520 0.290060
1.525 0.301450
1.530 0.313250
1.535 0.324370
1.540 0.335020
1.545 0.345680
1.550 0.355770
1.555 0.365670
1.560 0.374930
1.565 0.383760
1.570 0.392110
1.575 0.400480
1.580 0.408210
1.585 0.415980
1.590 0.423390
1.595 0.430980
1.600 0.438410
1.605 0.445510
1.610 0.451660
1.615 0.457510
1.620 0.463550
1.625 0.469100
1.630 0.473360
1.635 0.477490
1.640 0.481210
1.645 0.484660
1.650 0.486910
1.655 0.488320
1.660 0.488690
1.665 0.488480
1.670 0.488230
1.675 0.487090
1.680 0.485670
1.685 0.483100
1.690 0.480900
1.695 0.477910
1.700 0.474980
1.705 0.471820
1.710 0.466980
1.715 0.462310
1.720 0.457580
1.725 0.453300
1.730 0.448250
1.735 0.443330
1.740 0.437290
1.745 0.430830
1.750 0.424070
1.755 0.415890
1.760 0.408140
1.765 0.400700
1.770 0.394330
1.775 0.388990
1.780 0.384970
1.785 0.381500
1.790 0.379840
1.795 0.378700
1.800 0.378360
1.805 0.376310
1.810 0.375750
1.815 0.375160
1.820 0.373520
1.825 0.371370
1.830 0.367790
1.835 0.362670
1.840 0.354260
1.845 0.342730
1.850 0.326530
1.855 0.304730
1.860 0.277010
1.865 0.243480
1.870 0.204440
1.875 0.163840
1.880 0.127020
1.885 0.096212
1.890 0.073027
1.895 0.057402
1.900 0.048278
1.905 0.043145
1.910 0.040430
1.915 0.039197
1.920 0.038674
1.925 0.038702
1.930 0.039037
1.935 0.039887
1.940 0.040964
1.945 0.042442
1.950 0.043970
1.955 0.045865
1.960 0.047989
1.965 0.050390
1.970 0.053200
1.975 0.056054
1.980 0.059193
1.985 0.062732
1.990 0.066389
1.995 0.070128
2.000 0.074145
2.005 0.078409
2.010 0.082515
2.015 0.086578
2.020 0.090914
2.025 0.095040
2.030 0.098920
2.035 0.102800
2.040 0.106560
2.045 0.110410
2.050 0.113870
2.055 0.117460
2.060 0.121010
2.065 0.124780
2.070 0.128540
2.075 0.132190
2.080 0.136120
2.085 0.139890
2.090 0.143890
2.095 0.147800
2.100 0.151630
2.105 0.155220
2.110 0.159000
2.115 0.162580
2.120 0.166080
2.125 0.169570
2.130 0.172900
2.135 0.176190
2.140 0.179320
2.145 0.182310
2.150 0.185060
2.155 0.187730
2.160 0.190180
2.165 0.192320
2.170 0.194500
2.175 0.196670
2.180 0.198610
2.185 0.200280
2.190 0.201860
2.195 0.203130
2.200 0.204050
2.205 0.204790
2.210 0.204860
2.215 0.204670
2.220 0.203600
2.225 0.201740
2.230 0.198920
2.235 0.195240
2.240 0.190730
2.245 0.186120
2.250 0.181680
2.255 0.177020
2.260 0.172760
2.265 0.168790
2.270 0.164940
2.275 0.161950
2.280 0.159050
2.285 0.156300
2.290 0.152940
2.295 0.149450
2.300 0.144880
2.305 0.140660
2.310 0.136080
2.315 0.133120
2.320 0.129780
2.325 0.126900
2.330 0.123130
2.335 0.120130
2.340 0.116900
2.345 0.113790
2.350 0.110830
2.355 0.107970
2.360 0.105140
2.365 0.102410
2.370 0.099706
2.375 0.097053
2.380 0.093827
2.385 0.091070
2.390 0.088469
2.395 0.085199
2.400 0.082595
2.405 0.079671
2.410 0.077037
2.415 0.074183
2.420 0.071387
2.425 0.069191
2.430 0.065584
2.435 0.063291
2.440 0.061022
2.445 0.057879
2.450 0.056825
2.455 0.053319
2.460 0.051912
2.465 0.049008
2.470 0.049107
2.475 0.046893
2.480 0.045488
2.485 0.043153
2.490 0.042094
2.495 0.039328
2.500 0.042617
