0.350 0.017774
0.355 0.019552
0.360 0.021329
0.365 0.023107
0.370 0.024884
0.375 0.026662
0.380 0.028439
0.385 0.030217
0.390 0.031994
0.395 0.033772
0.400 0.035549
0.405 0.034766
0.410 0.032581
0.415 0.032842
0.420 0.033920
0.425 0.032878
0.430 0.033526
0.435 0.034139
0.440 0.035953
0.445 0.036170
0.450 0.035930
0.455 0.035942
0.460 0.036427
0.465 0.037300
0.470 0.036666
0.475 0.036207
0.480 0.036442
0.485 0.037108
0.490 0.037300
0.495 0.038102
0.500 0.040710
0.505 0.043996
0.510 0.050545
0.515 0.061534
0.520 0.076537
0.525 0.093532
0.530 0.108260
0.535 0.118230
0.540 0.123620
0.545 0.126720
0.550 0.129390
0.555 0.129850
0.560 0.126220
0.565 0.118340
0.570 0.107880
0.575 0.096912
0.580 0.088488
0.585 0.082441
0.590 0.077929
0.595 0.075215
0.600 0.073622
0.605 0.071656
0.610 0.068023
0.615 0.063879
0.620 0.060465
0.625 0.058646
0.630 0.057601
0.635 0.056385
0.640 0.052834
0.645 0.048645
0.650 0.045128
0.655 0.043525
0.660 0.041824
0.665 0.040374
0.670 0.040139
0.675 0.041343
0.680 0.043798
0.685 0.048188
0.690 0.059129
0.695 0.090510
0.700 0.144910
0.705 0.212960
0.710 0.285290
0.715 0.360370
0.720 0.435690
0.725 0.506730
0.730 0.568270
0.735 0.617520
0.740 0.654920
0.745 0.680900
0.750 0.697930
0.755 0.708450
0.760 0.714640
0.765 0.718150
0.770 0.720160
0.775 0.721680
0.780 0.723110
0.785 0.724230
0.790 0.725760
0.795 0.727110
0.800 0.728340
0.805 0.729510
0.810 0.730990
0.815 0.732570
0.820 0.733470
0.825 0.734890
0.830 0.736050
0.835 0.737100
0.840 0.738120
0.845 0.739670
0.850 0.741030
0.855 0.742460
0.860 0.743440
0.865 0.744710
0.870 0.745620
0.875 0.746570
0.880 0.747600
0.885 0.748010
0.890 0.748530
0.895 0.749110
0.900 0.749580
0.905 0.750070
0.910 0.750420
0.915 0.750780
0.920 0.750910
0.925 0.750270
0.930 0.748990
0.935 0.747150
0.940 0.744920
0.945 0.741910
0.950 0.736860
0.955 0.730590
0.960 0.725110
0.965 0.722030
0.970 0.721260
0.975 0.721530
0.980 0.722770
0.985 0.724840
0.990 0.727310
0.995 0.730360
1.000 0.733530
1.005 0.742580
1.010 0.745810
1.015 0.748370
1.020 0.753020
1.025 0.754540
1.030 0.758680
1.035 0.762130
1.040 0.764360
1.045 0.768290
1.050 0.770330
1.055 0.772310
1.060 0.773160
1.065 0.775660
1.070 0.777530
1.075 0.777570
1.080 0.779190
1.085 0.778280
1.090 0.777940
1.095 0.777050
1.100 0.776310
1.105 0.775470
1.110 0.772190
1.115 0.771240
1.120 0.767890
1.125 0.763950
1.130 0.756870
1.135 0.746090
1.140 0.731160
1.145 0.714710
1.150 0.700550
1.155 0.690190
1.160 0.684440
1.165 0.680660
1.170 0.679310
1.175 0.678690
1.180 0.677390
1.185 0.676770
1.190 0.675630
1.195 0.675890
1.200 0.676970
1.205 0.678100
1.210 0.680370
1.215 0.682760
1.220 0.685420
1.225 0.688640
1.230 0.691560
1.235 0.694680
1.240 0.697050
1.245 0.699490
1.250 0.702080
1.255 0.703410
1.260 0.704850
1.265 0.704850
1.270 0.705030
1.275 0.704960
1.280 0.703850
1.285 0.700960
1.290 0.698020
1.295 0.693340
1.300 0.687730
1.305 0.680270
1.310 0.671540
1.315 0.661070
1.320 0.649020
1.325 0.634860
1.330 0.619260
1.335 0.603550
1.340 0.589060
1.345 0.575320
1.350 0.561630
1.355 0.548740
1.360 0.535330
1.365 0.518880
1.370 0.496600
1.375 0.468290
1.380 0.430200
1.385 0.383570
1.390 0.333930
1.395 0.286700
1.400 0.246740
1.405 0.216070
1.410 0.194160
1.415 0.179450
1.420 0.170180
1.425 0.164180
1.430 0.160730
1.435 0.158670
1.440 0.158410
1.445 0.158990
1.450 0.160170
1.455 0.161720
1.460 0.164400
1.465 0.168800
1.470 0.174470
1.475 0.181160
1.480 0.189030
1.485 0.197770
1.490 0.206700
1.495 0.215920
1.500 0.225470
1.505 0.235600
1.510 0.245500
1.515 0.255270
1.520 0.265210
1.525 0.274860
1.530 0.284310
1.535 0.293540
1.540 0.302580
1.545 0.311320
1.550 0.319720
1.555 0.328080
1.560 0.336020
1.565 0.343930
1.570 0.350960
1.575 0.358200
1.580 0.364910
1.585 0.371840
1.590 0.378150
1.595 0.385250
1.600 0.391580
1.605 0.397840
1.610 0.404100
1.615 0.409730
1.620 0.414800
1.625 0.419480
1.630 0.424490
1.635 0.428770
1.640 0.432530
1.645 0.435330
1.650 0.437600
1.655 0.439280
1.660 0.439700
1.665 0.439820
1.670 0.440070
1.675 0.439550
1.680 0.437590
1.685 0.435520
1.690 0.432610
1.695 0.429730
1.700 0.426290
1.705 0.422200
1.710 0.417650
1.715 0.412780
1.720 0.408390
1.725 0.403650
1.730 0.399790
1.735 0.395460
1.740 0.390910
1.745 0.385710
1.750 0.379650
1.755 0.372790
1.760 0.366890
1.765 0.361710
1.770 0.356460
1.775 0.352900
1.780 0.349780
1.785 0.347620
1.790 0.346170
1.795 0.346180
1.800 0.345980
1.805 0.341760
1.810 0.342030
1.815 0.341800
1.820 0.341110
1.825 0.340070
1.830 0.337690
1.835 0.333960
1.840 0.327820
1.845 0.318630
1.850 0.305430
1.855 0.287650
1.860 0.264640
1.865 0.236260
1.870 0.202660
1.875 0.166580
1.880 0.132150
1.885 0.102410
1.890 0.078717
1.895 0.062226
1.900 0.052213
1.905 0.046446
1.910 0.043455
1.915 0.041763
1.920 0.041087
1.925 0.040991
1.930 0.041272
1.935 0.041967
1.940 0.042971
1.945 0.044276
1.950 0.045724
1.955 0.047548
1.960 0.049603
1.965 0.051949
1.970 0.054601
1.975 0.057457
1.980 0.060494
1.985 0.063829
1.990 0.067337
1.995 0.070964
2.000 0.074662
2.005 0.078521
2.010 0.082415
2.015 0.086198
2.020 0.089855
2.025 0.093490
2.030 0.096882
2.035 0.100190
2.040 0.103430
2.045 0.106200
2.050 0.109090
2.055 0.111970
2.060 0.115000
2.065 0.118010
2.070 0.121000
2.075 0.123950
2.080 0.126960
2.085 0.130070
2.090 0.133020
2.095 0.136050
2.100 0.139050
2.105 0.142050
2.110 0.145010
2.115 0.147930
2.120 0.150920
2.125 0.153780
2.130 0.156620
2.135 0.159290
2.140 0.161810
2.145 0.164280
2.150 0.166700
2.155 0.169030
2.160 0.171030
2.165 0.173250
2.170 0.175050
2.175 0.177180
2.180 0.179090
2.185 0.180990
2.190 0.182990
2.195 0.184590
2.200 0.186110
2.205 0.187170
2.210 0.187780
2.215 0.188140
2.220 0.187810
2.225 0.186840
2.230 0.185070
2.235 0.182250
2.240 0.178720
2.245 0.174880
2.250 0.170600
2.255 0.166390
2.260 0.161520
2.265 0.157220
2.270 0.153270
2.275 0.150030
2.280 0.147220
2.285 0.144710
2.290 0.141640
2.295 0.138310
2.300 0.134800
2.305 0.131160
2.310 0.127750
2.315 0.125080
2.320 0.122790
2.325 0.120160
2.330 0.117570
2.335 0.114380
2.340 0.111290
2.345 0.108630
2.350 0.106250
2.355 0.103690
2.360 0.101520
2.365 0.099371
2.370 0.096803
2.375 0.094404
2.380 0.091852
2.385 0.089619
2.390 0.087151
2.395 0.084732
2.400 0.081914
2.405 0.078895
2.410 0.077058
2.415 0.074293
2.420 0.071795
2.425 0.068958
2.430 0.066123
2.435 0.063288
2.440 0.061619
2.445 0.058989
2.450 0.056646
2.455 0.054975
2.460 0.052369
2.465 0.050855
2.470 0.048421
2.475 0.047865
2.480 0.045665
2.485 0.045371
2.490 0.045224
2.495 0.045487
2.500 0.043855
