0.350 0.017962
0.355 0.019758
0.360 0.021554
0.365 0.023350
0.370 0.025146
0.375 0.026942
0.380 0.028738
0.385 0.030535
0.390 0.032331
0.395 0.034127
0.400 0.035923
0.405 0.031074
0.410 0.034449
0.415 0.032528
0.420 0.033871
0.425 0.032942
0.430 0.033632
0.435 0.034195
0.440 0.035047
0.445 0.034624
0.450 0.036167
0.455 0.036211
0.460 0.036204
0.465 0.036581
0.470 0.037484
0.475 0.036405
0.480 0.037551
0.485 0.037036
0.490 0.037738
0.495 0.038470
0.500 0.039807
0.505 0.043314
0.510 0.048952
0.515 0.059249
0.520 0.074045
0.525 0.093133
0.530 0.110900
0.535 0.123570
0.540 0.131440
0.545 0.135530
0.550 0.138880
0.555 0.139420
0.560 0.134550
0.565 0.124960
0.570 0.112060
0.575 0.099075
0.580 0.088917
0.585 0.081764
0.590 0.077122
0.595 0.074235
0.600 0.072427
0.605 0.070381
0.610 0.066160
0.615 0.061683
0.620 0.058027
0.625 0.055952
0.630 0.055220
0.635 0.054139
0.640 0.051253
0.645 0.047476
0.650 0.044421
0.655 0.042676
0.660 0.040760
0.665 0.038993
0.670 0.038394
0.675 0.039027
0.680 0.040707
0.685 0.043855
0.690 0.052132
0.695 0.078369
0.700 0.132900
0.705 0.209810
0.710 0.296810
0.715 0.389610
0.720 0.483700
0.725 0.572010
0.730 0.647850
0.735 0.707780
0.740 0.752390
0.745 0.783490
0.750 0.804250
0.755 0.817320
0.760 0.825120
0.765 0.830240
0.770 0.832850
0.775 0.835040
0.780 0.836750
0.785 0.838290
0.790 0.839420
0.795 0.840880
0.800 0.842380
0.805 0.843640
0.810 0.844930
0.815 0.846400
0.820 0.847630
0.825 0.849080
0.830 0.850290
0.835 0.851490
0.840 0.852850
0.845 0.854490
0.850 0.856040
0.855 0.857160
0.860 0.858400
0.865 0.859810
0.870 0.860810
0.875 0.861440
0.880 0.862490
0.885 0.863150
0.890 0.863820
0.895 0.864630
0.900 0.865110
0.905 0.865810
0.910 0.865970
0.915 0.866450
0.920 0.866490
0.925 0.866190
0.930 0.865250
0.935 0.863610
0.940 0.861550
0.945 0.858760
0.950 0.853900
0.955 0.848100
0.960 0.843250
0.965 0.839960
0.970 0.840060
0.975 0.840560
0.980 0.841540
0.985 0.843820
0.990 0.846300
0.995 0.849200
1.000 0.852550
1.005 0.846670
1.010 0.853060
1.015 0.853400
1.020 0.856400
1.025 0.860490
1.030 0.864770
1.035 0.866600
1.040 0.869480
1.045 0.871680
1.050 0.875890
1.055 0.877900
1.060 0.878120
1.065 0.879610
1.070 0.878880
1.075 0.881430
1.080 0.883100
1.085 0.883700
1.090 0.882720
1.095 0.881660
1.100 0.880090
1.105 0.880630
1.110 0.877500
1.115 0.875580
1.120 0.873790
1.125 0.869900
1.130 0.861990
1.135 0.852450
1.140 0.839690
1.145 0.825700
1.150 0.812220
1.155 0.802150
1.160 0.797230
1.165 0.793060
1.170 0.791450
1.175 0.790970
1.180 0.789370
1.185 0.788610
1.190 0.787740
1.195 0.787920
1.200 0.788640
1.205 0.790240
1.210 0.792940
1.215 0.796240
1.220 0.799180
1.225 0.801990
1.230 0.805140
1.235 0.807430
1.240 0.809520
1.245 0.812230
1.250 0.813530
1.255 0.814800
1.260 0.815720
1.265 0.815890
1.270 0.815990
1.275 0.815900
1.280 0.814410
1.285 0.811690
1.290 0.808010
1.295 0.803850
1.300 0.799140
1.305 0.792080
1.310 0.783600
1.315 0.773270
1.320 0.761170
1.325 0.747350
1.330 0.732570
1.335 0.717250
1.340 0.702240
1.345 0.687920
1.350 0.674050
1.355 0.661400
1.360 0.646620
1.365 0.629360
1.370 0.605380
1.375 0.573490
1.380 0.529500
1.385 0.474670
1.390 0.414580
1.395 0.356130
1.400 0.304580
1.405 0.264570
1.410 0.235780
1.415 0.216300
1.420 0.203650
1.425 0.195720
1.430 0.190740
1.435 0.188490
1.440 0.187920
1.445 0.188030
1.450 0.189260
1.455 0.191430
1.460 0.194750
1.465 0.200420
1.470 0.207950
1.475 0.216980
1.480 0.227290
1.485 0.238490
1.490 0.250480
1.495 0.262820
1.500 0.275300
1.505 0.288240
1.510 0.300990
1.515 0.313850
1.520 0.326550
1.525 0.338950
1.530 0.351020
1.535 0.362870
1.540 0.374420
1.545 0.385330
1.550 0.395830
1.555 0.406130
1.560 0.415890
1.565 0.425470
1.570 0.435200
1.575 0.443820
1.580 0.452070
1.585 0.460520
1.590 0.468410
1.595 0.475930
1.600 0.483140
1.605 0.490040
1.610 0.496230
1.615 0.502140
1.620 0.507630
1.625 0.513110
1.630 0.517760
1.635 0.521530
1.640 0.524080
1.645 0.525680
1.650 0.526570
1.655 0.526590
1.660 0.526980
1.665 0.526630
1.670 0.526250
1.675 0.525260
1.680 0.523740
1.685 0.521220
1.690 0.517330
1.695 0.513470
1.700 0.509270
1.705 0.504270
1.710 0.499960
1.715 0.495610
1.720 0.491800
1.725 0.487600
1.730 0.482740
1.735 0.478420
1.740 0.472660
1.745 0.466750
1.750 0.459860
1.755 0.452870
1.760 0.445960
1.765 0.440780
1.770 0.435590
1.775 0.431400
1.780 0.427990
1.785 0.426270
1.790 0.425970
1.795 0.425810
1.800 0.426530
1.805 0.431910
1.810 0.432660
1.815 0.432840
1.820 0.432200
1.825 0.430610
1.830 0.427640
1.835 0.422700
1.840 0.414760
1.845 0.403220
1.850 0.386270
1.855 0.363190
1.860 0.333080
1.865 0.296250
1.870 0.251680
1.875 0.203380
1.880 0.158110
1.885 0.118490
1.890 0.087483
1.895 0.066091
1.900 0.053298
1.905 0.046022
1.910 0.042294
1.915 0.040233
1.920 0.039346
1.925 0.039122
1.930 0.039394
1.935 0.040194
1.940 0.041287
1.945 0.042789
1.950 0.044610
1.955 0.046732
1.960 0.049368
1.965 0.052186
1.970 0.055308
1.975 0.058782
1.980 0.062678
1.985 0.066815
1.990 0.071243
1.995 0.075797
2.000 0.080646
2.005 0.085283
2.010 0.090286
2.015 0.095337
2.020 0.100150
2.025 0.104790
2.030 0.109490
2.035 0.113880
2.040 0.118140
2.045 0.122340
2.050 0.126410
2.055 0.130710
2.060 0.135110
2.065 0.139480
2.070 0.144080
2.075 0.148590
2.080 0.152960
2.085 0.157460
2.090 0.161850
2.095 0.166090
2.100 0.170060
2.105 0.174060
2.110 0.178040
2.115 0.181790
2.120 0.185370
2.125 0.188710
2.130 0.191950
2.135 0.194850
2.140 0.197720
2.145 0.200350
2.150 0.203100
2.155 0.205760
2.160 0.208410
2.165 0.211470
2.170 0.214290
2.175 0.217230
2.180 0.219870
2.185 0.222550
2.190 0.225110
2.195 0.227610
2.200 0.229320
2.205 0.230690
2.210 0.231440
2.215 0.231720
2.220 0.231400
2.225 0.230140
2.230 0.228280
2.235 0.225420
2.240 0.221500
2.245 0.216970
2.250 0.212600
2.255 0.207240
2.260 0.201890
2.265 0.196810
2.270 0.191760
2.275 0.186860
2.280 0.182100
2.285 0.177850
2.290 0.173490
2.295 0.168860
2.300 0.163780
2.305 0.159380
2.310 0.155910
2.315 0.152940
2.320 0.150050
2.325 0.146850
2.330 0.143810
2.335 0.140100
2.340 0.136520
2.345 0.132940
2.350 0.129700
2.355 0.126190
2.360 0.123420
2.365 0.120250
2.370 0.116910
2.375 0.114180
2.380 0.110410
2.385 0.107550
2.390 0.103830
2.395 0.099680
2.400 0.095950
2.405 0.093443
2.410 0.089542
2.415 0.086051
2.420 0.082376
2.425 0.078707
2.430 0.076378
2.435 0.072300
2.440 0.070041
2.445 0.066814
2.450 0.064040
2.455 0.061380
2.460 0.059039
2.465 0.055840
2.470 0.054740
2.475 0.054377
2.480 0.049910
2.485 0.049880
2.490 0.046906
2.495 0.049518
2.500 0.048542
