0.350 0.022111
0.355 0.024322
0.360 0.026533
0.365 0.028744
0.370 0.030955
0.375 0.033167
0.380 0.035378
0.385 0.037589
0.390 0.039800
0.395 0.042011
0.400 0.044222
0.405 0.052135
0.410 0.061177
0.415 0.071067
0.420 0.079037
0.425 0.086281
0.430 0.091138
0.435 0.094907
0.440 0.097318
0.445 0.099244
0.450 0.100770
0.455 0.101790
0.460 0.102490
0.465 0.103790
0.470 0.104250
0.475 0.104780
0.480 0.105060
0.485 0.105390
0.490 0.105200
0.495 0.106240
0.500 0.106950
0.505 0.107980
0.510 0.110420
0.515 0.115340
0.520 0.123340
0.525 0.133490
0.530 0.143000
0.535 0.149340
0.540 0.153270
0.545 0.154780
0.550 0.156420
0.555 0.156820
0.560 0.153760
0.565 0.149480
0.570 0.142210
0.575 0.135150
0.580 0.129870
0.585 0.126640
0.590 0.124840
0.595 0.124280
0.600 0.123920
0.605 0.121900
0.610 0.120120
0.615 0.118480
0.620 0.116130
0.625 0.115660
0.630 0.115530
0.635 0.114740
0.640 0.113840
0.645 0.112160
0.650 0.111740
0.655 0.111100
0.660 0.109910
0.665 0.108740
0.670 0.108250
0.675 0.108680
0.680 0.108470
0.685 0.108510
0.690 0.111280
0.695 0.121350
0.700 0.145880
0.705 0.184740
0.710 0.232380
0.715 0.286850
0.720 0.350080
0.725 0.418800
0.730 0.486160
0.735 0.546100
0.740 0.595120
0.745 0.632210
0.750 0.658480
0.755 0.676090
0.760 0.687360
0.765 0.693320
0.770 0.698190
0.775 0.702200
0.780 0.703860
0.785 0.704680
0.790 0.706510
0.795 0.706990
0.800 0.707040
0.805 0.707490
0.810 0.709000
0.815 0.709800
0.820 0.709790
0.825 0.710270
0.830 0.711240
0.835 0.711870
0.840 0.711700
0.845 0.713310
0.850 0.716920
0.855 0.718880
0.860 0.719050
0.865 0.718350
0.870 0.717930
0.875 0.718900
0.880 0.720350
0.885 0.720400
0.890 0.718790
0.895 0.717570
0.900 0.717700
0.905 0.717570
0.910 0.716160
0.915 0.714270
0.920 0.712640
0.925 0.712340
0.930 0.713540
0.935 0.712760
0.940 0.708990
0.945 0.704640
0.950 0.700260
0.955 0.696000
0.960 0.692870
0.965 0.690620
0.970 0.688740
0.975 0.688090
0.980 0.688010
0.985 0.687260
0.990 0.686960
0.995 0.688550
1.000 0.690920
1.005 0.692080
1.010 0.692410
1.015 0.694810
1.020 0.697500
1.025 0.700780
1.030 0.704150
1.035 0.703450
1.040 0.705400
1.045 0.706450
1.050 0.707770
1.055 0.709640
1.060 0.709860
1.065 0.708840
1.070 0.710770
1.075 0.711370
1.080 0.709600
1.085 0.708540
1.090 0.708680
1.095 0.707830
1.100 0.707390
1.105 0.706370
1.110 0.704320
1.115 0.703740
1.120 0.701050
1.125 0.699080
1.130 0.693820
1.135 0.687510
1.140 0.675970
1.145 0.663430
1.150 0.651890
1.155 0.642120
1.160 0.635300
1.165 0.631680
1.170 0.630650
1.175 0.627700
1.180 0.624630
1.185 0.624400
1.190 0.623900
1.195 0.622040
1.200 0.621600
1.205 0.621450
1.210 0.622380
1.215 0.624000
1.220 0.625280
1.225 0.626950
1.230 0.630090
1.235 0.631480
1.240 0.632580
1.245 0.635790
1.250 0.635560
1.255 0.636770
1.260 0.638110
1.265 0.638570
1.270 0.637740
1.275 0.638450
1.280 0.636190
1.285 0.634530
1.290 0.632650
1.295 0.630250
1.300 0.625430
1.305 0.621100
1.310 0.615030
1.315 0.609300
1.320 0.599530
1.325 0.589630
1.330 0.579450
1.335 0.568100
1.340 0.556820
1.345 0.545930
1.350 0.535680
1.355 0.528450
1.360 0.520100
1.365 0.510060
1.370 0.498980
1.375 0.481290
1.380 0.458150
1.385 0.423610
1.390 0.385940
1.395 0.347560
1.400 0.309280
1.405 0.278760
1.410 0.255960
1.415 0.240780
1.420 0.229890
1.425 0.221740
1.430 0.215350
1.435 0.210740
1.440 0.207200
1.445 0.205200
1.450 0.203780
1.455 0.204580
1.460 0.204130
1.465 0.206690
1.470 0.209040
1.475 0.212530
1.480 0.219190
1.485 0.224240
1.490 0.230780
1.495 0.237220
1.500 0.244140
1.505 0.251520
1.510 0.260020
1.515 0.267180
1.520 0.276190
1.525 0.284550
1.530 0.291800
1.535 0.299800
1.540 0.307400
1.545 0.315080
1.550 0.322790
1.555 0.329700
1.560 0.335980
1.565 0.342040
1.570 0.347760
1.575 0.353880
1.580 0.360060
1.585 0.365790
1.590 0.370810
1.595 0.375590
1.600 0.380590
1.605 0.385630
1.610 0.389670
1.615 0.393340
1.620 0.397180
1.625 0.400980
1.630 0.403750
1.635 0.406170
1.640 0.409150
1.645 0.412350
1.650 0.414940
1.655 0.416840
1.660 0.418160
1.665 0.417050
1.670 0.415690
1.675 0.415790
1.680 0.414170
1.685 0.411750
1.690 0.410270
1.695 0.409410
1.700 0.408360
1.705 0.406100
1.710 0.402970
1.715 0.399260
1.720 0.395150
1.725 0.391430
1.730 0.388770
1.735 0.386980
1.740 0.385280
1.745 0.382510
1.750 0.378150
1.755 0.372550
1.760 0.367310
1.765 0.363220
1.770 0.360480
1.775 0.358140
1.780 0.356850
1.785 0.357830
1.790 0.357370
1.795 0.354690
1.800 0.353910
1.805 0.354680
1.810 0.355510
1.815 0.355840
1.820 0.355300
1.825 0.354670
1.830 0.354570
1.835 0.353910
1.840 0.351240
1.845 0.346070
1.850 0.337370
1.855 0.325840
1.860 0.311140
1.865 0.292120
1.870 0.266560
1.875 0.237240
1.880 0.206410
1.885 0.177100
1.890 0.152640
1.895 0.133720
1.900 0.122050
1.905 0.114830
1.910 0.110430
1.915 0.107720
1.920 0.106280
1.925 0.105240
1.930 0.104020
1.935 0.103060
1.940 0.103010
1.945 0.103940
1.950 0.106000
1.955 0.108220
1.960 0.109710
1.965 0.110850
1.970 0.112100
1.975 0.113820
1.980 0.116390
1.985 0.119350
1.990 0.122310
1.995 0.125090
2.000 0.127630
2.005 0.130510
2.010 0.134240
2.015 0.137560
2.020 0.139270
2.025 0.141070
2.030 0.144620
2.035 0.148130
2.040 0.149830
2.045 0.151360
2.050 0.154450
2.055 0.157970
2.060 0.160740
2.065 0.163300
2.070 0.166270
2.075 0.169320
2.080 0.172160
2.085 0.175330
2.090 0.179360
2.095 0.183230
2.100 0.185990
2.105 0.188860
2.110 0.193010
2.115 0.196830
2.120 0.198680
2.125 0.200260
2.130 0.203200
2.135 0.206230
2.140 0.208040
2.145 0.209920
2.150 0.213100
2.155 0.215940
2.160 0.216620
2.165 0.216280
2.170 0.216150
2.175 0.217030
2.180 0.219750
2.185 0.223160
2.190 0.226150
2.195 0.228120
2.200 0.228430
2.205 0.228140
2.210 0.228200
2.215 0.228940
2.220 0.230460
2.225 0.231050
2.230 0.228960
2.235 0.226390
2.240 0.225200
2.245 0.222760
2.250 0.216460
2.255 0.211130
2.260 0.211540
2.265 0.212620
2.270 0.209170
2.275 0.204020
2.280 0.200240
2.285 0.198310
2.290 0.198330
2.295 0.197020
2.300 0.191140
2.305 0.183850
2.310 0.178490
2.315 0.175900
2.320 0.176810
2.325 0.177840
2.330 0.175790
2.335 0.172220
2.340 0.168690
2.345 0.165220
2.350 0.161780
2.355 0.159220
2.360 0.158440
2.365 0.157790
2.370 0.155690
2.375 0.153080
2.380 0.151000
2.385 0.149360
2.390 0.148120
2.395 0.146950
2.400 0.145370
2.405 0.142900
2.410 0.139970
2.415 0.136990
2.420 0.134270
2.425 0.131900
2.430 0.129700
2.435 0.127570
2.440 0.125540
2.445 0.123630
2.450 0.121800
2.455 0.119990
2.460 0.118200
2.465 0.116450
2.470 0.114750
2.475 0.113090
2.480 0.111470
2.485 0.109890
2.490 0.108420
2.495 0.107240
2.500 0.106670
