0.350 0.050385
0.355 0.055423
0.360 0.060462
0.365 0.065500
0.370 0.070539
0.375 0.075577
0.380 0.080616
0.385 0.085654
0.390 0.090693
0.395 0.095731
0.400 0.100770
0.405 0.113310
0.410 0.122960
0.415 0.135510
0.420 0.147150
0.425 0.160820
0.430 0.168990
0.435 0.183470
0.440 0.189930
0.445 0.194610
0.450 0.202060
0.455 0.207660
0.460 0.224790
0.465 0.231610
0.470 0.240830
0.475 0.245960
0.480 0.250230
0.485 0.258920
0.490 0.262390
0.495 0.271360
0.500 0.275660
0.505 0.285330
0.510 0.289390
0.515 0.295760
0.520 0.298160
0.525 0.302540
0.530 0.307750
0.535 0.312190
0.540 0.308620
0.545 0.313020
0.550 0.314170
0.555 0.315260
0.560 0.319800
0.565 0.320710
0.570 0.321350
0.575 0.322360
0.580 0.322260
0.585 0.320630
0.590 0.318750
0.595 0.314930
0.600 0.315430
0.605 0.310380
0.610 0.313550
0.615 0.313540
0.620 0.308430
0.625 0.309690
0.630 0.306650
0.635 0.304330
0.640 0.303910
0.645 0.305960
0.650 0.300470
0.655 0.299370
0.660 0.298030
0.665 0.297830
0.670 0.298940
0.675 0.295220
0.680 0.294480
0.685 0.294130
0.690 0.295340
0.695 0.290100
0.700 0.290120
0.705 0.289360
0.710 0.289980
0.715 0.289290
0.720 0.288770
0.725 0.287360
0.730 0.285050
0.735 0.288650
0.740 0.286390
0.745 0.286000
0.750 0.286510
0.755 0.286330
0.760 0.284380
0.765 0.285680
0.770 0.284770
0.775 0.285760
0.780 0.283490
0.785 0.283780
0.790 0.283560
0.795 0.280490
0.800 0.279200
0.805 0.272080
0.810 0.267280
0.815 0.269370
0.820 0.271880
0.825 0.268140
0.830 0.258340
0.835 0.261360
0.840 0.261370
0.845 0.258710
0.850 0.254420
0.855 0.252620
0.860 0.251090
0.865 0.248740
0.870 0.248270
0.875 0.247560
0.880 0.246870
0.885 0.245420
0.890 0.245150
0.895 0.245170
0.900 0.243960
0.905 0.246010
0.910 0.245430
0.915 0.245800
0.920 0.248030
0.925 0.247720
0.930 0.247890
0.935 0.249200
0.940 0.249790
0.945 0.249480
0.950 0.250290
0.955 0.253570
0.960 0.251290
0.965 0.254900
0.970 0.251460
0.975 0.253480
0.980 0.254390
0.985 0.253480
0.990 0.253920
0.995 0.256090
1.000 0.253520
1.005 0.254640
1.010 0.254290
1.015 0.253230
1.020 0.252810
1.025 0.255840
1.030 0.257720
1.035 0.259140
1.040 0.258790
1.045 0.259130
1.050 0.257100
1.055 0.260200
1.060 0.255510
1.065 0.255300
1.070 0.253090
1.075 0.255800
1.080 0.259990
1.085 0.263560
1.090 0.263280
1.095 0.262400
1.100 0.262780
1.105 0.264320
1.110 0.263880
1.115 0.268780
1.120 0.271840
1.125 0.272260
1.130 0.273250
1.135 0.274150
1.140 0.278160
1.145 0.281850
1.150 0.283730
1.155 0.285590
1.160 0.287540
1.165 0.291220
1.170 0.294320
1.175 0.297160
1.180 0.300330
1.185 0.302290
1.190 0.306500
1.195 0.310690
1.200 0.314430
1.205 0.315930
1.210 0.319160
1.215 0.322610
1.220 0.327280
1.225 0.330570
1.230 0.334240
1.235 0.335870
1.240 0.336840
1.245 0.340870
1.250 0.345830
1.255 0.347550
1.260 0.350180
1.265 0.353080
1.270 0.355960
1.275 0.358610
1.280 0.361540
1.285 0.363700
1.290 0.368010
1.295 0.371100
1.300 0.373520
1.305 0.374700
1.310 0.377150
1.315 0.378640
1.320 0.381170
1.325 0.384840
1.330 0.386720
1.335 0.389590
1.340 0.390980
1.345 0.393890
1.350 0.395560
1.355 0.396040
1.360 0.397410
1.365 0.396480
1.370 0.398240
1.375 0.391750
1.380 0.377930
1.385 0.360460
1.390 0.355330
1.395 0.363970
1.400 0.376910
1.405 0.391250
1.410 0.398800
1.415 0.403180
1.420 0.404580
1.425 0.406810
1.430 0.408360
1.435 0.408470
1.440 0.410470
1.445 0.410470
1.450 0.412310
1.455 0.413590
1.460 0.413590
1.465 0.413590
1.470 0.414380
1.475 0.415770
1.480 0.418320
1.485 0.419370
1.490 0.418810
1.495 0.418650
1.500 0.415530
1.505 0.416190
1.510 0.416390
1.515 0.415500
1.520 0.418930
1.525 0.420490
1.530 0.422690
1.535 0.423070
1.540 0.424890
1.545 0.423820
1.550 0.424330
1.555 0.423740
1.560 0.424020
1.565 0.424650
1.570 0.427030
1.575 0.426900
1.580 0.429000
1.585 0.430640
1.590 0.432260
1.595 0.433160
1.600 0.433490
1.605 0.436350
1.610 0.438230
1.615 0.434270
1.620 0.435300
1.625 0.435810
1.630 0.437580
1.635 0.439150
1.640 0.442670
1.645 0.442350
1.650 0.446330
1.655 0.444930
1.660 0.447260
1.665 0.443850
1.670 0.447250
1.675 0.447120
1.680 0.446520
1.685 0.449690
1.690 0.449020
1.695 0.451280
1.700 0.449380
1.705 0.447790
1.710 0.448040
1.715 0.448220
1.720 0.449070
1.725 0.447950
1.730 0.446810
1.735 0.447400
1.740 0.453480
1.745 0.455490
1.750 0.456300
1.755 0.454960
1.760 0.455830
1.765 0.455440
1.770 0.455460
1.775 0.453320
1.780 0.453900
1.785 0.452490
1.790 0.453470
1.795 0.453230
1.800 0.452780
1.805 0.454020
1.810 0.456350
1.815 0.453580
1.820 0.450330
1.825 0.450850
1.830 0.451660
1.835 0.452440
1.840 0.450060
1.845 0.447900
1.850 0.449710
1.855 0.449080
1.860 0.449040
1.865 0.447700
1.870 0.445560
1.875 0.440480
1.880 0.441410
1.885 0.442670
1.890 0.441540
1.895 0.437510
1.900 0.436220
1.905 0.436880
1.910 0.437310
1.915 0.438780
1.920 0.438940
1.925 0.438860
1.930 0.440070
1.935 0.436950
1.940 0.434840
1.945 0.435250
1.950 0.435690
1.955 0.435890
1.960 0.435290
1.965 0.434110
1.970 0.434500
1.975 0.431760
1.980 0.430890
1.985 0.429640
1.990 0.427510
1.995 0.427610
2.000 0.434080
2.005 0.435970
2.010 0.439660
2.015 0.441860
2.020 0.439300
2.025 0.441650
2.030 0.445660
2.035 0.447890
2.040 0.444940
2.045 0.442300
2.050 0.444920
2.055 0.445770
2.060 0.449340
2.065 0.449070
2.070 0.448990
2.075 0.449010
2.080 0.450970
2.085 0.450950
2.090 0.449780
2.095 0.448430
2.100 0.446260
2.105 0.442380
2.110 0.435010
2.115 0.430090
2.120 0.427830
2.125 0.428340
2.130 0.427940
2.135 0.429250
2.140 0.430870
2.145 0.431380
2.150 0.430820
2.155 0.429820
2.160 0.428620
2.165 0.427080
2.170 0.424430
2.175 0.420940
2.180 0.415700
2.185 0.409750
2.190 0.402170
2.195 0.392500
2.200 0.382980
2.205 0.375430
2.210 0.367490
2.215 0.356680
2.220 0.346120
2.225 0.337260
2.230 0.329490
2.235 0.318170
2.240 0.297630
2.245 0.271790
2.250 0.252100
2.255 0.245310
2.260 0.248740
2.265 0.258600
2.270 0.267300
2.275 0.270810
2.280 0.267830
2.285 0.261040
2.290 0.249380
2.295 0.231820
2.300 0.218680
2.305 0.210880
2.310 0.201900
2.315 0.192800
2.320 0.183150
2.325 0.175680
2.330 0.171530
2.335 0.167380
2.340 0.163520
2.345 0.161810
2.350 0.162050
2.355 0.166600
2.360 0.177720
2.365 0.195190
2.370 0.214940
2.375 0.230380
2.380 0.237570
2.385 0.238110
2.390 0.240580
2.395 0.245610
2.400 0.254230
2.405 0.263580
2.410 0.271540
2.415 0.276830
2.420 0.279470
2.425 0.281960
2.430 0.282320
2.435 0.281410
2.440 0.277700
2.445 0.274950
2.450 0.271850
2.455 0.267610
2.460 0.262820
2.465 0.259300
2.470 0.256480
2.475 0.253440
2.480 0.250810
2.485 0.249520
2.490 0.248260
2.495 0.247010
2.500 0.245990
