0.350 0.031200
0.355 0.031447
0.360 0.031600
0.365 0.031850
0.370 0.032100
0.375 0.032240
0.380 0.033000
0.385 0.033402
0.390 0.033800
0.395 0.034100
0.400 0.034400
0.405 0.034747
0.410 0.035000
0.415 0.035300
0.420 0.035600
0.425 0.035963
0.430 0.036300
0.435 0.036601
0.440 0.036900
0.445 0.037260
0.450 0.037500
0.455 0.037719
0.460 0.037600
0.465 0.037555
0.470 0.037700
0.475 0.037853
0.480 0.038100
0.485 0.038708
0.490 0.039100
0.495 0.039168
0.500 0.038900
0.505 0.038844
0.510 0.039100
0.515 0.039450
0.520 0.039800
0.525 0.039944
0.530 0.040300
0.535 0.040453
0.540 0.040700
0.545 0.040947
0.550 0.041100
0.555 0.041347
0.560 0.041500
0.565 0.041747
0.570 0.041900
0.575 0.042109
0.580 0.042200
0.585 0.042347
0.590 0.042400
0.595 0.042550
0.600 0.042700
0.605 0.042800
0.610 0.042900
0.615 0.042986
0.620 0.043100
0.625 0.043246
0.630 0.043300
0.635 0.043387
0.640 0.043500
0.645 0.043599
0.650 0.043700
0.655 0.043787
0.660 0.043900
0.665 0.044046
0.670 0.044100
0.675 0.044250
0.680 0.044400
0.685 0.044454
0.690 0.044600
0.695 0.044760
0.700 0.044800
0.705 0.044947
0.710 0.045000
0.715 0.045090
0.720 0.045300
0.725 0.045353
0.730 0.045500
0.735 0.045550
0.740 0.045600
0.745 0.045750
0.750 0.045900
0.755 0.045890
0.760 0.046000
0.765 0.046086
0.770 0.046200
0.775 0.046300
0.780 0.046400
0.785 0.046510
0.790 0.046500
0.795 0.046647
0.800 0.046700
0.805 0.046757
0.810 0.046853
0.815 0.046973
0.820 0.047100
0.825 0.047220
0.830 0.047319
0.835 0.047385
0.840 0.047400
0.845 0.047365
0.850 0.047346
0.855 0.047428
0.860 0.047700
0.865 0.048217
0.870 0.048869
0.875 0.049512
0.880 0.050000
0.885 0.050224
0.890 0.050250
0.895 0.050176
0.900 0.050100
0.905 0.050094
0.910 0.050147
0.915 0.050226
0.920 0.050300
0.925 0.050347
0.930 0.050371
0.935 0.050385
0.940 0.050400
0.945 0.050425
0.950 0.050464
0.955 0.050521
0.960 0.050600
0.965 0.050701
0.970 0.050813
0.975 0.050918
0.980 0.051000
0.985 0.051049
0.990 0.051083
0.995 0.051125
1.000 0.051200
1.005 0.051325
1.010 0.051482
1.015 0.051649
1.020 0.051800
1.025 0.051918
1.030 0.052003
1.035 0.052062
1.040 0.052100
1.045 0.052121
1.050 0.052137
1.055 0.052159
1.060 0.052200
1.065 0.052268
1.070 0.052351
1.075 0.052433
1.080 0.052500
1.085 0.052541
1.090 0.052572
1.095 0.052617
1.100 0.052700
1.105 0.052836
1.110 0.053002
1.115 0.053167
1.120 0.053300
1.125 0.053377
1.130 0.053408
1.135 0.053411
1.140 0.053400
1.145 0.053392
1.150 0.053407
1.155 0.053468
1.160 0.053600
1.165 0.053814
1.170 0.054062
1.175 0.054279
1.180 0.054400
1.185 0.054379
1.190 0.054262
1.195 0.054115
1.200 0.054000
1.205 0.053968
1.210 0.054006
1.215 0.054091
1.220 0.054200
1.225 0.054315
1.230 0.054425
1.235 0.054523
1.240 0.054600
1.245 0.054649
1.250 0.054677
1.255 0.054691
1.260 0.054700
1.265 0.054710
1.270 0.054727
1.275 0.054755
1.280 0.054800
1.285 0.054865
1.290 0.054942
1.295 0.055024
1.300 0.055100
1.305 0.055164
1.310 0.055217
1.315 0.055261
1.320 0.055300
1.325 0.055334
1.330 0.055363
1.335 0.055386
1.340 0.055400
1.345 0.055406
1.350 0.055416
1.355 0.055442
1.360 0.055500
1.365 0.055598
1.370 0.055716
1.375 0.055826
1.380 0.055900
1.385 0.055919
1.390 0.055905
1.395 0.055889
1.400 0.055900
1.405 0.055960
1.410 0.056049
1.415 0.056139
1.420 0.056200
1.425 0.056214
1.430 0.056199
1.435 0.056185
1.440 0.056200
1.445 0.056266
1.450 0.056368
1.455 0.056486
1.460 0.056600
1.465 0.056694
1.470 0.056770
1.475 0.056837
1.480 0.056900
1.485 0.056964
1.490 0.057023
1.495 0.057071
1.500 0.057100
1.505 0.057104
1.510 0.057096
1.515 0.057089
1.520 0.057100
1.525 0.057138
1.530 0.057194
1.535 0.057252
1.540 0.057300
1.545 0.057327
1.550 0.057343
1.555 0.057363
1.560 0.057400
1.565 0.057465
1.570 0.057547
1.575 0.057631
1.580 0.057700
1.585 0.057745
1.590 0.057781
1.595 0.057826
1.600 0.057900
1.605 0.058015
1.610 0.058145
1.615 0.058252
1.620 0.058300
1.625 0.058265
1.630 0.058184
1.635 0.058112
1.640 0.058100
1.645 0.058185
1.650 0.058332
1.655 0.058487
1.660 0.058600
1.665 0.058633
1.670 0.058615
1.675 0.058589
1.680 0.058600
1.685 0.058678
1.690 0.058807
1.695 0.058956
1.700 0.059100
1.705 0.059216
1.710 0.059302
1.715 0.059363
1.720 0.059400
1.725 0.059415
1.730 0.059415
1.735 0.059408
1.740 0.059400
1.745 0.059397
1.750 0.059397
1.755 0.059399
1.760 0.059400
1.765 0.059401
1.770 0.059410
1.775 0.059438
1.780 0.059500
1.785 0.059601
1.790 0.059720
1.795 0.059829
1.800 0.059900
1.805 0.059913
1.810 0.059884
1.815 0.059838
1.820 0.059800
1.825 0.059787
1.830 0.059792
1.835 0.059800
1.840 0.059800
1.845 0.059782
1.850 0.059763
1.855 0.059761
1.860 0.059800
1.865 0.059892
1.870 0.060012
1.875 0.060126
1.880 0.060200
1.885 0.060210
1.890 0.060177
1.895 0.060130
1.900 0.060100
1.905 0.060109
1.910 0.060152
1.915 0.060219
1.920 0.060300
1.925 0.060388
1.930 0.060483
1.935 0.060587
1.940 0.060700
1.945 0.060823
1.950 0.060941
1.955 0.061040
1.960 0.061100
1.965 0.061110
1.970 0.061085
1.975 0.061042
1.980 0.061000
1.985 0.060976
1.990 0.060978
1.995 0.061016
2.000 0.061100
2.005 0.061233
2.010 0.061386
2.015 0.061521
2.020 0.061600
2.025 0.061598
2.030 0.061549
2.035 0.061500
2.040 0.061500
2.045 0.061582
2.050 0.061719
2.055 0.061871
2.060 0.062000
2.065 0.062075
2.070 0.062105
2.075 0.062108
2.080 0.062100
2.085 0.062095
2.090 0.062104
2.095 0.062136
2.100 0.062200
2.105 0.062302
2.110 0.062422
2.115 0.062530
2.120 0.062600
2.125 0.062611
2.130 0.062582
2.135 0.062537
2.140 0.062500
2.145 0.062492
2.150 0.062510
2.155 0.062547
2.160 0.062600
2.165 0.062662
2.170 0.062723
2.175 0.062772
2.180 0.062800
2.185 0.062799
2.190 0.062785
2.195 0.062778
2.200 0.062800
2.205 0.062863
2.210 0.062942
2.215 0.062999
2.220 0.063000
2.225 0.062925
2.230 0.062831
2.235 0.062796
2.240 0.062900
2.245 0.063195
2.250 0.063603
2.255 0.064018
2.260 0.064332
2.265 0.064455
2.270 0.064368
2.275 0.064063
2.280 0.063521
2.285 0.062751
2.290 0.061905
2.295 0.061173
2.300 0.060746
2.305 0.060754
2.310 0.061028
2.315 0.061330
2.320 0.061425
2.325 0.061158
2.330 0.060708
2.335 0.060339
2.340 0.060313
2.345 0.060828
2.350 0.061765
2.355 0.062939
2.360 0.064179
2.365 0.065322
2.370 0.066231
2.375 0.066767
2.380 0.066770
2.385 0.066138
2.390 0.065070
2.395 0.063825
2.400 0.062653
2.405 0.061759
2.410 0.061162
2.415 0.060844
2.420 0.060803
2.425 0.061018
2.430 0.061360
2.435 0.061676
2.440 0.061811
2.445 0.061660
2.450 0.061333
2.455 0.060989
2.460 0.060787
2.465 0.060852
2.470 0.061157
2.475 0.061647
2.480 0.062275
2.485 0.062983
2.490 0.063642
2.495 0.064102
2.500 0.064202
