0.350 0.000797
0.355 0.000876
0.360 0.000956
0.365 0.001035
0.370 0.001115
0.375 0.001195
0.380 0.001274
0.385 0.001354
0.390 0.001434
0.395 0.001513
0.400 0.001593
0.405 0.004423
0.410 0.006175
0.415 0.006521
0.420 0.010144
0.425 0.011948
0.430 0.015317
0.435 0.018997
0.440 0.020636
0.445 0.022238
0.450 0.023889
0.455 0.025823
0.460 0.028208
0.465 0.029733
0.470 0.028529
0.475 0.033060
0.480 0.033181
0.485 0.034189
0.490 0.036732
0.495 0.038292
0.500 0.041197
0.505 0.042274
0.510 0.043781
0.515 0.048013
0.520 0.050604
0.525 0.048383
0.530 0.052461
0.535 0.054301
0.540 0.057569
0.545 0.056636
0.550 0.061007
0.555 0.062250
0.560 0.066354
0.565 0.068416
0.570 0.074054
0.575 0.076004
0.580 0.077308
0.585 0.083215
0.590 0.084016
0.595 0.084132
0.600 0.086763
0.605 0.090650
0.610 0.091147
0.615 0.092268
0.620 0.096357
0.625 0.095032
0.630 0.099469
0.635 0.101610
0.640 0.101340
0.645 0.106210
0.650 0.107230
0.655 0.106600
0.660 0.109620
0.665 0.115230
0.670 0.117550
0.675 0.117350
0.680 0.118590
0.685 0.121290
0.690 0.124070
0.695 0.128180
0.700 0.130040
0.705 0.131010
0.710 0.134420
0.715 0.138580
0.720 0.143000
0.725 0.143930
0.730 0.144210
0.735 0.150860
0.740 0.151080
0.745 0.152880
0.750 0.156050
0.755 0.156290
0.760 0.156720
0.765 0.161510
0.770 0.164500
0.775 0.167060
0.780 0.167060
0.785 0.171340
0.790 0.174590
0.795 0.176400
0.800 0.182540
0.805 0.186390
0.810 0.189600
0.815 0.189790
0.820 0.190590
0.825 0.190860
0.830 0.194260
0.835 0.195280
0.840 0.195480
0.845 0.199440
0.850 0.201100
0.855 0.203460
0.860 0.202910
0.865 0.205580
0.870 0.204640
0.875 0.206740
0.880 0.208560
0.885 0.211800
0.890 0.208980
0.895 0.209360
0.900 0.211630
0.905 0.211060
0.910 0.214200
0.915 0.215970
0.920 0.217910
0.925 0.219260
0.930 0.222560
0.935 0.221880
0.940 0.222120
0.945 0.225080
0.950 0.227980
0.955 0.228550
0.960 0.231190
0.965 0.233590
0.970 0.234280
0.975 0.236720
0.980 0.236200
0.985 0.235620
0.990 0.238840
0.995 0.242120
1.000 0.242650
1.005 0.244980
1.010 0.244040
1.015 0.246000
1.020 0.250640
1.025 0.252250
1.030 0.252270
1.035 0.254650
1.040 0.253530
1.045 0.254380
1.050 0.256600
1.055 0.256710
1.060 0.259140
1.065 0.260930
1.070 0.263110
1.075 0.269420
1.080 0.267060
1.085 0.265900
1.090 0.268470
1.095 0.269220
1.100 0.271450
1.105 0.274190
1.110 0.274810
1.115 0.276600
1.120 0.276810
1.125 0.279740
1.130 0.282540
1.135 0.280710
1.140 0.281980
1.145 0.280750
1.150 0.283420
1.155 0.286400
1.160 0.285530
1.165 0.287270
1.170 0.287860
1.175 0.289890
1.180 0.292090
1.185 0.292660
1.190 0.293360
1.195 0.294080
1.200 0.296130
1.205 0.294920
1.210 0.295570
1.215 0.295350
1.220 0.299070
1.225 0.302040
1.230 0.303420
1.235 0.303860
1.240 0.302090
1.245 0.301660
1.250 0.303160
1.255 0.306540
1.260 0.306850
1.265 0.305080
1.270 0.305610
1.275 0.308480
1.280 0.313050
1.285 0.313100
1.290 0.315380
1.295 0.317120
1.300 0.317000
1.305 0.317490
1.310 0.316480
1.315 0.316540
1.320 0.319260
1.325 0.318040
1.330 0.318130
1.335 0.320830
1.340 0.320360
1.345 0.323730
1.350 0.321780
1.355 0.321070
1.360 0.322460
1.365 0.322610
1.370 0.322690
1.375 0.323130
1.380 0.321390
1.385 0.319740
1.390 0.321010
1.395 0.317790
1.400 0.313610
1.405 0.314200
1.410 0.311560
1.415 0.312800
1.420 0.313240
1.425 0.311350
1.430 0.310970
1.435 0.312100
1.440 0.312050
1.445 0.311370
1.450 0.312660
1.455 0.314600
1.460 0.315210
1.465 0.314710
1.470 0.315050
1.475 0.314970
1.480 0.315530
1.485 0.317690
1.490 0.320830
1.495 0.323060
1.500 0.324610
1.505 0.327900
1.510 0.328280
1.515 0.329110
1.520 0.329910
1.525 0.330180
1.530 0.329720
1.535 0.331960
1.540 0.335650
1.545 0.333820
1.550 0.332850
1.555 0.337400
1.560 0.338140
1.565 0.337100
1.570 0.335610
1.575 0.336450
1.580 0.337820
1.585 0.337980
1.590 0.339190
1.595 0.340450
1.600 0.341840
1.605 0.344140
1.610 0.340970
1.615 0.343650
1.620 0.342150
1.625 0.343440
1.630 0.343220
1.635 0.341640
1.640 0.342580
1.645 0.340810
1.650 0.342080
1.655 0.343070
1.660 0.340530
1.665 0.340830
1.670 0.341420
1.675 0.341210
1.680 0.346340
1.685 0.343760
1.690 0.344420
1.695 0.343360
1.700 0.347380
1.705 0.347620
1.710 0.347910
1.715 0.349800
1.720 0.347990
1.725 0.349130
1.730 0.349450
1.735 0.348870
1.740 0.350070
1.745 0.349750
1.750 0.351540
1.755 0.352520
1.760 0.352620
1.765 0.352840
1.770 0.352540
1.775 0.352410
1.780 0.354300
1.785 0.352770
1.790 0.348790
1.795 0.352330
1.800 0.358780
1.805 0.352780
1.810 0.352950
1.815 0.351530
1.820 0.353150
1.825 0.356730
1.830 0.357310
1.835 0.356930
1.840 0.357200
1.845 0.357100
1.850 0.356040
1.855 0.354350
1.860 0.349780
1.865 0.346300
1.870 0.342680
1.875 0.338500
1.880 0.333800
1.885 0.323050
1.890 0.314350
1.895 0.303130
1.900 0.291490
1.905 0.285920
1.910 0.279870
1.915 0.277080
1.920 0.276000
1.925 0.280420
1.930 0.282700
1.935 0.285390
1.940 0.288600
1.945 0.291650
1.950 0.293300
1.955 0.293780
1.960 0.296130
1.965 0.299700
1.970 0.303160
1.975 0.307170
1.980 0.310820
1.985 0.317430
1.990 0.316780
1.995 0.319110
2.000 0.320740
2.005 0.326660
2.010 0.326110
2.015 0.325440
2.020 0.323840
2.025 0.323440
2.030 0.322270
2.035 0.322020
2.040 0.323950
2.045 0.326060
2.050 0.324820
2.055 0.324160
2.060 0.323090
2.065 0.324500
2.070 0.322060
2.075 0.320640
2.080 0.318780
2.085 0.317330
2.090 0.317260
2.095 0.317400
2.100 0.316860
2.105 0.316400
2.110 0.316690
2.115 0.315490
2.120 0.314030
2.125 0.314660
2.130 0.313250
2.135 0.313110
2.140 0.312890
2.145 0.312850
2.150 0.313140
2.155 0.313960
2.160 0.314750
2.165 0.314880
2.170 0.317340
2.175 0.317640
2.180 0.317970
2.185 0.317350
2.190 0.317470
2.195 0.319110
2.200 0.316810
2.205 0.319530
2.210 0.319400
2.215 0.320210
2.220 0.319910
2.225 0.319230
2.230 0.319010
2.235 0.317190
2.240 0.315670
2.245 0.313710
2.250 0.311300
2.255 0.308790
2.260 0.305210
2.265 0.303920
2.270 0.302190
2.275 0.302990
2.280 0.302210
2.285 0.302320
2.290 0.303490
2.295 0.303160
2.300 0.303340
2.305 0.303160
2.310 0.303280
2.315 0.303050
2.320 0.303380
2.325 0.302820
2.330 0.301280
2.335 0.301030
2.340 0.301030
2.345 0.300180
2.350 0.300820
2.355 0.301030
2.360 0.300800
2.365 0.300390
2.370 0.299120
2.375 0.298360
2.380 0.297700
2.385 0.297530
2.390 0.297150
2.395 0.297130
2.400 0.296030
2.405 0.294420
2.410 0.294400
2.415 0.292750
2.420 0.291500
2.425 0.288920
2.430 0.287770
2.435 0.285100
2.440 0.283730
2.445 0.280750
2.450 0.279680
2.455 0.277400
2.460 0.274550
2.465 0.272840
2.470 0.271000
2.475 0.268320
2.480 0.266520
2.485 0.265390
2.490 0.264050
2.495 0.263090
2.500 0.261340
