0.350 0.042600
0.355 0.045780
0.360 0.049900
0.365 0.055070
0.370 0.061800
0.375 0.070387
0.380 0.084800
0.385 0.104980
0.390 0.136100
0.395 0.177390
0.400 0.219400
0.405 0.251420
0.410 0.268500
0.415 0.275770
0.420 0.279000
0.425 0.280890
0.430 0.282500
0.435 0.284350
0.440 0.285900
0.445 0.287310
0.450 0.288500
0.455 0.289660
0.460 0.290700
0.465 0.291460
0.470 0.291900
0.475 0.292550
0.480 0.292900
0.485 0.293500
0.490 0.294000
0.495 0.294920
0.500 0.295600
0.505 0.295930
0.510 0.296500
0.515 0.297050
0.520 0.297600
0.525 0.298150
0.530 0.298700
0.535 0.299460
0.540 0.300100
0.545 0.300740
0.550 0.301500
0.555 0.302320
0.560 0.303000
0.565 0.303910
0.570 0.304600
0.575 0.305070
0.580 0.305600
0.585 0.306000
0.590 0.306200
0.595 0.306530
0.600 0.306400
0.605 0.306300
0.610 0.306100
0.615 0.305910
0.620 0.305700
0.625 0.305360
0.630 0.304900
0.635 0.304440
0.640 0.304000
0.645 0.303650
0.650 0.303100
0.655 0.302710
0.660 0.302200
0.665 0.301800
0.670 0.301300
0.675 0.300850
0.680 0.300300
0.685 0.299940
0.690 0.299200
0.695 0.298920
0.700 0.298300
0.705 0.297790
0.710 0.297200
0.715 0.297070
0.720 0.296600
0.725 0.296020
0.730 0.295700
0.735 0.295130
0.740 0.294800
0.745 0.294460
0.750 0.294000
0.755 0.293590
0.760 0.293400
0.765 0.293120
0.770 0.292700
0.775 0.292130
0.780 0.291900
0.785 0.291490
0.790 0.291300
0.795 0.290610
0.800 0.290200
0.805 0.290050
0.810 0.289590
0.815 0.288950
0.820 0.288200
0.825 0.287450
0.830 0.286720
0.835 0.286060
0.840 0.285500
0.845 0.285050
0.850 0.284670
0.855 0.284270
0.860 0.283800
0.865 0.283200
0.870 0.282550
0.875 0.281950
0.880 0.281500
0.885 0.281260
0.890 0.281120
0.895 0.280920
0.900 0.280500
0.905 0.279760
0.910 0.278830
0.915 0.277880
0.920 0.277100
0.925 0.276610
0.930 0.276310
0.935 0.276050
0.940 0.275700
0.945 0.275140
0.950 0.274410
0.955 0.273600
0.960 0.272800
0.965 0.272060
0.970 0.271410
0.975 0.270850
0.980 0.270400
0.985 0.270050
0.990 0.269740
0.995 0.269380
1.000 0.268900
1.005 0.268230
1.010 0.267440
1.015 0.266630
1.020 0.265900
1.025 0.265310
1.030 0.264830
1.035 0.264380
1.040 0.263900
1.045 0.263330
1.050 0.262700
1.055 0.262050
1.060 0.261400
1.065 0.260790
1.070 0.260210
1.075 0.259660
1.080 0.259100
1.085 0.258540
1.090 0.257980
1.095 0.257430
1.100 0.256900
1.105 0.256400
1.110 0.255910
1.115 0.255420
1.120 0.254900
1.125 0.254340
1.130 0.253760
1.135 0.253180
1.140 0.252600
1.145 0.252050
1.150 0.251520
1.155 0.251000
1.160 0.250500
1.165 0.250000
1.170 0.249500
1.175 0.249000
1.180 0.248500
1.185 0.248000
1.190 0.247510
1.195 0.247040
1.200 0.246600
1.205 0.246200
1.210 0.245830
1.215 0.245470
1.220 0.245100
1.225 0.244710
1.230 0.244310
1.235 0.243900
1.240 0.243500
1.245 0.243120
1.250 0.242740
1.255 0.242370
1.260 0.242000
1.265 0.241620
1.270 0.241220
1.275 0.240820
1.280 0.240400
1.285 0.239970
1.290 0.239540
1.295 0.239110
1.300 0.238700
1.305 0.238310
1.310 0.237930
1.315 0.237570
1.320 0.237200
1.325 0.236830
1.330 0.236450
1.335 0.236070
1.340 0.235700
1.345 0.235330
1.350 0.234960
1.355 0.234590
1.360 0.234200
1.365 0.233790
1.370 0.233330
1.375 0.232780
1.380 0.232100
1.385 0.231270
1.390 0.230370
1.395 0.229520
1.400 0.228800
1.405 0.228310
1.410 0.228020
1.415 0.227860
1.420 0.227800
1.425 0.227790
1.430 0.227800
1.435 0.227810
1.440 0.227800
1.445 0.227740
1.450 0.227620
1.455 0.227450
1.460 0.227200
1.465 0.226880
1.470 0.226520
1.475 0.226150
1.480 0.225800
1.485 0.225510
1.490 0.225260
1.495 0.225030
1.500 0.224800
1.505 0.224560
1.510 0.224310
1.515 0.224060
1.520 0.223800
1.525 0.223540
1.530 0.223280
1.535 0.223000
1.540 0.222700
1.545 0.222380
1.550 0.222050
1.555 0.221720
1.560 0.221400
1.565 0.221110
1.570 0.220830
1.575 0.220570
1.580 0.220300
1.585 0.220030
1.590 0.219760
1.595 0.219510
1.600 0.219300
1.605 0.219140
1.610 0.218980
1.615 0.218790
1.620 0.218500
1.625 0.218090
1.630 0.217590
1.635 0.217070
1.640 0.216600
1.645 0.216210
1.650 0.215880
1.655 0.215560
1.660 0.215200
1.665 0.214770
1.670 0.214350
1.675 0.213990
1.680 0.213800
1.685 0.213820
1.690 0.213960
1.695 0.214100
1.700 0.214100
1.705 0.213870
1.710 0.213460
1.715 0.212940
1.720 0.212400
1.725 0.211890
1.730 0.211440
1.735 0.211040
1.740 0.210700
1.745 0.210430
1.750 0.210210
1.755 0.210010
1.760 0.209800
1.765 0.209570
1.770 0.209320
1.775 0.209060
1.780 0.208800
1.785 0.208540
1.790 0.208260
1.795 0.207920
1.800 0.207500
1.805 0.206980
1.810 0.206410
1.815 0.205860
1.820 0.205400
1.825 0.205080
1.830 0.204880
1.835 0.204770
1.840 0.204700
1.845 0.204650
1.850 0.204570
1.855 0.204400
1.860 0.204100
1.865 0.203620
1.870 0.202980
1.875 0.202200
1.880 0.201300
1.885 0.200300
1.890 0.199250
1.895 0.198170
1.900 0.197100
1.905 0.196100
1.910 0.195240
1.915 0.194640
1.920 0.194400
1.925 0.194590
1.930 0.195020
1.935 0.195470
1.940 0.195700
1.945 0.195550
1.950 0.195150
1.955 0.194670
1.960 0.194300
1.965 0.194190
1.970 0.194380
1.975 0.194880
1.980 0.195700
1.985 0.196840
1.990 0.198140
1.995 0.199370
2.000 0.200330
2.005 0.200850
2.010 0.200970
2.015 0.200740
2.020 0.200220
2.025 0.199470
2.030 0.198510
2.035 0.197400
2.040 0.196170
2.045 0.194880
2.050 0.193710
2.055 0.192880
2.060 0.192610
2.065 0.193050
2.070 0.194010
2.075 0.195230
2.080 0.196450
2.085 0.197430
2.090 0.198030
2.095 0.198160
2.100 0.197660
2.105 0.196460
2.110 0.194860
2.115 0.193180
2.120 0.191780
2.125 0.190920
2.130 0.190500
2.135 0.190350
2.140 0.190310
2.145 0.190220
2.150 0.190060
2.155 0.189770
2.160 0.189330
2.165 0.188700
2.170 0.187840
2.175 0.186720
2.180 0.185290
2.185 0.183570
2.190 0.181780
2.195 0.180260
2.200 0.179300
2.205 0.179140
2.210 0.179500
2.215 0.180010
2.220 0.180290
2.225 0.180060
2.230 0.179460
2.235 0.178690
2.240 0.177940
2.245 0.177380
2.250 0.176920
2.255 0.176450
2.260 0.175830
2.265 0.174980
2.270 0.174010
2.275 0.173100
2.280 0.172380
2.285 0.171970
2.290 0.171710
2.295 0.171380
2.300 0.170750
2.305 0.169690
2.310 0.168300
2.315 0.166780
2.320 0.165320
2.325 0.164070
2.330 0.163060
2.335 0.162330
2.340 0.161890
2.345 0.161750
2.350 0.161860
2.355 0.162140
2.360 0.162510
2.365 0.162900
2.370 0.163210
2.375 0.163310
2.380 0.163070
2.385 0.162430
2.390 0.161590
2.395 0.160800
2.400 0.160340
2.405 0.160390
2.410 0.160720
2.415 0.161050
2.420 0.161080
2.425 0.160570
2.430 0.159650
2.435 0.158480
2.440 0.157230
2.445 0.156030
2.450 0.154880
2.455 0.153750
2.460 0.152600
2.465 0.151470
2.470 0.150690
2.475 0.150670
2.480 0.151850
2.485 0.154500
2.490 0.157990
2.495 0.161540
2.500 0.164330
