0.350 0.016893
0.355 0.016212
0.360 0.016228
0.365 0.015665
0.370 0.015119
0.375 0.015056
0.380 0.014945
0.385 0.015385
0.390 0.014453
0.395 0.015007
0.400 0.015206
0.405 0.016140
0.410 0.017765
0.415 0.018400
0.420 0.019754
0.425 0.020985
0.430 0.021826
0.435 0.022308
0.440 0.022815
0.445 0.023026
0.450 0.023249
0.455 0.023346
0.460 0.023316
0.465 0.023277
0.470 0.023225
0.475 0.023101
0.480 0.022982
0.485 0.022930
0.490 0.022906
0.495 0.023090
0.500 0.023491
0.505 0.024336
0.510 0.025857
0.515 0.028362
0.520 0.032271
0.525 0.036941
0.530 0.041443
0.535 0.044716
0.540 0.046699
0.545 0.047950
0.550 0.049024
0.555 0.049183
0.560 0.048054
0.565 0.045904
0.570 0.042807
0.575 0.039518
0.580 0.036925
0.585 0.035081
0.590 0.033768
0.595 0.032955
0.600 0.032374
0.605 0.031588
0.610 0.030376
0.615 0.028840
0.620 0.027618
0.625 0.026938
0.630 0.026681
0.635 0.026332
0.640 0.025430
0.645 0.024327
0.650 0.023316
0.655 0.022753
0.660 0.021553
0.665 0.020622
0.670 0.020157
0.675 0.020057
0.680 0.020429
0.685 0.021709
0.690 0.025201
0.695 0.033031
0.700 0.046726
0.705 0.064174
0.710 0.084028
0.715 0.107538
0.720 0.138414
0.725 0.175742
0.730 0.219787
0.735 0.268764
0.740 0.318360
0.745 0.363739
0.750 0.400816
0.755 0.428489
0.760 0.450266
0.765 0.457836
0.770 0.465751
0.775 0.470529
0.780 0.473632
0.785 0.475589
0.790 0.477444
0.795 0.479150
0.800 0.480492
0.805 0.481891
0.810 0.482919
0.815 0.483591
0.820 0.484392
0.825 0.484682
0.830 0.483874
0.835 0.483507
0.840 0.484469
0.845 0.485102
0.850 0.485900
0.855 0.485673
0.860 0.486775
0.865 0.487311
0.870 0.487188
0.875 0.487379
0.880 0.487258
0.885 0.486773
0.890 0.485547
0.895 0.484405
0.900 0.483226
0.905 0.483813
0.910 0.481638
0.915 0.479780
0.920 0.477742
0.925 0.474101
0.930 0.465887
0.935 0.452704
0.940 0.447307
0.945 0.434042
0.950 0.420251
0.955 0.405466
0.960 0.396265
0.965 0.393408
0.970 0.393081
0.975 0.391810
0.980 0.392248
0.985 0.390729
0.990 0.394268
0.995 0.400559
1.000 0.407698
1.005 0.413239
1.010 0.419284
1.015 0.424920
1.020 0.430344
1.025 0.436101
1.030 0.441864
1.035 0.447269
1.040 0.452491
1.045 0.457192
1.050 0.461095
1.055 0.464125
1.060 0.466804
1.065 0.469228
1.070 0.470490
1.075 0.471167
1.080 0.470819
1.085 0.469372
1.090 0.466880
1.095 0.463132
1.100 0.457879
1.105 0.452684
1.110 0.449116
1.115 0.446434
1.120 0.443539
1.125 0.433866
1.130 0.421627
1.135 0.403125
1.140 0.385217
1.145 0.366677
1.150 0.346763
1.155 0.332323
1.160 0.323518
1.165 0.318487
1.170 0.315422
1.175 0.312917
1.180 0.310900
1.185 0.308772
1.190 0.307100
1.195 0.306532
1.200 0.306434
1.205 0.306611
1.210 0.307411
1.215 0.308499
1.220 0.309459
1.225 0.310384
1.230 0.311951
1.235 0.314130
1.240 0.316357
1.245 0.318387
1.250 0.320268
1.255 0.321895
1.260 0.323037
1.265 0.323817
1.270 0.323716
1.275 0.323094
1.280 0.321905
1.285 0.319741
1.290 0.316384
1.295 0.312473
1.300 0.307233
1.305 0.300941
1.310 0.294328
1.315 0.287015
1.320 0.279261
1.325 0.271736
1.330 0.263300
1.335 0.253333
1.340 0.246621
1.345 0.244816
1.350 0.245693
1.355 0.244524
1.360 0.240521
1.365 0.235840
1.370 0.230115
1.375 0.221146
1.380 0.209932
1.385 0.195801
1.390 0.186824
1.395 0.177084
1.400 0.168530
1.405 0.161074
1.410 0.141647
1.415 0.124884
1.420 0.107254
1.425 0.092751
1.430 0.085868
1.435 0.081723
1.440 0.075959
1.445 0.070153
1.450 0.063673
1.455 0.059909
1.460 0.059643
1.465 0.061642
1.470 0.063844
1.475 0.065069
1.480 0.067657
1.485 0.070664
1.490 0.072730
1.495 0.074677
1.500 0.076940
1.505 0.078919
1.510 0.080360
1.515 0.081515
1.520 0.082658
1.525 0.084604
1.530 0.087033
1.535 0.089792
1.540 0.092646
1.545 0.095618
1.550 0.098891
1.555 0.102187
1.560 0.105285
1.565 0.108337
1.570 0.111242
1.575 0.114226
1.580 0.117255
1.585 0.120076
1.590 0.122758
1.595 0.125408
1.600 0.128080
1.605 0.130589
1.610 0.133094
1.615 0.135685
1.620 0.138174
1.625 0.140053
1.630 0.141630
1.635 0.143047
1.640 0.144401
1.645 0.145705
1.650 0.147158
1.655 0.148192
1.660 0.148915
1.665 0.149622
1.670 0.150163
1.675 0.150573
1.680 0.150639
1.685 0.150547
1.690 0.150176
1.695 0.149497
1.700 0.148783
1.705 0.147597
1.710 0.146643
1.715 0.145330
1.720 0.143846
1.725 0.142173
1.730 0.140437
1.735 0.138831
1.740 0.137063
1.745 0.135699
1.750 0.133880
1.755 0.131474
1.760 0.128936
1.765 0.126324
1.770 0.124192
1.775 0.122560
1.780 0.121029
1.785 0.119911
1.790 0.120016
1.795 0.121512
1.800 0.123773
1.805 0.127764
1.810 0.134176
1.815 0.145549
1.820 0.163387
1.825 0.180468
1.830 0.197861
1.835 0.203623
1.840 0.196684
1.845 0.194307
1.850 0.185715
1.855 0.184878
1.860 0.176875
1.865 0.175494
1.870 0.179128
1.875 0.182372
1.880 0.186183
1.885 0.134949
1.890 0.093772
1.895 0.054188
1.900 0.092680
1.905 0.057971
1.910 0.043213
1.915 0.068071
1.920 0.033734
1.925 0.048775
1.930 0.030065
1.935 0.021401
1.940 0.021804
1.945 0.021376
1.950 0.017814
1.955 0.018793
1.960 0.017375
1.965 0.017905
1.970 0.017546
1.975 0.017862
1.980 0.018275
1.985 0.018963
1.990 0.020124
1.995 0.019984
2.000 0.021989
2.005 0.023306
2.010 0.024703
2.015 0.026652
2.020 0.027078
2.025 0.027500
2.030 0.028276
2.035 0.028965
2.040 0.029656
2.045 0.031214
2.050 0.031806
2.055 0.033680
2.060 0.034622
2.065 0.036564
2.070 0.037607
2.075 0.038570
2.080 0.039862
2.085 0.040802
2.090 0.042612
2.095 0.044131
2.100 0.045090
2.105 0.046898
2.110 0.048318
2.115 0.049736
2.120 0.051187
2.125 0.052263
2.130 0.053523
2.135 0.054913
2.140 0.055669
2.145 0.056249
2.150 0.058165
2.155 0.058164
2.160 0.059100
2.165 0.059812
2.170 0.060396
2.175 0.060921
2.180 0.061737
2.185 0.062079
2.190 0.062848
2.195 0.063321
2.200 0.063958
2.205 0.063957
2.210 0.064012
2.215 0.064335
2.220 0.064679
2.225 0.064453
2.230 0.064223
2.235 0.064167
2.240 0.062681
2.245 0.062253
2.250 0.061644
2.255 0.060504
2.260 0.058922
2.265 0.057923
2.270 0.056610
2.275 0.055726
2.280 0.055389
2.285 0.053977
2.290 0.053085
2.295 0.052010
2.300 0.049726
2.305 0.049435
2.310 0.048516
2.315 0.047317
2.320 0.046833
2.325 0.046335
2.330 0.044708
2.335 0.043422
2.340 0.043545
2.345 0.041685
2.350 0.041059
2.355 0.039966
2.360 0.039546
2.365 0.037020
2.370 0.037849
2.375 0.036515
2.380 0.036606
2.385 0.035088
2.390 0.033754
2.395 0.032352
2.400 0.032188
2.405 0.031593
2.410 0.031119
2.415 0.031738
2.420 0.029112
2.425 0.029045
2.430 0.026744
2.435 0.029356
2.440 0.026314
2.445 0.029575
2.450 0.028688
2.455 0.023823
2.460 0.022695
2.465 0.026766
2.470 0.026423
2.475 0.024340
2.480 0.033938
2.485 0.061151
2.490 0.053439
2.495 0.022963
2.500 0.065245
